8.478605966079339140e+00 8.546817532415873941e+00
2.215953673547954583e-01 3.009695602634288036e-01
9.230648846375932859e-01 9.426144923011769983e-01
1.423064884637593286e+00 1.442614492301176998e+00
1.923064884637593286e+00 1.942614492301176998e+00
2.423064884637593508e+00 2.442614492301176998e+00
7.165081618516972561e+00 7.132536907978924923e+00
2.723064884637593330e+00 2.742614492301177265e+00
7.022587671470202686e+00 7.014018955109611930e+00
3.272917932909313432e+00 3.298449999097402330e+00
5.996613873566101205e+00 5.958388177798049412e+00
6.376894594566994812e+00 6.358885408738438549e+00
6.209941692305336325e+00 6.191678471380766879e+00
7.823812899532279985e+00 7.870266865213088714e+00
6.332669456672186392e+00 6.331479870821105749e+00
6.668127964059974211e+00 6.641109586760317818e+00
5.717343150173714861e+00 5.700123644773582576e+00
7.394727409432081622e+00 7.448687745491971768e+00
3.443421869588006778e+00 3.360239646039339334e+00
4.336752363035363267e+00 4.360956559581794068e+00
3.546940279237140281e+00 3.478897434676992972e+00
6.082174477595044593e+00 6.073610610384857722e+00
3.357015626531578700e+00 3.308329592485768522e+00
5.066772594053841949e+00 5.047984975035990196e+00
5.360163533819395809e+00 5.337864940576581674e+00
4.401289385960954093e+00 4.387819322849524362e+00
4.549046484399260848e+00 4.565261037690351742e+00
7.308875756955660385e+00 7.255564568389703872e+00
5.597500729127355967e+00 5.606511817476121706e+00
7.029693008631597628e+00 7.060637177751257099e+00
4.099272928040408104e+00 4.125519984202827395e+00
3.150321454483373973e+00 3.120494814069687095e+00
6.464797299636686922e+00 6.445522335374046285e+00
4.280199283964784662e+00 4.282526113414212077e+00
2.971550501370695319e+00 2.956413442356936372e+00
6.517897965443340880e+00 6.507995327420753817e+00
4.134761645392876162e+00 4.129770612936386698e+00
6.198393589357975131e+00 6.225495556184092116e+00
6.270254806646775592e+00 6.299563557074377762e+00
6.167572796382498446e+00 6.202634830849159897e+00
5.883509654324742044e+00 5.885552113594171963e+00
6.260749166638691854e+00 6.304343041728176722e+00
6.756449298152263694e+00 6.761855941557632477e+00
6.246945061917685393e+00 6.268378734825665433e+00
4.179742436351594037e+00 4.224668650517478419e+00
5.716994117123360475e+00 5.717516590506821927e+00
6.957793353297373251e+00 7.006938292740516161e+00
4.935037091103059659e+00 4.919354881769661070e+00
3.171705850830343731e+00 3.194920958458996818e+00
6.668751687918186732e+00 6.688825870185986844e+00
5.442632276289643301e+00 5.421585265275804311e+00
5.232884230022731842e+00 5.244845833812314062e+00
4.966193895777323064e+00 4.957400546410644537e+00
7.479106891007734070e+00 7.471418156518847553e+00
2.909371371752284663e+00 2.844871527816898560e+00
5.938555377248753153e+00 5.968766252618866730e+00
6.654535570894812402e+00 6.673068312356735809e+00
4.766749901625347619e+00 4.762153611817478982e+00
6.410635213746171956e+00 6.406536509431925097e+00
6.221202384575338584e+00 6.246268647130897911e+00
5.529493564644013759e+00 5.548529792852745501e+00
5.033802293045522624e+00 5.009299869752928736e+00
5.033845474091556582e+00 5.006052140564847264e+00
5.998786066185227028e+00 6.018766073807812589e+00
4.883278071803136555e+00 4.900404699594697711e+00
6.647252486651896497e+00 6.668757124309806272e+00
5.510454901078320589e+00 5.517655280393230832e+00
2.735672961164899331e+00 2.709426615852580156e+00
5.324523474930270339e+00 5.336719831265311242e+00
5.225311068282757709e+00 5.214665809793445739e+00
6.034582586629563927e+00 6.025378322336009340e+00
7.335462664234779773e+00 7.383696183341384334e+00
4.909322446006905594e+00 4.928391754740862218e+00
6.937632173631095078e+00 6.972086338725615562e+00
6.229274297428649021e+00 6.249468052021836861e+00
3.219287629135256790e+00 3.209426615852580156e+00
5.585760490578997484e+00 5.604200331508635280e+00
5.270050192660733046e+00 5.267960250389142729e+00
5.997177736636335688e+00 6.005714314834267320e+00
7.675560065515473873e+00 7.723310987408644301e+00
4.409322446006905594e+00 4.428391754740862218e+00
6.821180880346544129e+00 6.850640254876680046e+00
4.375809602166030210e+00 4.395526729653718156e+00
7.163895485707116428e+00 7.215915360607450424e+00
4.076860772490783269e+00 4.057498053188581366e+00
4.795376754438745337e+00 4.764014712733149359e+00
5.130348510396093964e+00 5.126496318147725439e+00
3.652533584563163682e+00 3.648794044058207842e+00
6.084034650648013631e+00 6.104200331508635280e+00
3.667566136321795511e+00 3.661024417048577284e+00
4.708940011287739758e+00 4.709341389922734322e+00
7.090622829744472000e+00 7.061772837744201503e+00
3.932591748416571331e+00 3.914397623955263583e+00
4.135039158186006425e+00 4.133580235381490553e+00
6.375412681375258295e+00 6.391951951522372610e+00
4.534827138791789558e+00 4.548621194063161788e+00
6.288768450393917853e+00 6.305530708670822548e+00
4.069957060643009328e+00 4.056709392667706027e+00
7.416150366679348238e+00 7.464654655236643954e+00
5.061218007562134247e+00 5.055269171359477731e+00
5.556062501174147350e+00 5.572565686566846033e+00
4.528293334311801033e+00 4.526296798254847431e+00
5.686970420889837285e+00 5.673814839736214033e+00
6.964817950140626657e+00 7.005532098051342693e+00
6.746432766716168317e+00 6.753757458553802273e+00
5.089530016112088440e+00 5.101342344132644868e+00
6.060327423743884445e+00 6.078637561844744575e+00
6.803416994838991982e+00 6.808927036628683815e+00
5.068355621865596738e+00 5.065646820926600569e+00
5.236980514571002665e+00 5.249850589594704076e+00
3.741616700428657794e+00 3.749566133798718059e+00
6.531302873866033032e+00 6.527477197559068856e+00
6.924311110983001782e+00 6.961958621640468969e+00
3.789075810781258546e+00 3.765669745182038675e+00
5.616035516643285597e+00 5.597415090654208392e+00
5.238174642282998228e+00 5.261422596570966448e+00
4.694411167421947972e+00 4.701114370973092704e+00
5.932785184988740745e+00 5.941335285615261697e+00
4.799846189729438883e+00 4.802312614132085322e+00
4.889581913566209082e+00 4.881896022738108520e+00
4.671913316502789293e+00 4.670085019552843164e+00
6.239876643240791054e+00 6.248087218173597357e+00
6.661705123867383449e+00 6.673935386802630099e+00
7.631619503046004560e+00 7.686791736491437099e+00
4.653124541054642904e+00 4.678612419539007306e+00
5.078596774722125673e+00 5.091577445921952716e+00
4.991087240228534228e+00 4.997136615919335334e+00
4.997794285556194538e+00 5.016635303757048803e+00
3.699979529984626314e+00 3.724857913479687088e+00
4.024923459149320593e+00 4.045247007500440084e+00
3.945982655084000701e+00 3.953064433397806443e+00
4.236217451900990305e+00 4.233541624729159736e+00
4.578627047380604331e+00 4.604857024729048121e+00
5.154304599418402688e+00 5.174510036377165889e+00
6.590901590630851459e+00 6.627089733127013993e+00
6.059015026065164733e+00 6.071719178540033290e+00
5.258596545455326066e+00 5.270668062839865442e+00
3.524796061828331162e+00 3.560739483408821737e+00
5.496855387675743998e+00 5.499134197137261815e+00
4.741654945118447984e+00 4.722251816164668270e+00
5.472026176836383371e+00 5.477432938505593540e+00
4.376396251085649780e+00 4.391076753583571524e+00
3.573729463605945345e+00 3.604083870052471994e+00
4.851540851381886732e+00 4.854458212827562846e+00
5.318145701878214560e+00 5.331936721582408722e+00
4.111983406713886069e+00 4.120623661211912037e+00
5.189229399703334522e+00 5.208273683114982511e+00
4.136233591474590021e+00 4.135249012258451984e+00
4.236117982666118387e+00 4.239494796308019176e+00
5.134349320181009979e+00 5.144867767619422771e+00
3.885047551525559140e+00 3.870692156866026412e+00
5.781592627527881056e+00 5.778307292108897819e+00
3.585011241733558229e+00 3.599135451737389246e+00
5.658603853128622241e+00 5.675223601724919575e+00
4.955156223418041961e+00 4.950219250338067312e+00
5.758596545455326066e+00 5.770668062839865442e+00
5.387367263097800674e+00 5.401883510295323099e+00
3.456357400998986140e+00 3.491779067922809343e+00
4.441736098677279365e+00 4.454626609252274605e+00
5.059182779929589202e+00 5.063080423392374740e+00
4.609353621892711139e+00 4.608242647249849000e+00
6.030204769834442757e+00 6.057075071305464853e+00
4.005534885857086280e+00 4.020545237824052265e+00
4.174177480594912559e+00 4.187596934248187353e+00
4.711399358808374238e+00 4.719241908237412630e+00
7.796881015033843454e+00 7.854132069815901396e+00
3.977268788501713281e+00 3.987980223888037301e+00
5.414267483517834378e+00 5.418879593932417471e+00
4.318844919271821681e+00 4.333063518524861379e+00
4.002449517624812714e+00 3.987376154061760047e+00
5.600194372529795572e+00 5.624860465972371770e+00
4.866327005611753798e+00 4.885704802687390824e+00
4.056311890430677636e+00 4.052344834333609036e+00
4.688610258157699384e+00 4.686830675110830846e+00
5.009429193792243495e+00 4.997059041416596514e+00
6.854530671581288814e+00 6.903646087499685002e+00
5.305000112640818166e+00 5.287400722465583236e+00
5.519211842867870921e+00 5.538936590960377160e+00
5.885355218455520898e+00 5.914531390074516004e+00
6.799614375344521733e+00 6.788061732450509922e+00
4.543378079944714543e+00 4.558648052184952171e+00
3.721974607196702145e+00 3.754644817484246389e+00
4.925768106039566163e+00 4.915460815401596406e+00
5.929843144323804438e+00 5.943668288030494296e+00
4.260934694038804871e+00 4.280362425653097880e+00
4.704069335118930439e+00 4.707635266198887614e+00
4.422572409458754628e+00 4.430315130151099901e+00
3.840178759661774688e+00 3.844300566323849644e+00
4.714625831461553673e+00 4.726060452882600238e+00
5.794508698875494801e+00 5.804904582847412620e+00
3.687399370044260216e+00 3.686302570880231499e+00
4.468485408920003010e+00 4.484705498661618606e+00
4.526701792036775807e+00 4.531489351041861013e+00
4.930250377417062069e+00 4.936418459427988736e+00
4.570579755081126017e+00 4.571128946879247756e+00
4.529886637290820417e+00 4.542945399823894448e+00
4.983964419435128690e+00 4.993468902685014754e+00
3.829887673107068125e+00 3.833811535806714410e+00
5.196824125750588053e+00 5.214037949750839118e+00
4.105676816078736024e+00 4.098612591741588318e+00
4.575177674701159880e+00 4.563545825320693083e+00
5.188610258157699384e+00 5.186830675110830846e+00
5.437296119183016252e+00 5.416149812694146526e+00
5.065946181995387043e+00 5.045497735142150830e+00
5.112292352535790840e+00 5.132771668869236414e+00
6.687718073807745078e+00 6.708105384786888337e+00
4.271371457215386691e+00 4.274402166614956755e+00
4.800332457938324637e+00 4.780546197024837518e+00
6.292977040995026528e+00 6.313625327966479794e+00
4.831971865269614419e+00 4.818551890138289551e+00
5.268414493585502179e+00 5.293787964620328523e+00
4.450514565137734913e+00 4.452221517965869069e+00
4.431552873664514003e+00 4.442446698285171358e+00
5.820277568817244784e+00 5.833272728665421347e+00
4.211850419019968150e+00 4.215884959043477487e+00
3.642192242397837898e+00 3.608601477249740785e+00
5.974410398782284304e+00 6.001590500299887943e+00
3.944543794206839760e+00 3.980658492284510075e+00
4.559523704880668937e+00 4.575998510060196978e+00
5.172088276713233235e+00 5.177942905955810637e+00
6.111872853192867439e+00 6.156764300306100779e+00
5.832053969601115995e+00 5.843927050146030311e+00
6.975884147517811051e+00 7.019796588792050152e+00
4.824665142838901133e+00 4.852065719060560944e+00
3.616693759498841310e+00 3.606203860828403940e+00
5.384625464303773867e+00 5.402804691576607254e+00
4.802252698654796426e+00 4.819827282438414073e+00
4.549791083350357646e+00 4.558471236257352288e+00
4.818729494926378365e+00 4.817763195781640917e+00
4.743064384895406604e+00 4.776877389382757855e+00
4.097361937643666074e+00 4.118273636133538140e+00
4.134846026751790582e+00 4.124503153899989449e+00
4.629160430782787827e+00 4.622090304513382542e+00
4.826689095357515669e+00 4.827460469382337749e+00
5.758731226175500595e+00 5.746090752681112690e+00
5.191709800962232890e+00 5.171795552837700427e+00
5.739734050974248269e+00 5.754618775876082282e+00
4.776470444395772397e+00 4.794268468451059917e+00
5.038642494072596456e+00 5.028929454121423781e+00
5.267937341245976235e+00 5.255646791781479976e+00
4.019160826945238796e+00 4.002281988190400597e+00
3.815272112016835582e+00 3.816997521112408087e+00
3.688002477925418798e+00 3.720175503735958067e+00
4.026873965072867101e+00 4.018302856903640752e+00
4.903556736736128130e+00 4.892321873942369059e+00
6.529612378295836628e+00 6.542424993694640811e+00
5.121598282734625585e+00 5.113851314155402505e+00
5.067384180341179878e+00 5.088804123457382644e+00
4.306503640223684926e+00 4.323086582823272295e+00
5.337749935861436867e+00 5.345119372136564628e+00
4.650479889246939003e+00 4.657350120824454542e+00
4.711850419019968150e+00 4.715884959043477487e+00
3.706119714815577559e+00 3.683115463102520248e+00
4.507693946404448759e+00 4.522969382136686534e+00
3.665581043961419372e+00 3.669382681254282907e+00
4.479269061683513797e+00 4.500012635171959374e+00
5.112512939088800223e+00 5.119937920867087655e+00
5.679129740983982266e+00 5.689489934376497082e+00
5.549386790681714032e+00 5.569354951243839835e+00
4.501812923055826587e+00 4.517157013454177417e+00
6.474961957001144519e+00 6.456497282067569010e+00
4.952803337043780729e+00 4.960969133288496202e+00
3.698239323668241596e+00 3.683168037079806556e+00
4.965939420592297537e+00 4.957787557436941661e+00
5.863803072089850410e+00 5.854782892419796880e+00
5.579342551148450902e+00 5.588507251698890954e+00
5.371416296583622518e+00 5.387898479171161270e+00
5.202987274287039554e+00 5.222948722045829051e+00
3.526701792036775807e+00 3.531489351041861013e+00
4.638305136369892168e+00 4.654948087336695295e+00
5.138549583049855762e+00 5.150970364322095207e+00
4.557535874045421487e+00 4.563391231351734412e+00
4.739316227040350604e+00 4.743669430949450927e+00
6.004691341238156177e+00 6.021377275623653880e+00
5.243064384895406604e+00 5.276877389382757855e+00
4.583712856822316439e+00 4.574172091095116244e+00
5.096466206931736131e+00 5.106550699296897200e+00
4.222457021341694983e+00 4.244244967442496019e+00
3.766856329350534160e+00 3.762862244263053935e+00
5.759512192147057341e+00 5.761619275582849475e+00
5.696154213307289993e+00 5.717172211799268489e+00
5.883242648843780565e+00 5.870412950566274546e+00
5.784966776867769944e+00 5.789780471138621820e+00
4.221161072774189726e+00 4.201937182762798706e+00
5.279351706122437093e+00 5.305130798103249390e+00
5.538642494072596456e+00 5.528929454121423781e+00
4.927015668041339502e+00 4.915221553701387691e+00
3.813105562989869579e+00 3.811616764724527151e+00
3.783890572471168223e+00 3.787133389104381020e+00
6.065064162402532766e+00 6.085717831212688722e+00
3.455452913321170438e+00 3.481894312215278120e+00
3.953981243445040761e+00 3.936908958557014948e+00
4.508741452270153438e+00 4.503487294022820997e+00
6.890156473184753771e+00 6.903024013576477103e+00
5.877404207272507897e+00 5.886823343959115995e+00
5.507956282016407634e+00 5.509869608825892939e+00
4.900764431090828488e+00 4.915642542322946618e+00
5.247452997283337695e+00 5.219289191633836644e+00
4.401394822836774523e+00 4.419768327653586404e+00
5.039006534719812969e+00 5.066808505693233045e+00
