2.652542835615074451e-03 6.808765777169336619e-01
2.781711489099543758e-02 9.821322906789164975e-03
2.564543844078255933e-02 6.773269491246591834e-02
2.253805967572726845e-02 1.505961286472736749e-01
2.161229126658155766e-02 1.752832862244926293e-01
2.448289700766588875e-02 9.873379979557861397e-02
2.159656148758999986e-02 1.757027469976037981e-01
2.587787887789379584e-02 6.153428325616627781e-02
1.815893029669808992e-02 2.673729120880532495e-01
1.620010123273714700e-02 3.196083537936769137e-01
1.654462115368001210e-02 3.104211559018701383e-01
3.813221384546833931e-03 6.499251497454185955e-01
6.522076327766763298e-03 5.776890179262219593e-01
1.904755513570462536e-02 2.436762497145441575e-01
2.252235564047840380e-02 1.510149029205767324e-01
1.952063442426562115e-02 2.310608020195872303e-01
1.138029024394023384e-02 4.481366468282612647e-01
1.430674388895799079e-02 3.700978829611225596e-01
8.132571927375781967e-03 5.347424686033133145e-01
9.526752098750163739e-03 4.975643306999979476e-01
3.886115407909136038e-03 6.479813091224253530e-01
9.133895163626466057e-03 5.080405156366298858e-01
1.360426092827566463e-03 7.153330241912672083e-01
3.423006444386384600e-03 6.603308814830335383e-01
1.379604648276962567e-02 3.837164804594774825e-01
2.108742552783822791e-02 1.892797059243147562e-01
1.944733366268221533e-02 2.330154889951432384e-01
1.574352777958550401e-02 3.317836458777236874e-01
1.140666341188597069e-02 4.474333623497097623e-01
1.812010088136990077e-03 7.032907843163507255e-01
1.648966880856813158e-02 3.118865517715188052e-01
8.563958999422489199e-03 5.232388133487344550e-01
2.503690478551219914e-02 8.396025905300885661e-02
2.229414468275455266e-02 1.571005284598794294e-01
6.290054033868026223e-03 5.838762790968534677e-01
1.096613399360698085e-02 4.591808135038146776e-01
1.853988047441374604e-03 7.021713720682323245e-01
5.462169592092076115e-03 6.059531975442136176e-01
1.096449965515085626e-02 4.592243958626476275e-01
2.038263478245634988e-02 2.080741258011677974e-01
2.673115947541700524e-02 3.878013398888069396e-02
1.938222070139679690e-02 2.347518346294210634e-01
1.726780168906845783e-02 2.911363416248449187e-01
5.113185970807194308e-03 6.152594274451452794e-01
1.005478192757676761e-02 4.834835352646218443e-01
1.170305080898111430e-02 4.395296984271725993e-01
1.528161057190853891e-02 3.441014380824427565e-01
5.615862667394850433e-03 6.018547155361411161e-01
5.446483631442362167e-03 6.063714898282059895e-01
1.276480643290363662e-02 4.112162151225720041e-01
1.621728573066401682e-02 3.191501005156285320e-01
1.407680422064879269e-02 3.762296074493678422e-01
6.296913554109835609e-04 7.348192838557079387e-01
1.712456421915227803e-02 2.949560074892734196e-01
1.566541068450851351e-02 3.338667684131071400e-01
2.708447309206259493e-02 2.935843754499978253e-02
2.102661613814145805e-02 1.909012896495634326e-01
2.691356321629097617e-02 3.391603423224442970e-02
3.313029848412158557e-03 6.632635907090114191e-01
1.642352890241445887e-02 3.136502826022848911e-01
2.220591514732158170e-02 1.594533160714253217e-01
2.341468449167057389e-02 1.272194668887884905e-01
2.222117671806807596e-02 1.590463408515188082e-01
4.285809280029823781e-03 6.373228058658721995e-01
1.296135816666662069e-02 4.059748355555605759e-01
2.224990124482147461e-02 1.582803534714296578e-01
7.717257669118533087e-03 5.458175154901747650e-01
1.480331229365513049e-02 3.568560588358640207e-01
1.114363010826887115e-02 4.544475837795005635e-01
2.198706382169975451e-02 1.652893514213407133e-01
2.010371029195108863e-02 2.155121122146399504e-01
1.772553952440632588e-02 2.789299993491669571e-01
2.649376943598754156e-02 4.511053504033601946e-02
1.503254267909167122e-02 3.507432485575592285e-01
1.684778015103190543e-02 3.023369159724833555e-01
1.071985230082835375e-02 4.657483253112462140e-01
1.893630101535610094e-03 7.011142506257208584e-01
1.901879382693334036e-03 7.008942697948452594e-01
1.816648713011311325e-02 2.671713965303192939e-01
2.181847150153067363e-02 1.697851466258495368e-01
3.919783168631792158e-04 7.411582982169842015e-01
6.953379911050456413e-03 5.661875890386582899e-01
1.620366211058795261e-02 3.195133970509902444e-01
1.580728583345488228e-02 3.300834311078706396e-01
2.415938529573876184e-02 1.073607787803034785e-01
1.656823805378400752e-02 3.097913718990954468e-01
2.605859521952087754e-04 7.446620946081285997e-01
2.469926882080992342e-03 6.857463364778439985e-01
2.238641849472207748e-02 1.546398934740802478e-01
2.684085254591790995e-02 3.585498544218990169e-02
1.831776537987857625e-02 2.631373098699054669e-01
1.954900840094649442e-02 2.303041626414306098e-01
2.046184914485900744e-02 2.059617428037621156e-01
1.910789676147846630e-02 2.420671396939113595e-01
2.279720104517742388e-02 1.436856921286058242e-01
2.422317523643265427e-02 1.056597136951300531e-01
1.917126761203310006e-02 2.403772503457848320e-01
1.685872322079403143e-02 3.020451007788296227e-01
2.581972241713200236e-02 6.308512220981410401e-02
2.103102275348496877e-02 1.907837799070712936e-01
1.414712625454169273e-02 3.743543532122253215e-01
2.702933521750622986e-03 6.795328260866508874e-01
3.029171470045517039e-03 6.708331474654551929e-01
1.691320904790923410e-02 3.005921453890894046e-01
1.984510296705395763e-02 2.224083075452301106e-01
2.518615504216599812e-02 7.998025220890903064e-02
1.462751059627794351e-02 3.615441040992586341e-01
2.657633084975226725e-02 4.290889733994185384e-02
6.050647952923943890e-03 5.902604412553638102e-01
1.908755301954297504e-02 2.426096394788548327e-01
2.547425416247580190e-02 7.229760900064907680e-02
2.014975656281310992e-02 2.142842116583179024e-01
1.558140864840458842e-02 3.361068227092147698e-01
1.225184244787088164e-02 4.248952547234454702e-01
2.303072894399156925e-02 1.374582814935589870e-01
2.280124554097058900e-02 1.435778389074517936e-01
2.734685979051317342e-02 2.236145891965102273e-02
2.501240377870369083e-02 8.461361923457055845e-02
1.072700531827937634e-02 4.655575781792189449e-01
1.325592372796265475e-02 3.981197539209981873e-01
1.240546069449173852e-02 4.207987681468907670e-01
2.187707673073909301e-02 1.682223405136265004e-01
2.434030734803112675e-02 1.025361907191737476e-01
5.611330361863960114e-04 7.366475057016999006e-01
2.664183298902907462e-02 4.116217362589513762e-02
1.170737972920961670e-02 4.394142605544140157e-01
1.425712126835206386e-02 3.714211528439472776e-01
2.835871193077251287e-02 4.621264820596548972e-03
2.621370949734765435e-02 5.257880007073301165e-02
1.649998894584421907e-02 3.116113481108231387e-01
2.768041936113315241e-02 1.346653703645306344e-02
2.208489340778559476e-02 1.626805624590546007e-01
4.756993122570236238e-03 6.247579033981278673e-01
1.922932111674120065e-03 7.003328636886909653e-01
8.881513837202776457e-03 5.147706843412616085e-01
1.945259950286655840e-02 2.328750665902259431e-01
1.304433630254194301e-02 4.037620852655490200e-01
3.304514842305279060e-03 6.634906575385282057e-01
8.232203439881475432e-03 5.320856282698296358e-01
9.547499376389840392e-03 4.970110699629384232e-01
1.915111684056476984e-02 2.409146042516099318e-01
2.092051307539784591e-02 1.937307046560612367e-01
1.648687932348632049e-02 3.119609380403656207e-01
4.706281392392670099e-03 6.261102162028644447e-01
6.348395695357240270e-03 5.823205014571410931e-01
1.372553425492768070e-03 7.150096286535270185e-01
1.525148570060748734e-02 3.449047679838026514e-01
1.803988232015714746e-02 2.705475247958102347e-01
2.392990942365787535e-02 1.134801353691241577e-01
2.104003916244464104e-02 1.905433423348104061e-01
1.765960920987448904e-02 2.806881410700159396e-01
2.557540472007987023e-02 6.960026079787096087e-02
2.715422883051095762e-02 2.749828451971159105e-02
2.558120425614681184e-02 6.944560650275399816e-02
2.001356903856950711e-02 2.179158789714821243e-01
2.793394911992004917e-02 6.705743468802483065e-03
2.213006539880487192e-02 1.614759760318709159e-01
5.554372372539157637e-03 6.034944567322899633e-01
6.248288492171367309e-03 5.849900268754339994e-01
1.238182756395208098e-02 4.214289849612786742e-01
6.656625491247309540e-03 5.741010402334059126e-01
2.705970041288481912e-02 3.001904232307528453e-02
1.958610451015048784e-02 2.293149330626544913e-01
2.577594011681213007e-02 6.425265021834403179e-02
4.104325798424852956e-04 7.406661845375375197e-01
1.558122883584818832e-02 3.361116177107172920e-01
2.023351953598314171e-02 2.120505323737866821e-01
1.148384604002468737e-02 4.453751589326773175e-01
1.384655011224008095e-02 3.823697170069320084e-01
2.484646732437941277e-02 8.903859134988612034e-02
1.909627671431242749e-02 2.423770076183375810e-01
2.349745320041981070e-02 1.250123013221406953e-01
1.480176188142586294e-02 3.568974031619778220e-01
