1.610500981634226808e-02 5.507551915642070473e-01
1.633756501303356562e-02 5.445537196524405932e-01
2.296446819763669350e-02 3.678363013963557027e-01
2.162412298578123004e-04 9.859885527962106710e-01
3.668946970470692709e-02 1.836261207819100960e-03
3.584429502731106137e-02 2.437425260503922608e-02
1.678182141014233214e-02 5.327068823962053390e-01
3.220253868469718367e-02 1.214877550747426316e-01
2.557123775983565633e-02 2.983224464043863211e-01
2.094563501152495177e-03 9.243670933026024716e-01
3.048911446987228463e-02 1.671790674700732726e-01
3.001308874174406921e-02 1.798730868868256838e-01
1.462911942653227076e-02 5.901122686258084560e-01
2.518749858198204156e-02 3.085554911471464212e-01
2.386778676227679225e-02 3.437478063392893635e-01
3.351744419365015187e-02 8.642360816933014611e-02
2.019097537938434328e-03 9.263795189883092807e-01
1.704023172895779287e-02 5.258159405611293469e-01
1.218166130541092212e-02 6.553778185223777530e-01
2.810323531047958373e-02 2.308025117205467769e-01
2.454424348998501121e-02 3.257089602670701911e-01
1.208710664799510920e-02 6.578992760534660977e-01
1.730145827359579752e-02 5.188498993707810758e-01
2.465880879859043417e-03 9.144652965370945186e-01
1.928785974461271618e-02 4.658791934769965781e-01
3.375854388900428188e-02 7.999428295988963988e-02
2.039244655992882710e-02 4.364235450685669537e-01
3.095206016252043807e-02 1.548338489994558476e-01
3.416628142192350975e-02 6.912128208204060265e-02
3.679670449518383790e-03 8.820975746795121086e-01
1.649037912781308596e-02 5.404786765916533842e-01
3.217862498406014876e-02 1.221254537583968958e-01
2.600340557513019374e-02 2.867979713298638433e-01
8.859534344411161555e-03 7.439678708157047016e-01
1.994011809507027777e-03 9.270484717464830826e-01
1.989586851930718464e-02 4.496656261518092723e-01
1.281025080453806336e-02 6.386154318789858397e-01
2.795506582598799444e-02 2.347536979736573048e-01
5.146287390569263820e-03 8.429877895848234548e-01
1.639927099092069324e-02 5.429082269087823764e-01
2.187000013165012885e-02 3.970221164893337207e-01
3.113538044058965920e-02 1.499453082509447643e-01
2.735449288156770881e-02 2.507689764915286279e-01
1.132789924425630507e-02 6.781448068198356882e-01
8.677964357508831383e-03 7.488097371331001728e-01
2.332062386778326751e-02 3.583388168591137291e-01
1.359092897581431342e-02 6.177973473116191716e-01
3.034314803560338863e-02 1.710715057172438325e-01
7.830817555180495659e-03 7.714003185285209785e-01
1.145143169058164545e-03 9.496849688251194355e-01
1.850712397476522025e-02 4.866988140062631363e-01
5.386720078364208575e-03 8.365762512436234477e-01
2.025326517438168911e-02 4.401350486831587805e-01
4.805072652099888486e-03 8.520868492773401304e-01
1.990294894664961650e-02 4.494768147560110894e-01
2.011855954484236680e-02 4.437271988042044146e-01
1.145076710426056604e-02 6.748683305530553955e-01
1.851708860704320142e-02 4.864330904788503052e-01
3.500487445421223559e-02 4.675880122100939396e-02
1.297033388507067703e-02 6.343465497314524359e-01
1.583144120563000773e-02 5.580503545165369506e-01
2.598285786767667166e-02 2.873459101952910988e-01
2.432433563092355200e-03 9.153572249842076847e-01
4.727232713392530428e-03 8.541625809762030119e-01
2.271976720155382407e-02 3.743616612919018483e-01
1.550405735382458933e-02 5.667805905646814413e-01
1.655033468232085941e-02 5.388798618047794253e-01
3.341329276719045421e-02 8.920097954159023068e-02
1.391023560303899370e-02 6.092825039189639913e-01
3.264484920553494679e-02 1.096928078524037620e-01
1.881562635612526319e-02 4.784720838366605111e-01
2.047447483055236245e-02 4.342361245186074914e-01
1.834281575125667335e-02 4.910803666331562400e-01
1.060500511017830466e-02 6.974219837285808854e-01
3.078909504986398343e-02 1.591795853369613045e-01
2.499001040707243132e-02 3.138218424780723215e-01
6.538904167058760819e-03 8.058513422117672409e-01
3.246088738114432520e-02 1.145984565028188573e-01
1.126739226313105274e-02 6.797583263165061229e-01
2.457677801459339645e-02 3.248413729441799180e-01
1.391579679422410426e-02 6.091342054873580825e-01
9.968382890049025391e-03 7.143985762653601856e-01
2.206132064162984879e-02 3.919202362232063752e-01
2.884552432880665290e-02 2.110081378984915990e-01
2.490585335688071805e-02 3.160660304831817147e-01
3.531784122765029704e-02 3.841302059599294161e-02
4.100447432013258620e-03 8.708768551463139662e-01
3.201066467323059744e-02 1.266043953805182642e-01
7.801700099982648851e-03 7.721767840004665207e-01
3.496457264224388933e-02 4.783351620683196082e-02
7.386849033805646669e-03 7.832394790985184319e-01
2.244262844302729459e-02 3.817520281859396736e-01
3.143329829837809147e-02 1.420008320432517568e-01
3.256068560636187631e-02 1.119371704970204551e-01
1.567315486719849521e-02 5.622713235413743238e-01
5.828926161262557026e-04 9.646783169033021910e-01
3.295734847210601143e-02 1.013594940771753716e-01
3.362040250945424330e-02 8.367805308122400199e-02
2.621555797782076230e-02 2.811405739247805347e-01
3.202112963161290321e-02 1.263253298236597377e-01
2.896817890897512154e-02 2.077373490939991019e-01
2.981011072384270183e-02 1.852858340308636276e-01
3.346273520046954414e-02 8.788251465414931296e-02
2.229113824081756928e-02 3.857917669115338288e-01
2.277961019745360777e-02 3.727658480679061359e-01
2.412832981641215707e-02 3.367999915623463014e-01
3.046281803638200419e-02 1.678803056964837115e-01
2.945406216642281610e-02 1.947804622287272469e-01
1.484069782017388012e-02 5.844701781286973929e-01
2.177571127054394456e-02 3.995364861188319683e-01
2.097095962470012925e-02 4.209965300079974160e-01
2.769032950294608025e-02 2.418133332547720560e-01
9.534515049414431231e-03 7.259683853489493632e-01
2.962812586593992908e-02 1.901387635749360872e-01
3.609687997396009845e-02 1.763865402773157065e-02
3.143505024595665692e-02 1.419541134411581584e-01
3.380313192909861070e-02 7.880526855737124414e-02
3.146215201113316401e-02 1.412313997031164892e-01
2.635172154732039890e-02 2.775095454047902255e-01
2.751630538932064302e-02 2.464539762847837157e-01
2.723374635206515099e-02 2.539888839449331304e-01
3.112674571540146456e-02 1.501755675892966213e-01
3.113500244299554492e-02 1.499553881867863314e-01
2.581730263382003149e-02 2.917607164314681700e-01
1.898129361447114388e-02 4.740542902807718395e-01
2.251650871267801141e-02 3.797818876619205586e-01
2.429157532163311178e-02 3.324467780897875091e-01
1.408759226216221155e-02 6.045529930090085546e-01
4.088659279889265974e-03 8.711912058696233974e-01
1.717015874625454214e-02 5.223512200998812194e-01
2.959322657232803938e-02 1.910694114045894398e-01
5.714102688596116308e-03 8.278460483041059081e-01
1.290327743242052766e-02 6.361347218021216054e-01
2.454228929564199191e-03 9.147760152116222176e-01
3.161175311886137845e-02 1.372420368303670646e-01
2.315635278861054996e-02 3.627193789703861970e-01
7.565045087939696600e-03 7.784875843216119140e-01
2.536511964855541618e-02 3.038189293718593920e-01
9.592213122671382208e-03 7.244297700621002978e-01
2.319905281410066661e-02 3.615807116239830865e-01
2.665455293969114930e-02 2.694340416082383616e-01
1.001408258539076418e-02 7.131799177229167785e-01
3.375081678977514404e-02 8.020033893933331548e-02
3.479535429912066630e-02 5.234600535678457511e-02
2.763967705515862211e-02 2.431640651957709398e-01
1.293648430323428994e-02 6.352492052470879447e-01
1.667161301744761459e-03 9.357644852868072238e-01
2.919289748903102638e-02 2.017448536258401592e-01
3.349979529934459660e-02 8.689424535081458068e-02
1.789871090717980867e-02 5.029231624752059648e-01
2.904102143660197005e-02 2.057948816906149947e-01
1.315942523188078778e-02 6.293041138165131887e-01
1.460449172212357344e-02 5.907690074100389044e-01
2.726932455370772307e-02 2.530401319011297279e-01
3.097229247979931682e-02 1.542943205386857475e-01
1.452022530346002566e-02 5.930161119077335119e-01
2.397969710709296071e-02 3.407635304775233909e-01
3.106580634343041741e-02 1.518006175085260256e-01
1.619947713279095564e-02 5.482360631255753791e-01
5.364870024659622316e-03 8.371589193424109343e-01
1.551698241301307374e-02 5.664359223196522297e-01
5.720527000290291653e-03 8.276747333255960459e-01
1.721097145371480036e-02 5.212628812342743334e-01
3.555271410643228575e-02 3.214974382847324286e-02
1.894496369319802892e-02 4.750230881813897188e-01
3.225355216842112210e-02 1.201273955087709400e-01
1.224264911580390941e-02 6.537514769118966118e-01
3.172146342057696050e-02 1.343164287846152494e-01
3.459593968343548098e-03 8.879662808441743937e-01
3.184207031735680066e-02 1.311002448704876588e-01
3.004546825129344317e-02 1.790096332988453387e-01
2.766061543230740466e-02 2.426057084718034051e-01
3.140489571272802455e-02 1.427582343272535415e-01
3.416925638482531252e-02 6.904194973799548940e-02
2.789926358610687884e-03 9.058240837703854798e-01
2.347472146855605207e-02 3.542295475051757681e-01
3.652075868048681312e-02 6.335221853685846227e-03
2.102727024812316853e-02 4.194949133833845156e-01
3.480887173488294434e-02 5.198554040312530766e-02
2.849485250460608715e-02 2.203593865438400190e-01
1.645998308022083439e-02 5.412892378607800925e-01
1.266795591173579955e-02 6.424099623537158354e-01
1.725044043671602328e-02 5.202103750209083888e-01
2.083683719267153539e-02 4.245731281954265857e-01
2.186341964752341188e-02 3.971975960660432126e-01
3.400953236016506648e-02 7.330125706226575666e-02
2.769874981746416748e-02 2.415887915342926906e-01
2.691479755396591206e-02 2.624941852275795018e-01
1.184991855352750950e-02 6.642242919059369033e-01
5.543652905969191635e-03 8.323913758408238994e-01
2.712294057644109441e-02 2.569437046282383452e-01
3.003714220106062233e-02 1.792316613050524143e-01
1.067969334436807277e-02 6.954302974835189222e-01
5.513927964660374215e-03 8.331840409423938443e-01
2.644627108535018561e-02 2.749882243906640600e-01
3.583896075553055088e-02 2.451649985252246644e-02
2.304231052121546303e-02 3.657605061009248093e-01
1.535346693260635637e-02 5.707963351305009869e-01
1.735120861916433083e-02 5.175232234889535210e-01
3.233758151105963624e-02 1.178866130384135236e-01
3.623293395630416275e-02 1.401054783189281672e-02
2.954051686328167808e-02 1.924750036458242608e-01
2.967793555353086948e-02 1.888105052391806371e-01
3.502131685842085201e-02 4.632033710877814237e-02
2.988239333945590798e-02 1.833582976145129440e-01
4.174890405053192921e-03 8.688917091985823848e-01
2.340707669342694669e-02 3.560334081752822843e-01
9.260123473595886778e-03 7.332854940374453623e-01
3.014233215155508877e-02 1.764265959585318289e-01
7.773176799490459643e-03 7.729374053469248995e-01
9.262026153359186054e-03 7.332347559104255286e-01
7.650467426376254820e-03 7.762096552966355478e-01
1.513154352209005599e-02 5.767142927442689970e-01
2.329345353821726111e-02 3.590633589808753801e-01
1.860638740842773114e-02 4.840517891085946989e-01
3.010677743512073928e-02 1.773747217301144818e-01
7.955543489252918377e-03 7.680742936199245197e-01
3.427576309793361337e-02 6.620177072177413358e-02
3.656541712364008018e-02 5.144330036268351947e-03
3.157987288213175842e-02 1.380921764764873050e-01
2.134336878391556586e-02 4.110656190955872535e-01
1.076692881954515596e-02 6.931040181454648508e-01
3.021625817214084603e-02 1.744552354095783020e-01
1.788332019086241037e-02 5.033335815770032529e-01
2.030455874597119487e-02 4.387672201074386269e-01
6.244271825788731689e-03 8.137082046456376450e-01
1.542968840682506365e-02 5.687637624846673123e-01
2.596323755238443692e-02 2.878691186030855054e-01
3.644296277385433019e-02 8.409779363886871195e-03
1.978475765840786299e-02 4.526285824424578497e-01
2.341126491874172960e-02 3.559217221668895537e-01
2.311046043166613967e-02 3.639431751555719519e-01
2.687667674338905383e-02 2.635107401762957213e-01
8.290590900024645549e-03 7.591396959993466087e-01
2.751572124670125657e-02 2.464695534213021677e-01
1.690703213722515724e-02 5.293679296739981499e-01
3.649700873196430606e-03 8.828967633814308602e-01
9.309722886633280126e-03 7.319628430231148730e-01
1.496204335068834074e-02 5.812342973149784431e-01
8.530030447429663709e-03 7.527546414018779775e-01
1.980633724510610233e-02 4.520531267971714673e-01
2.720116348102701725e-02 2.548577605059485496e-01
1.766270641408534264e-02 5.092166156243946862e-01
2.991886869562270651e-02 1.823856214500649831e-01
3.371537385353056554e-02 8.114548390585540893e-02
2.199744538526298560e-02 3.936235763929893938e-01
8.251473974680005596e-03 7.601828140085340468e-01
2.171997262914842491e-02 4.010228498893761984e-01
1.112951329473026857e-02 6.834350988071966615e-01
8.579640265400860499e-03 7.514317129226475434e-01
2.935964107630533587e-02 1.972983579651919062e-01
3.597418829628034470e-02 2.091043209919463131e-02
3.074361289820975313e-02 1.603924427144074460e-01
3.048949741814249020e-02 1.671688555162040846e-01
7.775250058441644796e-03 7.728821184415599621e-01
3.497462327517002895e-02 4.756549932880305143e-02
1.730356025764017563e-02 5.187938464629324731e-01
1.456059644900969258e-02 5.919395480264120213e-01
2.814059205352097831e-02 2.298063319061081078e-01
3.553655832379725571e-02 3.258056469874071048e-02
2.706295859813816901e-02 2.585432240496496892e-01
3.448419134354212962e-02 6.064368417221221996e-02
2.724753153027253266e-02 2.536212791927348054e-01
3.352541920302081618e-02 8.621094125278205844e-02
8.102920136162025666e-04 9.586143329702354610e-01
5.276270913668050511e-03 8.395215623021876628e-01
3.393589095963017027e-02 7.526502774319632216e-02
1.146575446147517913e-02 6.744686676939990466e-01
3.460391443229009906e-02 5.745106847226488789e-02
5.223078795873629943e-03 8.409400187767055446e-01
4.345415589977856541e-03 8.643443709339246883e-01
8.391339137193074005e-04 9.578452156341541457e-01
3.079733778998155341e-02 1.589597789338290657e-01
2.679465205503089170e-02 2.656980651991800446e-01
1.592407895601227058e-02 5.555800145063403139e-01
2.632470731058927232e-02 2.782299250509565613e-01
1.630295427645616496e-02 5.454766726278379441e-01
2.133354951306758868e-02 4.113274663181984980e-01
2.432775553311832678e-02 3.314819724501802956e-01
1.739930140179773294e-02 5.162407492853946511e-01
3.674269511782695535e-02 4.169168579502002814e-04
1.581211584607094406e-02 5.585656974381090212e-01
1.133056884256849334e-02 6.780736175315091874e-01
2.230316679667892349e-02 3.854710054218977167e-01
2.443622137196049121e-02 3.285895500810573910e-01
2.830271642329523080e-02 2.254830153787976688e-01
1.110736950284812313e-02 6.840255999240538731e-01
2.753133389940259218e-02 2.460532160159332182e-01
1.232925951072654652e-02 6.514418663806262888e-01
4.291657902695082683e-03 8.657779092614668048e-01
1.681422472268195162e-02 5.318427940618184468e-01
2.351525375642364579e-03 9.175147766495392876e-01
5.115297438178116607e-03 8.438141883152525669e-01
2.215587227320519464e-02 3.893988593811956722e-01
1.305843206605077772e-02 6.319972649053149372e-01
7.888666107694057572e-03 7.698576904614926608e-01
3.462251573139379229e-02 5.695503382949973492e-02
2.107304259862057688e-02 4.182743173701217732e-01
3.391310447804634504e-02 7.587266725210128904e-02
3.095425430452074939e-02 1.547753385461156928e-01
