1.510461958964320200e-02 8.722656842761803420e-01
2.534496200775287339e-02 5.991898864599224384e-01
4.121204362719548681e-02 1.760677099414512670e-01
3.450117032314064386e-02 3.550243313829152259e-01
1.739656540216465846e-02 8.111471292756081697e-01
1.391947668950570954e-02 9.038694949465134743e-01
4.502556505783954222e-03 1.154987366512426838e+00
4.717487432425487154e-02 1.705889135320248773e-02
2.963569209079967848e-03 1.196027027757863515e+00
1.727882076909397630e-02 8.142869861574900670e-01
4.648135313589523560e-02 3.555278970945796591e-02
1.143102185281934940e-02 9.702282905914830780e-01
2.236884337448424159e-02 6.785530500137496590e-01
4.235166356885882583e-02 1.456778448304288931e-01
2.938348284750485345e-02 4.914959973998681564e-01
2.074659273096739892e-02 7.218130671741987969e-01
2.227903844555561425e-02 6.809478481185130549e-01
3.179849849064835671e-02 4.270955802493762166e-01
3.438755658546104738e-02 3.580540310543681715e-01
4.193292251124707687e-02 1.568442730334088653e-01
3.528209759686578434e-02 3.341996040835751858e-01
3.033426644523023324e-02 4.661417681271898816e-01
4.045028322577209207e-02 1.963813206460766070e-01
3.779378683818395562e-02 2.672212243150920985e-01
1.252342309479264476e-02 9.410975908055255745e-01
3.603170892718093182e-02 3.142099686085045862e-01
3.676577454959466251e-03 1.177013474534413184e+00
3.001905550689070584e-02 4.745473931495772790e-01
4.644784066450041021e-02 3.644645561331849581e-02
1.395963194121124101e-02 9.027986882343644881e-01
4.580037644464734353e-02 5.371216814273360729e-02
2.027598602244600617e-02 7.343625794014388974e-01
2.458051374345520540e-02 6.195751735078572908e-01
8.549733657077056292e-03 1.047062642477944117e+00
1.962072657075313031e-03 1.222733602477989123e+00
3.558735876166912310e-02 3.260593063554876325e-01
3.821112695153910249e-02 2.560921546256215153e-01
8.674194446388221180e-03 1.043743688096311573e+00
4.390572870573233172e-02 1.042361078471368829e-01
4.021669026598422708e-02 2.026104662404196732e-01
2.385853858590408078e-02 6.388278443758902414e-01
2.262072088719229573e-02 6.718363163415378425e-01
3.455273127173468656e-02 3.536493727537407539e-01
3.011393615466988888e-02 4.720172425421323981e-01
4.647652090641134909e-02 3.568164916236160611e-02
4.346519341628623384e-02 1.159837155656965324e-01
3.903951963497558769e-02 2.340016830673167236e-01
2.703169940885957051e-02 5.542102224304105151e-01
5.884020207068289821e-03 1.118148334478176409e+00
2.901867417893138484e-02 5.012242285618287996e-01
3.624622286790995379e-02 3.084895968557336277e-01
4.259047553296806815e-02 1.393095257875157644e-01
4.603405794063602369e-02 4.748066158303843043e-02
4.111857404367196683e-02 1.785602321687466132e-01
3.025716457412679777e-02 4.681978180232829745e-01
1.534233965911018654e-02 8.659264824237259406e-01
2.457044942314805941e-02 6.198435553827145172e-01
1.314562067489526143e-03 1.240000551533610107e+00
3.276912152782834181e-02 4.012122992579084668e-01
2.387578907762737818e-02 6.383678312632660168e-01
2.545144593113151527e-02 5.963503151698238414e-01
3.160741406340888265e-02 4.321911649757607110e-01
6.377977296179219990e-03 1.104976145435218271e+00
2.805965709207818709e-02 5.267980175445777791e-01
2.185432470871800231e-02 6.922735477675160398e-01
2.029072214782017686e-02 7.339696160581247186e-01
7.232706414742877399e-03 1.082183368940187407e+00
4.015999615187531430e-02 2.041223092833225339e-01
3.054110311256246629e-02 4.606261236649970003e-01
2.646235439301252573e-02 5.693927561863302289e-01
1.305929029404345049e-02 9.268077988255055688e-01
2.885591617468290931e-02 5.055644420084518531e-01
3.027750291574187597e-02 4.676554622468823696e-01
4.122721988831128809e-02 1.756630096450298995e-01
4.089271559990619725e-02 1.845831240024989883e-01
1.378247281977067890e-02 9.075229314727809582e-01
5.549475099686555779e-03 1.127069537341690797e+00
3.642960602935745723e-02 3.035993792171335359e-01
7.196795701762952191e-03 1.083140987952985412e+00
4.651514338910938545e-02 3.465171629041396972e-02
9.678723189783293435e-03 1.016956254939111126e+00
1.845035718425541010e-02 7.830460150865184987e-01
1.191520770596481843e-02 9.573166678409342767e-01
1.124682151736138697e-02 9.751402995370287430e-01
2.749795586106933837e-02 5.417767170381485586e-01
4.469519950015082149e-02 8.318355332931048896e-02
1.688964335721748061e-02 8.246650504741995791e-01
7.318496000945633184e-03 1.079895646641445772e+00
1.119470481679778889e-02 9.765300782187217310e-01
4.485325803107081261e-02 7.896865917144257896e-02
3.989332779614312291e-02 2.112334654361794906e-01
4.635460249824135265e-02 3.893280671356003086e-02
4.724657924064561143e-03 1.149064662024942507e+00
2.547869361070791844e-02 5.956237103811182765e-01
3.244434617811547267e-02 4.098729752502531243e-01
3.899882638562295750e-02 2.350868363833839014e-01
1.663593679016611010e-02 8.314305589288998322e-01
1.154510525994516951e-02 9.671860664014612086e-01
2.585675309195117205e-02 5.855421242146344740e-01
2.621560645397829487e-02 5.759727012272445323e-01
3.316286158649966315e-02 3.907125643600065645e-01
1.142226703377251934e-02 9.704617524327289191e-01
2.398663989737697538e-02 6.354118094032782382e-01
3.562952078814368012e-02 3.249349856494979649e-01
4.479762499741073156e-03 1.155595206673568853e+00
3.490582734234908002e-03 1.181973333753733257e+00
2.378044763798508460e-02 6.409102696537286592e-01
2.904929283535234025e-02 5.004077310572699888e-01
3.871117108747150481e-03 1.171825750433405311e+00
7.654664094304756972e-03 1.070931164151870618e+00
3.522460296410483832e-02 3.357327942905367069e-01
2.895212121750328355e-02 5.029989741999100206e-01
2.080895506871453804e-03 1.219564993150092036e+00
3.842191788182463402e-02 2.504710631513421548e-01
2.637372294904443554e-02 5.717562613588126341e-01
1.328429837194727153e-02 9.208075834147370076e-01
2.380463414318550325e-02 6.402652961817160149e-01
3.409460765353094364e-02 3.658660025725072318e-01
4.308168269025319103e-02 1.262106682599110075e-01
1.635650515441460645e-02 8.388820692156065961e-01
3.331157923979116003e-02 3.867467602722333142e-01
3.070548352624129923e-02 4.562426459668947887e-01
1.111494368572301522e-02 9.786570417140519895e-01
8.962462079278137039e-03 1.036056551219245669e+00
1.541669187173116268e-02 8.639437567538347240e-01
1.232246779611295001e-02 9.464563987703203951e-01
2.353479036522459350e-02 6.474611302606750884e-01
7.392123130178611390e-03 1.077932256528567834e+00
1.781953107241057016e-02 7.998680447357157108e-01
4.787450223190563986e-02 1.597852850819481141e-03
1.155770565378726883e-02 9.668500558990037463e-01
4.054893693473920341e-02 1.937505550736188242e-01
3.359218474880414779e-02 3.792639466985551211e-01
3.245172500320019082e-03 1.188517606658131776e+00
1.052243868008822386e-02 9.944571751976464258e-01
2.258840438895220321e-02 6.726980896279403099e-01
4.610681827554557327e-02 4.554038598544896121e-02
1.421263474033644669e-03 1.237155180692432133e+00
1.894130618751348888e-02 7.699540416663045450e-01
2.470398851665871892e-02 6.162825128890984105e-01
3.786045124543085255e-02 2.654435067885067001e-01
1.410567478586793183e-02 8.989042123768512527e-01
1.190913226464190150e-02 9.574786796095483554e-01
3.658725330979044343e-03 1.177489531173891102e+00
8.105118298726669834e-03 1.058919052033954422e+00
2.347945575953862968e-02 6.489367197456356040e-01
2.927605043504027255e-02 4.943608617322584609e-01
4.344430839379814085e-02 1.165406494987123454e-01
5.127467695640368361e-03 1.138323068116252834e+00
2.324445061254803296e-02 6.552035236653833694e-01
1.845583500999730536e-02 7.828999397334027721e-01
2.700366544506254546e-02 5.549577947983311832e-01
1.681328743142978394e-02 8.267012084952033435e-01
3.128986297741170181e-02 4.406591939356855336e-01
7.063820954010417708e-03 1.086686981226384852e+00
2.200568910235838060e-03 1.216373702393708456e+00
4.100337140611714365e-02 1.816323025035418981e-01
1.028385558270810546e-02 1.000819391127779845e+00
1.992245128717189812e-02 7.437901723420817790e-01
4.264896203139927761e-02 1.377498858293516593e-01
3.164739049189928960e-02 4.311251268826846728e-01
2.554015495644828410e-02 5.939847411613766726e-01
1.623655645326742974e-02 8.420807012462009356e-01
6.547202215615270660e-03 1.100463480916923587e+00
2.995905849174688995e-03 1.195164717355340578e+00
1.323418335961062259e-02 9.221439837437143128e-01
3.087345462600415286e-02 4.517634166398868389e-01
1.848319197483699189e-02 7.821704206710126117e-01
1.383178606872919464e-02 9.062079115005509111e-01
1.931396455813110674e-02 7.600164851165028823e-01
2.668421652729318500e-02 5.634764326055111683e-01
1.858563950085705824e-02 7.794384866438078818e-01
1.720811104053913965e-03 1.229167243891894579e+00
6.644112186195365310e-03 1.097879215034786249e+00
8.145370093256824873e-03 1.057845670846483621e+00
6.993922237617453130e-04 1.256405080699684262e+00
2.981081475111273249e-03 1.195560033997028704e+00
9.684454224007592316e-03 1.016803427359795009e+00
3.332172521482816563e-03 1.186197606093787549e+00
2.121989568981956509e-03 1.218469151493811964e+00
4.442526536464312670e-03 1.156588165694282466e+00
2.249593765676398405e-03 1.215066372915293513e+00
6.679156846251470270e-03 1.096944690766624930e+00
5.730760030313190867e-03 1.122235272524977567e+00
4.193794334048032979e-03 1.163221024425381778e+00
2.565252283746537881e-02 5.909882643342526665e-01
1.731780521786734084e-03 1.228874726085686042e+00
1.774691077819117585e-02 8.018045859148995591e-01
5.014292181431539985e-05 1.273718395418280913e+00
1.834390138294055006e-03 1.226138469645489337e+00
2.639114794407634856e-04 1.268017900548245258e+00
4.858424261395204169e-03 1.145497559696123879e+00
4.013003726900459672e-02 2.049212128265401889e-01
3.358271789310678795e-02 3.795163961838180500e-01
3.233413328821925503e-03 1.188831184564746124e+00
1.316909056949859547e-03 1.239937965148002696e+00
2.165573569882988519e-02 6.975692546978687902e-01
2.604341826499228379e-02 5.805643862668700139e-01
5.920648753061467928e-03 1.117171573251693140e+00
9.108461800003735120e-03 1.032163225333232681e+00
3.894288558490763275e-04 1.264670770510688769e+00
1.238449666312396030e-02 9.448022956500238267e-01
8.608944508371067783e-03 1.045483686443437144e+00
4.025921485641941605e-02 2.014764771621450068e-01
2.206099234993224439e-02 6.867624106684725449e-01
1.976479680882441831e-02 7.479942917646812406e-01
1.538188886951013384e-02 8.648718368130606793e-01
2.359028740240229349e-04 1.268764796692688712e+00
6.690984127235614920e-03 1.096629296607049220e+00
2.729044848551170216e-02 5.473102470530203378e-01
3.430963769543354108e-02 3.601318681217683393e-01
1.152835169728665815e-02 9.676328280723548447e-01
1.487769598057347292e-02 8.783169805180383038e-01
1.482888995494140161e-03 1.235511833453485586e+00
4.445936769015772227e-03 1.156497226159575398e+00
5.444044527949602752e-03 1.129881019254676211e+00
5.174220065809857771e-03 1.137076338245067930e+00
1.760667417711175159e-02 8.055442286103523530e-01
4.134044175582211877e-03 1.164814361984473301e+00
1.417610689564301196e-03 1.237252588278282772e+00
5.681259738828318973e-03 1.123555280297908965e+00
7.687584303955934117e-03 1.070053291894507375e+00
1.728948137929502832e-02 8.140027032187983069e-01
4.312208149528289763e-02 1.251333667924551252e-01
1.028972621809214755e-02 1.000662840850873536e+00
5.793924981952795761e-03 1.120550873814591064e+00
2.762074110359762774e-02 5.385024439040623223e-01
2.175340253244800043e-02 6.949648058013827567e-01
3.267818097794798760e-03 1.187913724058801357e+00
1.499106191842641128e-02 8.752938888419584673e-01
3.591488914044309311e-03 1.179282502292150703e+00
9.360172379122393138e-03 1.025450943223401801e+00
1.869663495668266034e-02 7.764786078217947862e-01
1.444775514778178643e-02 8.897820693924832769e-01
1.736942974196003381e-02 8.118707468810618666e-01
1.819996815615159552e-02 7.897230558359550345e-01
7.340763968075418588e-03 1.079301834184652975e+00
2.128020012768710306e-02 7.075835365950081668e-01
3.384039168377599854e-02 3.726450950993057676e-01
3.401992127740265798e-02 3.678576392692615160e-01
7.077669259129941437e-03 1.086317693089865699e+00
2.016824494875994744e-03 1.221273553469969464e+00
2.814151408874137478e-02 5.246151643002275877e-01
1.997442262738728658e-03 1.221790412993629893e+00
7.069532596762732879e-03 1.086534670752991261e+00
1.427099837488170209e-03 1.236999544333644785e+00
3.463199926869791473e-02 3.515355595013850420e-01
3.818303402976438998e-04 1.264873397592060300e+00
1.619840743891236973e-02 8.430980082956677224e-01
1.751650844886758207e-03 1.228344850803017252e+00
2.811777794352647575e-03 1.200074798817260202e+00
3.991960133912591385e-02 2.105328376233065457e-01
3.245218924053277360e-02 4.096638269191236192e-01
1.008164731617893634e-02 1.006211611568560649e+00
3.396089743709667513e-02 3.694316083440877252e-01
3.599279934581915696e-03 1.179074741744478239e+00
1.341729605242197171e-02 9.172609786020783362e-01
3.941881177845378559e-03 1.169938708590788856e+00
4.118401619267512970e-03 1.165231496819528978e+00
3.632449690084187111e-03 1.178190214931084334e+00
1.977118783208924729e-02 7.478238644776161737e-01
4.728632098848755544e-02 1.408698030699462311e-02
9.178310550299328963e-06 1.274810785051990969e+00
1.789063341433964893e-03 1.227347184228423593e+00
9.504717013656231728e-03 1.021596419635829811e+00
7.626080315842602431e-03 1.071693398244194739e+00
3.531796631208332371e-03 1.180874296501110088e+00
1.133737931530581083e-02 9.727254249251774398e-01
2.721696764862340662e-02 5.492697360367052584e-01
8.062622486554586743e-03 1.060052273691875158e+00
3.693991631783126450e-03 1.176549096485780765e+00
1.542584512612382025e-02 8.636996699700275615e-01
7.953051788419922274e-03 1.062974158975466210e+00
2.093532069707198379e-02 7.167803214114113475e-01
9.592153372192595284e-03 1.019264783408194930e+00
8.696563449146536839e-03 1.043147181356091302e+00
2.746580067929431379e-03 1.201813404855211154e+00
3.842648406876163908e-02 2.503492981663538730e-01
3.220939460971088825e-02 4.161383504077057482e-01
1.502555490294393142e-02 8.743740759214927438e-01
1.875179224625194568e-02 7.750077467666108832e-01
2.828056505374924867e-03 1.199640699856664661e+00
1.617027396585472843e-03 1.231934809424383381e+00
7.179060474733760244e-03 1.083613927340429051e+00
1.149477086658583919e-02 9.685283168910433504e-01
2.517640430418559977e-02 6.036847585550467743e-01
4.434804391909113325e-02 9.244103549089921490e-02
5.327958272634478187e-04 1.260847651272970715e+00
1.204405135192315041e-02 9.538808372820454240e-01
6.216902848429399497e-03 1.109271464041880151e+00
1.864044675597825024e-02 7.779769598405775755e-01
4.617754708609082825e-03 1.151915414437087115e+00
4.366912986682840864e-02 1.105454102179052045e-01
1.274475227294451229e-03 1.241069533938813585e+00
1.448301395706180078e-02 8.888418344783480807e-01
2.784457171489500282e-03 1.200803348760278944e+00
1.278894390922773877e-02 9.340170357539260282e-01
1.921623882947635920e-03 1.223812236454725699e+00
8.688222338546762458e-03 1.043369610972083805e+00
2.129534817597816126e-02 7.071795886405799481e-01
