2.172024956777247884e-02 7.157933115260664003e-01
6.092700452252478027e-03 1.132527954606598275e+00
1.518669845843574617e-02 8.900213411083792714e-01
2.454768881542775116e-02 6.403949315885895111e-01
2.149418409815580244e-02 7.218217240491777709e-01
1.320311909411937823e-02 9.429167908234794560e-01
4.743932312391414829e-02 2.995135002895521481e-02
1.795535012974587563e-02 8.161906298734424858e-01
2.235881762544107698e-02 6.987648299882356362e-01
4.351214204255378359e-02 1.346761788652286462e-01
6.519195173589301118e-03 1.121154762037616326e+00
2.538083846566537016e-02 6.181776075822544847e-01
2.625898646680709103e-02 5.947603275518100752e-01
4.407062115536349023e-02 1.197834025236379496e-01
2.554708047418226269e-02 6.137444873551358704e-01
1.150112873792170920e-02 9.883032003220839634e-01
2.038069853789654939e-02 7.515146723227563719e-01
4.314343894525525525e-02 1.445082614598560689e-01
3.117524276049901677e-03 1.211865985972001791e+00
4.819114136380767133e-03 1.166490256363178712e+00
4.260164971963427416e-02 1.589559741430837114e-01
4.876341694857871945e-04 1.281996388813710031e+00
1.215218103362343538e-02 9.709418057700394122e-01
2.235126329867516415e-02 6.989662787019947920e-01
2.117766567741925787e-02 7.302622152688189594e-01
6.515436325588222499e-03 1.121254997984310275e+00
3.618247979704961037e-03 1.198513353874532061e+00
4.950816401413440926e-03 1.162978195962304451e+00
3.596162150275923619e-02 3.360233932597513906e-01
2.370450576908152140e-02 6.628798128244919319e-01
1.479113107763348200e-02 9.005698045964396492e-01
4.965767727704031853e-03 1.162579493927890173e+00
3.150725408151118512e-02 4.548065244930312723e-01
3.722227351389169325e-02 3.024060062962177220e-01
1.155875413274627672e-02 9.867665231267621628e-01
1.050400685005155321e-02 1.014893117331957750e+00
3.203307391419969730e-02 4.407846622880042808e-01
1.205349930994754903e-02 9.735733184013963815e-01
2.079670485471581121e-02 7.404211705409093902e-01
3.814820336209819029e-02 2.777145436773778009e-01
7.018007922908325869e-04 1.276285278872243634e+00
1.743003888098629273e-03 1.248519862984035722e+00
2.541518412773043079e-02 6.172617232605195348e-01
4.321278214549047203e-02 1.426591094535836213e-01
3.525658751137113189e-02 3.548242996967689855e-01
2.696765689115990239e-03 1.223086214956904616e+00
3.755611123629723491e-03 1.194850336703205063e+00
4.509521176783699847e-02 9.246098619101106308e-02
2.792994761802487791e-02 5.502013635193327978e-01
1.117724614856670240e-02 9.969400693715537720e-01
2.277619686212102590e-02 6.876347170101051454e-01
4.327817557222830847e-02 1.409152847405761300e-01
7.511276177290263090e-03 1.094699268605589193e+00
1.995375333380240701e-02 7.628998777652653551e-01
4.094805503050309714e-02 2.030518325199150986e-01
5.037201962612439243e-03 1.160674580996997829e+00
7.265766061725090208e-03 1.101246205020661950e+00
3.073518080203647973e-02 4.753951452790263765e-01
5.341117705346690170e-03 1.152570161190752618e+00
4.516660871170710689e-03 1.174555676768777257e+00
6.046321200395415874e-04 1.278876443465609913e+00
4.460521903783749853e-02 1.055274589909962479e-01
1.909632791635858251e-02 7.857645555637673418e-01
4.672912676891634309e-02 4.888991949556187322e-02
2.297579593637973094e-02 6.823120750298730108e-01
6.682140682845519319e-03 1.116809548457450507e+00
2.457358883087674972e-02 6.397042645099495495e-01
4.505579311259151620e-02 9.351215033088910999e-02
1.050081568759149431e-02 1.014978214997556361e+00
2.076968359604942915e-02 7.411417374386810586e-01
5.142592034008089397e-03 1.157864179093116785e+00
7.280281369457533569e-03 1.100859130147796794e+00
1.962677570370881253e-02 7.716192812344293550e-01
1.620533817818066435e-02 8.628576152485147865e-01
9.373296488970186968e-03 1.045045393627460850e+00
9.226373740269869228e-03 1.048963333592799696e+00
3.275197046684844016e-03 1.207661378755068515e+00
4.718410577162941710e-02 3.675714608987989962e-02
2.809437183711856190e-02 5.458167176768360385e-01
1.768251537322032552e-03 1.247846592338076821e+00
2.985737769739989222e-02 4.988032280693324161e-01
7.365572038133885724e-03 1.098584712316427403e+00
3.919728748276647690e-02 2.497389671262264521e-01
6.009622423897714727e-04 1.278974306869603783e+00
4.645486005760186832e-02 5.620369846394934754e-02
6.374262903215147102e-03 1.125019622580928580e+00
4.528480671832009474e-02 8.740512084479368227e-02
1.073135613880032979e-04 1.292138271696316121e+00
1.330255527357400436e-02 9.402651593713575728e-01
2.492601375881038639e-02 6.303062664317207187e-01
1.567229324523092271e-03 1.253207184679380415e+00
1.639223113588113290e-02 8.578738030431689587e-01
2.755812818325405200e-02 5.601165484465577826e-01
1.610378929961238381e-02 8.655655853436674541e-01
3.492080016619698857e-02 3.637786289014113272e-01
7.503350769360997430e-03 1.094910612817036277e+00
6.714097673240118636e-03 1.115957362046927859e+00
4.179987608739284266e-02 1.803366043361900317e-01
4.914209962345424121e-02 1.545602329211392956e-02
1.155823085618153112e-02 9.867804771684887122e-01
2.196034341348747365e-02 7.093908089736635780e-01
2.368916737889151247e-03 1.231828853656288469e+00
1.452383355663007525e-02 9.076977384898623491e-01
3.068328752011335869e-02 4.767789661303081239e-01
8.355037991808547670e-03 1.072198953551769751e+00
4.662834861065208447e-02 5.157733704927691676e-02
3.079192247507148150e-03 1.212888173399805591e+00
3.105422304945155976e-02 4.668873520146212819e-01
3.275365766351082120e-03 1.207656879563968833e+00
3.597400401759560939e-02 3.356931928641162521e-01
3.378609569899063136e-03 1.204903711469357486e+00
3.715969075916876474e-02 3.040748797554972960e-01
2.331553963878657543e-04 1.288782489429653122e+00
8.693421155252359367e-03 1.063175402526602920e+00
2.394090813381669069e-03 1.231157544976487994e+00
1.431449582122697184e-02 9.132800781006102930e-01
4.603052916374512915e-02 6.751918896679276472e-02
1.372137599070118175e-02 9.290966069146313622e-01
9.398735083439760385e-03 1.044367031108272226e+00
1.021972803003270980e-03 1.267747358586578610e+00
9.156055979923152788e-03 1.050838473868715095e+00
1.912250882587114564e-02 7.850663979767671385e-01
2.139049944577038620e-02 7.245866481127873904e-01
1.775332485491117052e-02 8.215779705356998086e-01
7.718804079124355622e-03 1.089165191223348206e+00
1.907699179391426914e-02 7.862801854956171788e-01
4.695294190035632920e-02 4.292151599049409683e-02
2.985252696453095933e-02 4.989325809458402539e-01
1.991550652647695874e-02 7.639197926272802697e-01
2.660182945296314660e-02 5.856178479209819265e-01
2.556750242631695980e-02 6.131999019648772808e-01
3.260164297027341729e-02 4.256228207927050811e-01
1.634256791185102753e-02 8.591981556839702883e-01
2.932662377859325542e-02 5.129566659041775445e-01
2.765590078164288645e-02 5.575092791561888639e-01
2.499344741503224665e-02 6.285080355991392587e-01
4.145247123739677353e-02 1.896007336694185419e-01
3.371267798283679451e-02 3.959952204576846491e-01
3.017770836958962033e-02 4.902610768109396666e-01
6.900169587640794799e-03 1.110995444329577975e+00
2.393286824114729261e-03 1.231178984690270095e+00
2.315271217542005933e-03 1.233259400865544198e+00
2.555365748515255053e-02 6.135691003959311551e-01
2.092753587620917177e-02 7.369323433010879221e-01
1.295501112608306304e-02 9.495330033044493412e-01
1.704794263213112171e-02 8.403881631431677768e-01
1.992576614234604915e-02 7.636462028707682315e-01
2.540446471509157089e-02 6.175475742642224652e-01
1.911363935618000387e-02 7.853029171685323995e-01
4.633242406242328582e-02 5.946865833537673396e-02
3.285749477302049582e-03 1.207379980605277847e+00
2.726163392803833407e-02 5.680230619189754471e-01
8.826865612099846214e-03 1.059616883677333643e+00
1.496384445392601181e-04 1.291009608145615939e+00
4.335057856702125012e-02 1.389845382127643525e-01
1.873974496233794806e-02 7.952734343376524073e-01
6.458918166364860380e-03 1.122762148896933265e+00
3.101377820111735073e-02 4.679658813035350029e-01
1.412101148213509849e-03 1.257343936047635946e+00
5.307579774424489583e-03 1.153464506015346114e+00
1.926269692163480596e-02 7.813280487564013832e-01
1.426165465557190093e-02 9.146891758514121840e-01
1.459877119984394345e-02 9.056994013374910502e-01
2.418506665388882315e-02 6.500648558962942580e-01
1.625211645687836548e-02 8.616101944832412762e-01
1.202252064656213204e-02 9.743994160916726877e-01
8.024243766732858107e-04 1.273601983288711548e+00
3.112208993568328641e-02 4.650775683817767181e-01
3.087544971483098533e-02 4.716546409378366000e-01
8.108353672927684497e-03 1.078777202055257955e+00
1.164548867576849223e-02 9.844536019795060433e-01
2.060358771811061918e-02 7.455709608503826580e-01
4.041005860613096357e-02 2.173984038365053273e-01
8.600778129286570928e-03 1.065645883219020984e+00
1.811141013892487994e-02 8.120290296286660769e-01
1.180762856777713143e-02 9.801298715259423311e-01
7.168097363091235907e-04 1.275885040365089207e+00
1.094279722981553182e-03 1.265819174053822938e+00
2.081737938045742642e-02 7.398698498544677982e-01
2.036078971144246463e-02 7.520455743615319655e-01
5.450544446895591588e-03 1.149652114749450060e+00
2.661623903750760800e-02 5.852335923331266621e-01
1.921350538559421506e-03 1.243763952305078302e+00
1.019912741043878246e-02 1.023023235721628676e+00
2.158067326573760714e-02 7.195153462469963124e-01
4.847352992667655625e-03 1.165737220195525392e+00
1.209666937277449617e-02 9.724221167260096443e-01
2.271695852688743189e-04 1.288942111059495854e+00
2.340550176491558443e-02 6.708532529355806240e-01
1.053685359330487625e-02 1.014017204178535803e+00
3.463162729350502400e-03 1.202648960550650958e+00
1.314988886971131532e-02 9.443362634743626138e-01
1.267654487148009435e-03 1.261195847009385584e+00
7.459946673065667722e-03 1.096068055384914697e+00
2.552063888903950695e-02 6.144495962922760235e-01
3.993093524406272909e-02 2.301750268249915798e-01
9.718952846032441473e-04 1.269082759077245992e+00
7.450422041268847662e-03 1.096322045566161751e+00
1.218532654323108144e-02 9.700579255138355173e-01
1.708205960413462787e-02 8.394783772230742791e-01
4.180615005643469051e-02 1.801692984950711285e-01
2.229158025553752698e-02 7.005578265189984499e-01
2.687226372076774450e-02 5.784062674461911691e-01
2.113430269590058086e-03 1.238641826144261326e+00
1.287006007834186339e-02 9.517983645775465185e-01
2.440706722338921442e-02 6.441448407096186379e-01
2.039346690497907677e-02 7.511741825338904555e-01
3.267896419386698281e-03 1.207856062149687215e+00
2.596553441552214292e-02 6.025857155860738779e-01
2.129759315219421911e-02 7.270641492748199930e-01
1.155630621074606179e-02 9.868318010467693746e-01
3.220918212498420641e-02 4.360884433337521848e-01
4.000270549168678802e-02 2.282611535550151949e-01
9.128399632191211421e-03 1.051575976474900198e+00
7.774261083745084844e-03 1.087686337766796907e+00
3.706258822716697321e-02 3.066642806088784035e-01
2.806466223835764329e-02 5.466089736437953484e-01
3.664809275304088676e-02 3.177174932522421891e-01
1.464021488227780499e-02 9.045942364725880758e-01
2.443294167798829020e-03 1.229845455525363729e+00
1.885132082753011862e-02 7.922980779325263789e-01
8.888519872084346685e-03 1.057972770077749924e+00
1.016919786011423465e-02 1.023821357063618098e+00
2.034116030181960799e-02 7.525690252848096229e-01
1.666506209962366480e-02 8.505983106767014412e-01
3.424168075263207822e-02 3.818884799298074562e-01
1.404863638256122205e-02 9.203696631316984345e-01
2.026481899002370579e-02 7.546047935993640543e-01
2.704566236890844355e-02 5.737823034957725277e-01
1.855699454854360664e-02 8.001467787055029923e-01
3.121130766407904933e-02 4.626984289578897069e-01
1.257020840656999927e-03 1.261479410915812505e+00
3.031047666376125715e-02 4.867205889663641649e-01
1.557221428038786659e-02 8.797409191896545799e-01
3.391957189261066152e-03 1.204547774953034445e+00
2.899272894268174749e-02 5.218605281951496089e-01
1.124003356936478792e-03 1.265026543815023441e+00
2.446887123828107857e-02 6.424967336458355938e-01
3.530843825479551557e-04 1.285584383132053699e+00
2.336908441572423112e-02 6.718243822473515259e-01
3.266849679417774266e-03 1.207883975215523709e+00
2.940387363986259051e-02 5.108966696036634225e-01
2.429076697676030294e-04 1.288522428806194942e+00
1.601730005535546841e-02 8.678719651905200116e-01
8.288629320610210738e-03 1.073969851450390589e+00
2.305463830604466413e-02 6.802096118388081258e-01
4.009139270156295010e-03 1.188089586129163155e+00
7.130714165284615658e-03 1.104847588925742752e+00
4.034613694984548471e-03 1.187410268133743063e+00
3.466478975298017962e-03 1.202560527325383877e+00
1.846638849339916899e-02 8.025629401760183690e-01
1.861519732270069949e-03 1.245359440472794343e+00
6.445951957155207634e-03 1.123107914475857338e+00
3.935980117085098595e-02 2.454052687773047303e-01
1.486552380753486391e-04 1.291035826984653578e+00
1.560581840598758430e-02 8.788448091736635881e-01
6.652764836329108644e-03 1.117592904364556272e+00
2.887798809540205458e-02 5.249202841226110472e-01
2.610244890500686143e-02 5.989346625331495311e-01
1.432239776882233973e-02 9.130693594980701100e-01
2.641245304851509712e-02 5.906678853729299128e-01
3.173948278903673814e-03 1.210361345895899721e+00
1.356288867975925794e-02 9.333229352064189577e-01
2.022823655988499614e-02 7.555803250697326057e-01
2.526650550414462348e-02 6.212264865561425431e-01
1.164969868410421772e-02 9.843413350905518833e-01
3.579171276787002087e-04 1.285455509928567164e+00
4.576120115053756987e-02 7.470126931899434553e-02
1.392338829318802429e-02 9.237096121816503747e-01
1.259871508814598695e-02 9.590342309827728506e-01
4.268460611132576799e-03 1.181174350369797121e+00
3.457936778888910656e-02 3.728834922962867005e-01
2.862362058831509348e-02 5.317034176449300098e-01
1.213683728554511287e-02 9.713509723854598654e-01
1.582145022976451376e-02 8.730946272062758418e-01
2.626316958224202136e-02 5.946487778068756391e-01
9.501324541686465008e-03 1.041631312221690475e+00
5.450789752896659235e-03 1.149645573256085296e+00
3.092343706766059741e-04 1.286753716781953383e+00
2.236329836927149206e-02 6.986453434860897538e-01
1.513836460160573882e-02 8.913102439571765068e-01
3.091214985111293001e-03 1.212567567063695062e+00
1.783816250601762132e-02 8.193156331728626007e-01
7.807628766624510885e-03 1.086796532890012212e+00
1.087820310513361310e-02 1.004914550529766526e+00
2.988441442381402358e-02 4.980822486982918740e-01
2.251142900314413720e-02 6.946951932494873638e-01
1.250138065279123023e-02 9.616298159255634026e-01
2.655344362425611504e-02 5.869081366865027682e-01
3.737712854598902734e-02 2.982765387736221463e-01
1.193487185741400058e-02 9.767367171356258204e-01
7.362192339580866940e-03 1.098674837611174571e+00
2.444993117234479929e-02 6.430018020708030413e-01
8.109275881797398111e-03 1.078752609818735220e+00
1.327473689175613647e-02 9.410069828865021968e-01
1.505248331100646209e-02 8.936004117064935137e-01
7.745214098062308539e-04 1.274346062405166347e+00
1.541989961659002983e-02 8.838026435575954132e-01
4.186781420043235447e-02 1.785249213218000897e-01
2.261997293481494975e-02 6.918006884049323624e-01
