1.855176311954878643e-05 1.457237061268177980e+00
1.823955619333638561e-03 4.873974400179566513e-01
1.059229949599733989e-04 1.059037105407468315e+00
1.008061924918566415e-03 7.622741622608237844e-01
7.559300446192372680e-04 8.431074358143859637e-01
1.289362711825722124e-03 6.886218246315551905e-01
2.314207386739167149e-05 1.094069993343876446e+00
9.092003152617010586e-04 8.050915390561381724e-01
2.129433788776568387e-03 3.746415123353415422e-01
1.035354447107093151e-03 7.589332166910718325e-01
1.122745296721027602e-03 7.233807361839257322e-01
2.698805600664846288e-03 1.724396962761705621e-01
3.198432947206519134e-03 1.049607717669970297e-02
6.396641097389348107e-04 8.801528892422190165e-01
3.039839957663239417e-03 4.621387077988609038e-02
1.974031175053615056e-03 4.352874247809442321e-01
3.010234640452757321e-03 5.048604429185382658e-02
1.940770664922996519e-03 4.439300441212619686e-01
4.317003704076734227e-04 9.606861377143001146e-01
2.063972754927066028e-03 3.976144175098690892e-01
8.842627549516743346e-05 1.067920252829895444e+00
3.062985681977600100e-03 1.730741406234931334e-02
2.310559795901844654e-03 3.035706987763305276e-01
4.246765541691645968e-03 1.465891226418325477e-03
1.688753946707231141e-03 5.232245456440771658e-01
8.735259250871006687e-04 8.420121113987384387e-01
2.435826808747976885e-03 2.716378435112616896e-01
2.290375985369418749e-03 3.061819359074265390e-01
1.392997711779277864e-03 6.406154417687222047e-01
2.605593576082598090e-03 1.984206393385442024e-01
1.404479514919117905e-03 6.208773230244719610e-01
1.977721358491609654e-03 4.183034450601137988e-01
1.290844321832549518e-03 6.607729572154015241e-01
2.837928077708239127e-04 1.008723554687618984e+00
2.535692358052409751e-03 2.419676561587465469e-01
1.028411447714337734e-04 1.063561937625828291e+00
2.464669558602926996e-03 2.702148421747548324e-01
2.969209667278750048e-03 5.542270961184386779e-02
3.390278196896686497e-03 5.956120911859319467e-03
1.096745135919816733e-03 7.256275419452913322e-01
