3.248285541067492954e-02 6.940292315405063861e-03
3.567434910512271018e-05 3.319669573253682948e+00
1.185832587561514578e-03 7.218511215916433299e-01
1.045887283860697653e-03 7.370453762616956395e-01
9.316575070078141757e-03 1.906838669641265638e-02
1.166539076187269458e-03 7.292260000327120961e-01
3.485108968376575411e-02 4.397062441839766356e-04
3.848122588763838725e-05 2.424319143048139225e+00
2.331706776769196937e-03 3.693049790456680581e-01
7.826276607534148055e-04 8.213862645032586896e-01
2.510616334064703220e-03 3.352801626010525338e-01
6.325808966398463462e-05 1.234189952470403417e+00
3.291220036702697388e-03 2.104497121024019590e-02
6.741751640143740787e-04 8.572289006467225247e-01
1.386478115457629584e-03 6.362077530195308084e-01
2.544039399668542728e-03 2.968967701193169217e-01
1.950636989371430652e-04 1.119130605943707613e+00
5.413417383331488308e-04 8.964908408149473429e-01
2.001537225282661731e-03 4.283818830483231421e-01
1.886673555858291856e-03 4.845858574556903831e-01
2.831350834557287699e-04 9.960609351190584659e-01
5.816994910036003830e-04 8.840234282563529389e-01
2.895826820259756601e-03 2.219611266175068875e-01
3.004835035768652768e-03 1.327029402760525612e-01
3.205872708836595558e-03 9.278894837458905032e-02
1.476311402739290818e-03 6.161171373798300932e-01
