2.632377570608906286e-02 2.449696412712176752e-02
9.981879108626336150e-03 9.875329867581252863e-01
6.538644671201902792e-03 1.951200842260753188e+00
7.583232138455332783e-03 1.699334326849900823e+00
2.289230614895550880e-02 6.847331874470308222e-02
9.309246711100338523e-03 1.323013611353923924e+00
1.242562158320902055e-02 9.795935945894251873e-02
1.761142155158830491e-03 3.024952580380878775e+00
6.245692251394534267e-03 2.024276910843708865e+00
2.405237218173872371e-03 2.886397528662835388e+00
1.227539127152352944e-02 1.888890071248785496e-01
3.499085550573904912e-03 2.671040174200568718e+00
7.177202813869160147e-03 1.781074822394309809e+00
1.027693732549744832e-02 9.421817312083970997e-01
1.064435574646580701e-02 7.295563316803845844e-01
3.151078544807832393e-03 2.758604271185648660e+00
1.339441693731950600e-03 3.069641685985035284e+00
6.156434350590829496e-03 2.051327766710630218e+00
7.381990422533346585e-04 3.175247770481087972e+00
2.174471734387097011e-03 2.929734480950744402e+00
4.498841392033686715e-03 2.445822927427891091e+00
5.939756521364615571e-03 2.118893113540633255e+00
1.140582698411959223e-02 5.144996718351815268e-01
1.136818238110806623e-03 3.109839102707911085e+00
5.505050078440452965e-03 2.210514882224293931e+00
3.078753688718662007e-03 2.767065789466297776e+00
8.387505753592663926e-04 3.170283049827024247e+00
5.162544248728168084e-03 2.320757308036657474e+00
2.541923508939152726e-02 5.427819906615249934e-02
1.826767100675252831e-05 3.804245103878988399e+00
2.094689815821157430e-03 2.989408766265905459e+00
2.560713724504659616e-02 4.318067314105578092e-02
1.870470748678576545e-05 3.344283506520536964e+00
3.719595571788705812e-04 3.229481467790821458e+00
1.005337062935415804e-03 3.168494915877607898e+00
8.880613658523585363e-03 1.403113873623743846e+00
4.253953776184551949e-03 2.497532294193366642e+00
3.751697184393831819e-03 2.626713376738797567e+00
1.548256196009373253e-04 3.326279012166321269e+00
7.353978911070362112e-03 1.731078681591419421e+00
7.990780838332475766e-03 1.681074445172848986e+00
8.422704845499805193e-03 1.627926021427718251e+00
3.283433762982582160e-04 3.235878602995777786e+00
5.988057773941984907e-04 3.206280934490154610e+00
2.643055228735452511e-03 2.875426751461748420e+00
4.391700681298273123e-03 2.483621503231786765e+00
2.696728185239201381e-03 2.820157064060803354e+00
3.866669192278959777e-03 2.594994056062530863e+00
4.479386232419120539e-03 2.467476295058041114e+00
8.767964710789021010e-03 1.576939981847732763e+00
5.199612997486245669e-03 2.281127458632609351e+00
2.904231508424198749e-03 2.787464920515449140e+00
4.911090587159799847e-04 3.211672389241996495e+00
1.900676055321355584e-03 3.006342099991929029e+00
7.405876836919379758e-03 1.716446649854922679e+00
9.731018655877478329e-03 1.029568325615627611e+00
