2.178209776056566627e-04 9.609768354945511515e-01
1.542139408179356297e-03 7.300811870246224355e-01
2.850471781557679940e-03 3.456045826179463543e-01
1.000616306262441801e-03 9.049546830513486295e-01
5.338557526139708909e-05 1.271680430628174596e+00
2.439386999578588983e-02 1.124124324336928105e-02
4.346591050586101623e-03 1.598558104178013917e-01
4.215338291067564913e-03 2.869263946695974621e-01
4.791305642141412136e-03 1.827138753232460111e-02
4.404929075019346774e-03 7.319973550252245609e-02
1.551507938363713701e-03 7.049245864491424651e-01
2.628505303746873217e-02 5.654065299922406140e-03
2.660127924995939891e-02 1.283871899901978253e-04
1.958776970758073499e-03 5.800406030830760340e-01
