3.264139623022554657e-04 9.825045541044521435e-01
4.002940771972864076e-02 7.721052195252195438e-03
4.136088856368586725e-02 7.385357182306609425e-03
4.064623649153390611e-05 3.636520746614161137e+00
5.876391917236049173e-05 2.735140562476140236e+00
1.893676370959837020e-03 3.009605398214030281e-01
2.050716345805219699e-03 1.875007957481824583e-01
4.411026457840838341e-04 4.287710779983808784e-01
1.172001106076029676e-03 3.259583375660581872e-01
2.406732645485549528e-03 1.801930497828639621e-02
1.929112005649310201e-03 1.970550911313764253e-01
2.698021566256625023e-04 1.642686127193694556e+00
