2.764995596812733908e-02 5.735849759550687432e-06
1.800994028875665953e-04 1.701719720865919883e-04
2.559295516147072624e-04 8.837561252704115300e-05
2.399555706131609178e-04 1.231843391327168413e-04
3.464497143434788762e-04 6.542507762380064817e-05
1.344974728892299465e-03 1.406784164941984883e-05
4.266286098379770686e-04 3.287389999771447857e-05
5.738214784218667597e-04 2.421216211586155187e-05
1.974868068868596005e-07 2.788159125197871291e-04
4.236620527694891225e-03 9.286825730345921182e-06
