2.424685213055894489e-02 1.223306369851763664e+00
5.733573319766022830e-02 3.409362080623961067e-01
3.808735773885581211e-03 1.768322806029720029e+00
2.968891850540895244e-02 1.078184599855761983e+00
4.271058983128978720e-02 7.309400311656093496e-01
5.672136695107283383e-02 3.573193079713947728e-01
4.573717881983169892e-02 6.502309914711583705e-01
5.163603805624900761e-02 4.929280785000271781e-01
6.591002872958034997e-02 1.122883272111911968e-01
2.271616426753992474e-02 1.264124712865605682e+00
4.114444033619264057e-02 7.727040177015302991e-01
5.345309166708384768e-02 4.444733155444329231e-01
1.680859417931363647e-02 1.421659915218306702e+00
5.288626661083712516e-02 4.595886503776773768e-01
4.498315480960530383e-02 6.703382984105259457e-01
1.169110862617390306e-02 1.558126196635364780e+00
1.326777557138343611e-03 1.834508358476311551e+00
5.161888821397515176e-02 4.933854076273329614e-01
2.306602907289696108e-02 1.254794984722748419e+00
1.118173965796915442e-02 1.571709369120823263e+00
6.386864436732547778e-02 1.667252435379877884e-01
5.503979142455878854e-02 4.021613220117663534e-01
2.736428510268002628e-02 1.140174823928536307e+00
6.889195542199239020e-02 3.277028208020493771e-02
2.873350861492935532e-02 1.103662196935219386e+00
2.127856448738136425e-02 1.302460707003167295e+00
2.763262552363427577e-02 1.133019079369756321e+00
6.773657927318116334e-02 6.358031271516950689e-02
4.131111297452711578e-02 7.682594140126124405e-01
1.267097315798055429e-02 1.531996475787188894e+00
6.886254141145226049e-02 3.355465569460691633e-02
2.980138956376583020e-02 1.075185371632913389e+00
6.264463995877539437e-02 1.993653610993233460e-01
4.558164025423833837e-02 6.543786865536465047e-01
5.728835600298993330e-02 3.421995999202691596e-01
6.693810638526470624e-02 8.487292305960836281e-02
1.701443153771093481e-02 1.416170918994378747e+00
4.801427572560896390e-02 5.895084073170979710e-01
6.132474358691059751e-02 2.345625976823877412e-01
5.053906653585089198e-02 5.221806523773102615e-01
2.812801036408014294e-02 1.119808816957865050e+00
4.856915251773603198e-02 5.747116928603761554e-01
4.042470059702835822e-02 7.918970774125793088e-01
4.504551321001244030e-02 6.686754077330052670e-01
4.400628558534731144e-02 6.963881443907420365e-01
3.168088834667365933e-02 1.025065404088704613e+00
5.058769963494254285e-03 1.734988560973488747e+00
2.256131926949395822e-02 1.268253912813496642e+00
5.390897697675906680e-02 4.323163739530937466e-01
1.967253888957105207e-02 1.345288056278105993e+00
4.219782451561866071e-02 7.446137729168393893e-01
4.514907209673086480e-02 6.659138374205124666e-01
9.010501223451768127e-03 1.629609060707956525e+00
3.297210926786803969e-02 9.906328461901863225e-01
2.270589371577309140e-02 1.264398594246051610e+00
6.931220026363121844e-02 2.156375296983470413e-02
3.726817578953362659e-02 8.760710722791069660e-01
2.873155697239732770e-02 1.103714240736074936e+00
3.414630651495182551e-02 9.593209196012868478e-01
2.682666156425379811e-03 1.798351329161990586e+00
2.703152164009087893e-02 1.149048516264245423e+00
5.332011351217364609e-02 4.480193996753716323e-01
4.327741297488291866e-02 7.158247473364591773e-01
3.344253958103622637e-03 1.780708987783907071e+00
5.083125004725803225e-02 5.143890920731213345e-01
3.734026594669965365e-02 8.741486680880099502e-01
3.303147882882768310e-02 9.890496578979306452e-01
5.285837440622560141e-02 4.603324425006543041e-01
3.403205306328022789e-02 9.623676783125294509e-01
5.904091026226305355e-02 2.954648196729874332e-01
2.989318885889042515e-02 1.072737390429589377e+00
5.015191273057535010e-02 5.325047538513276724e-01
3.360827578824205492e-02 9.736684056468807302e-01
5.528282408779023466e-02 3.956804509922611235e-01
6.260146337387868798e-03 1.702951857669660507e+00
3.152198264332879002e-02 1.029302889511235941e+00
3.548435088203700377e-02 9.236397364790154274e-01
3.462201901142853561e-02 9.466352530285730982e-01
6.879711979801811372e-02 3.529923205285379062e-02
2.937337705012494499e-02 1.086599038663335515e+00
5.330734779708863613e-03 1.727736165874431018e+00
4.205349728862012998e-02 7.484624989701320619e-01
5.328764295282346214e-02 4.488852812580417240e-01
3.750933409810670166e-02 8.696401840504901504e-01
5.171553987418282122e-02 4.908080300217936287e-01
5.999991937305377415e-02 2.698912433852334036e-01
3.893297505212518078e-02 8.316764252766655208e-01
2.568398002951361586e-02 1.184982959212973919e+00
4.444128479409243521e-02 6.847881654908720694e-01
4.095289781709982729e-02 7.778118182106734668e-01
3.241402492291895615e-02 1.005515095388828550e+00
4.553390322089984760e-02 6.556516741093381118e-01
6.232249013418628830e-02 2.079560230883663596e-01
5.550661091457693985e-03 1.721871464227797022e+00
1.701374685645368895e-02 1.416189177161237156e+00
4.004231884558513699e-03 1.763109576411773682e+00
3.257241002972639105e-02 1.001291492540631767e+00
3.992310420128481613e-02 8.052729812990737646e-01
4.303290024400280994e-02 7.223450868265939295e-01
2.538428616911531793e-02 1.192974795490261863e+00
5.718295049489392073e-02 3.450104134694991220e-01
3.811466810230874219e-02 8.534979439384342559e-01
3.344332617187379536e-02 9.780670620833691320e-01
1.821298076574757313e-02 1.384209606246735058e+00
1.158984638803035178e-02 1.560826522985858000e+00
3.841516746799084753e-02 8.454846275202447803e-01
6.753072033247592421e-02 6.906988446730921716e-02
6.009308827636523215e-02 2.674067392969308177e-01
4.007388365375703226e-02 8.012521958998146676e-01
2.141165337366186111e-02 1.298911670035684418e+00
4.060647400557910319e-02 7.870497865178942565e-01
7.994994924483474208e-03 1.656689228680442882e+00
6.494810918098664621e-02 1.379395151736899638e-01
5.410079834688347883e-02 4.272011374164412789e-01
6.088170605695836929e-02 2.463769318144442000e-01
9.691189002488838355e-03 1.611457386600298358e+00
6.962429779938988927e-02 1.324115201627162897e-02
1.707515986646352540e-02 1.414551496894306704e+00
4.115148500791993708e-02 7.725161597888023923e-01
5.044252198541827187e-02 5.247551737221816115e-01
5.205870930385598366e-02 4.816568452305107773e-01
1.179168721182417140e-02 1.555444101018025771e+00
5.576800299124346633e-02 3.827423469001749456e-01
1.045520030175568077e-02 1.591083751953185521e+00
2.985265786269026417e-02 1.073818216994929964e+00
5.998073536620735641e-02 2.704028169011378768e-01
6.290119308278002697e-02 1.925239444592012905e-01
6.874895356973936833e-02 3.658366480695218748e-02
1.062631382320362167e-02 1.586520724714572284e+00
2.081960202020533696e-02 1.314699706127861356e+00
6.066358941201217131e-02 2.521933756796761461e-01
3.373060598013139649e-02 9.704062671964968079e-01
7.280658273903291289e-03 1.675738206029246280e+00
3.303318657823645782e-02 9.890041179136981331e-01
4.512877798002529889e-02 6.664550138659957046e-01
2.793357172297401131e-02 1.124993847387360413e+00
5.768116232964577011e-02 3.317247645427816582e-01
5.527170073908389131e-02 3.959770736244332401e-01
4.714751949210511245e-02 6.126219068771991960e-01
4.388537934737452711e-02 6.996123107366829519e-01
3.370413793002353248e-02 9.711120818660428089e-01
6.063114840215217544e-02 2.530584692759456633e-01
2.273524657742505284e-03 1.809261769126870201e+00
2.983051768057393832e-02 1.074408621851365320e+00
1.375648621358189355e-02 1.503049460971150220e+00
3.352577418078345889e-02 9.758684485124418106e-01
4.735756985841072658e-02 6.070205637757146722e-01
3.747790948651891912e-02 8.704781736928295377e-01
3.549019416326832516e-02 9.234839156461787102e-01
2.678365163548330347e-02 1.155658383053780769e+00
6.105660722048206895e-02 2.417129007871470225e-01
7.631265114256886861e-03 1.666388690286483731e+00
2.859349547058282620e-02 1.107395880784460163e+00
3.464141673010940475e-02 9.461179805304180679e-01
5.645577784758910173e-02 3.644016840642942956e-01
2.824309311900869562e-02 1.116739943493105125e+00
2.891755990155248784e-02 1.098754162625267705e+00
3.591171577973257395e-02 9.122433392071320757e-01
7.013795955531726412e-02 4.564948084568865028e-04
1.413539753106669156e-02 1.492945159171558567e+00
3.345863639452057586e-02 9.776587894794535050e-01
6.240358083193026789e-02 2.057936044818602372e-01
6.342251560603812122e-02 1.786220105056506302e-01
4.902512835938006158e-02 5.625523370831990722e-01
9.876631748158622159e-03 1.606512246715773751e+00
5.957937868781443963e-02 2.811056616582823242e-01
5.776625441589273297e-02 3.294556422428611686e-01
6.745288125192544504e-02 7.114559328198866162e-02
4.905162915457789846e-02 5.618456492112582357e-01
6.632303132774514109e-02 1.012749245934634335e-01
3.169485179978632355e-02 1.024693045339035047e+00
4.774777933195956808e-02 5.966149778144151927e-01
5.795935019288384754e-02 3.243064215231010738e-01
6.067950343873702163e-02 2.517690016336830983e-01
4.485365813037662380e-02 6.737915431899603735e-01
6.753820332362442391e-02 6.887033803668551890e-02
4.774219346623826549e-02 5.967639342336499286e-01
6.880069739862187950e-02 3.520382937008670332e-02
5.780676805563728787e-02 3.283752785163411847e-01
4.730779767365728833e-02 6.083478220358078392e-01
4.125490116292902104e-02 7.697583956552283002e-01
1.505274732232670526e-02 1.468482498071290054e+00
4.251590201531580543e-02 7.361317062582488635e-01
5.078760065375704374e-02 5.155530758998143614e-01
5.963899881696405753e-02 2.795157915476258470e-01
2.895114430832208124e-02 1.097858578444745214e+00
6.900562192052833721e-02 2.973917545257820372e-02
6.054797832425080212e-02 2.552763380199822851e-01
3.942201094951842261e-02 8.186354680128442585e-01
6.610761116024116424e-02 1.070194623935709632e-01
4.907177925772638477e-02 5.613083131272971205e-01
6.323786276492232572e-02 1.835460862687414707e-01
6.974874903102884494e-02 9.922452505900958286e-03
6.922778276646840423e-02 2.381488622751271045e-02
6.596287311329390723e-02 1.108791436454963364e-01
5.478196597497348580e-02 4.090366673340410930e-01
4.374934906721867495e-02 7.032397848741693824e-01
5.133241958889862150e-02 5.010245709627041411e-01
5.199493563571162130e-02 4.833574763810271069e-01
6.357242267843393746e-02 1.746244885750984910e-01
5.811172927957514861e-02 3.202429792113330453e-01
3.904097503092968796e-02 8.287964258418771824e-01
6.280625288447322374e-02 1.950556830807175235e-01
6.917954216371174914e-02 2.510130230102203264e-02
5.766346378024107128e-02 3.321967258602402939e-01
6.350102357414327825e-02 1.765284646895131093e-01
6.707347042655159575e-02 8.126321529195945637e-02
4.425522837088941702e-02 6.897496701096177407e-01
4.985323994771690553e-02 5.404693613942195274e-01
4.321359724364998850e-02 7.175265001693358347e-01
6.553170385036416468e-02 1.223769906569576182e-01
6.557867621278651304e-02 1.211243943256949951e-01
6.645723027795130688e-02 9.769628592130197298e-02
3.292007246234946588e-02 9.920204943373482909e-01
1.715623813962902783e-02 1.412389409609894786e+00
4.489218783221766290e-02 6.727640844741993309e-01
6.322516215999390843e-02 1.838847690668325985e-01
6.820442062050763310e-02 5.110454345313031332e-02
4.952719703392744616e-02 5.491638390952717774e-01
1.396637161371811625e-02 1.497452516967520575e+00
5.009876302012101351e-02 5.339220794634418343e-01
6.089487941310362668e-02 2.460256423172373363e-01
6.314279515460437253e-03 1.701508306254390535e+00
3.818363044868239992e-02 8.516589480351381969e-01
6.549638185862799444e-02 1.233189104365888245e-01
3.474285231431979010e-02 9.434130316181426057e-01
2.635990272900796266e-02 1.166958353893123190e+00
6.648246350285152984e-02 9.702339992396269430e-02
2.240460893282798099e-02 1.272432855124589368e+00
4.877646621984461223e-02 5.691833274708140156e-01
2.537197456998447481e-02 1.193303104800417680e+00
4.322424310300560651e-02 7.172426105865208346e-01
2.079863303451463113e-02 1.315258879079612031e+00
6.685668876317268916e-02 8.704405964873029866e-02
4.566248819629366296e-03 1.748122458143219093e+00
5.260803439025347333e-02 4.670081762599080921e-01
6.948825928911545047e-02 1.686884562359147743e-02
3.771955975742175698e-02 8.640341664687538614e-01
3.505914226352664642e-03 1.776398047297264471e+00
5.590008141541220194e-02 3.792202555890116233e-01
1.784503317445946396e-02 1.394021542014417969e+00
5.997138763946181089e-02 2.706520896143553845e-01
5.798614857603551914e-02 3.235917979723883509e-01
5.057021737017337870e-03 1.735035180346206518e+00
2.410505676278846404e-02 1.227087579658977967e+00
2.299869417208472849e-02 1.256590582077742768e+00
6.634429162157012838e-02 1.007079834247985861e-01
2.427359558835124470e-02 1.222593210977302336e+00
1.844491935510079311e-02 1.378024577197315859e+00
1.309423218686784490e-02 1.520709568350192997e+00
5.783878382086555386e-02 3.275215247769207583e-01
1.971642904414134395e-02 1.344117652156233023e+00
6.086180440095829286e-02 2.469076426411158653e-01
6.260245880354070591e-02 2.004901919055817050e-01
6.897878023021614124e-02 3.045495386090490975e-02
2.965700118578368932e-02 1.079035728379102332e+00
4.689299354226789812e-02 6.194092655395249114e-01
5.130745870738401965e-02 5.016901944697631510e-01
5.739767175560856610e-02 3.392845131837722850e-01
5.266617583133354624e-02 4.654577378311091085e-01
2.505650086477845956e-02 1.201715736939243273e+00
4.567902639911131796e-02 6.517817226903670491e-01
2.077261558998606122e-02 1.315952677600375376e+00
1.424007892188500907e-02 1.490153655416403433e+00
9.573141082931120593e-03 1.614605331121840459e+00
5.622093415162061208e-02 3.706641826234540193e-01
5.018625056380793953e-02 5.315890782984571405e-01
2.478758515576613003e-02 1.208886822512903914e+00
3.329640734394696128e-02 9.819848974947513742e-01
3.093654918228700562e-02 1.044914448472348711e+00
2.209192132034649286e-02 1.280771191457427571e+00
6.112706582659716698e-02 2.398340046240792223e-01
5.576304265840809765e-02 3.828746224424544042e-01
5.425538021015947204e-02 4.230789543957496068e-01
3.989040866937538371e-02 8.061448621499904821e-01
3.721601546404258026e-02 8.774620142922000543e-01
5.943199367257018945e-02 2.850359287314623291e-01
5.923786537370018951e-02 2.902126833679956608e-01
1.186753982934524859e-02 1.553421364550797046e+00
6.829308856179377996e-02 4.874006501883454412e-02
2.322417314674037059e-03 1.807957964942027873e+00
6.617548766436648355e-02 1.052094222835624482e-01
2.897818367399124934e-02 1.097137528693567399e+00
4.505095991031943942e-02 6.685301623914823299e-01
5.742808720103970838e-02 3.384734346389433046e-01
4.590010977871056969e-02 6.458861659010521894e-01
5.520984022448511414e-02 3.976266873470672980e-01
6.767219616823377804e-02 6.529719551376644837e-02
5.884592392805205324e-02 3.006644552519459612e-01
3.092774705276641473e-02 1.045149171926231135e+00
5.283859973573807461e-02 4.608597670469853913e-01
6.817063907714721038e-02 5.200538460940973273e-02
6.884154027897498862e-02 3.411468589400379336e-02
5.495391059271632211e-02 4.044514775275669383e-01
6.630233112994904365e-02 1.018269298680289925e-01
4.554924259571175443e-02 6.552426241143554098e-01
6.052832688196691652e-02 2.558003764808829406e-01
4.301300201924779937e-02 7.228757061533956918e-01
6.303770631821542514e-02 1.888835915142588195e-01
3.662515264938077247e-02 8.932183560165134484e-01
