6.431685328598932272e-03 1.074087991732119995e-02 1.871988397904026158e+00
1.537196645270064166e-03 1.469266492592498363e-02 2.002508096126130788e+00
1.451749920552534989e-02 3.533034796407411721e-02 1.656366694519323168e+00
6.703437889063255939e-02 4.317684461010482845e-03 2.559165695831308041e-01
6.044925225206064512e-02 3.906900898802432437e-02 4.315199466117122240e-01
1.141937953118841997e-02 4.665643646001567911e-03 1.738983219168305006e+00
5.240324809240158588e-02 3.643231393540041774e-02 6.460800575359567643e-01
6.514759293163728537e-02 3.006329287611867775e-03 3.062308618230032975e-01
2.958424900793531209e-02 6.681830013227300046e-03 1.254586699788387882e+00
3.571176873926039386e-02 1.030262191505763869e-02 1.091186173619719035e+00
3.162469118857856587e-02 2.569130614315263961e-02 1.200174908304570742e+00
7.345022367313967793e-02 7.719502641363776806e-03 8.482737538293949608e-02
5.576908012959833072e-03 3.422224411994102128e-02 1.894782459654403617e+00
8.942941000929932605e-04 1.530173888443267516e-02 2.019652163997519345e+00
4.722940123151007918e-02 3.929205600027231571e-02 7.840493071597273156e-01
6.055977173652139778e-02 1.165319350641220650e-06 3.658427252973900146e+00
1.364321038911918416e-02 3.402623139836556676e-02 1.679681062956817961e+00
6.242531482120382280e-02 4.004877748796425302e-02 3.788249447678956328e-01
3.610698789999630676e-03 1.722360550347371662e-03 1.947214705600007534e+00
2.540139745364521084e-02 3.696260600676515989e-02 1.366129407902790582e+00
5.768155962533670633e-02 7.642969067341424429e-03 5.053250833243535522e-01
5.275063412277956887e-02 3.812023559939525102e-02 6.368164300592090710e-01
2.453680221896635538e-02 3.757960529495942004e-02 1.389185280827561542e+00
4.142353297032973225e-02 3.687171347280745332e-02 9.388724607912032338e-01
4.072241933409080639e-02 2.320880966134210820e-03 9.575688244242427372e-01
6.837737464407665777e-02 4.217887486938574904e-02 2.201033494912881805e-01
6.104050345712518089e-02 4.174569280739323651e-02 4.157532478099942308e-01
5.191921257332797468e-02 4.101112144766436846e-02 6.589876713779182493e-01
7.318108534994136050e-03 3.818880496255157818e-03 1.848350445733487390e+00
5.371704409919329792e-02 4.127833557601701120e-02 6.110454973548414825e-01
5.655143370798097757e-02 8.205262765014972870e-03 5.354617744538366919e-01
4.009170347079003827e-02 3.594133783685467959e-02 9.743879141122632204e-01
6.989120538524394577e-02 4.341018494114736413e-03 1.797345297268256870e-01
5.483339934895413437e-02 6.030458257211351002e-03 5.812760240278888046e-01
6.138984333971629626e-02 4.176468078729960592e-02 4.064375176075615270e-01
9.055208172183491777e-02 1.079139766484147429e-03 3.712221725822654195e-01
7.324358676176521976e-02 4.146517797519747028e-02 9.033769301959171383e-02
1.075890225843566250e-02 1.415091919237607132e-02 1.756595946441713352e+00
7.635424972870584470e-02 4.186414218168541673e-02 7.386680567843195711e-03
3.424544775840719646e-02 3.961771279831843851e-02 1.130288066442473927e+00
3.503422113165864660e-02 3.679468056114594543e-02 1.109254109822433776e+00
5.715252107520427116e-03 3.944184756719162042e-03 1.891093283799452962e+00
7.600168935708816187e-02 4.120924512242868376e-02 1.678829047764807125e-02
5.534013156191762428e-02 1.680489850475838653e-02 5.677631650155275933e-01
5.382269830704410063e-02 2.666782196873364753e-04 6.082280518121548907e-01
1.860131926028928129e-02 6.823378576684109055e-03 1.547464826392284998e+00
1.037146486300098702e-02 1.611415669371513886e-03 1.766927610319971365e+00
5.120103578003708245e-02 2.381073324152930236e-03 6.781390525323435226e-01
5.948397646252844007e-02 3.714801024978504895e-02 4.572606343325710254e-01
4.872287837720011561e-02 3.853669074022426921e-02 7.442232499413278246e-01
1.178720489314320774e-02 3.702447128855738956e-02 1.729174542849510665e+00
5.272580706691064323e-02 3.872906325550960760e-02 6.374784848823819017e-01
4.272015069146749278e-02 3.327709410641205810e-03 9.042959882275311001e-01
1.231931032634178691e-03 3.565546534410354851e-02 2.010648512463087734e+00
6.263963973785334483e-02 4.181978628216681537e-02 3.731096136572417121e-01
4.077559184385846913e-02 3.872120917556864245e-02 9.561508908304369170e-01
3.771058011948845434e-02 4.015924846762342765e-02 1.037884536813638903e+00
7.368345416990038088e-03 1.392710753160143755e-02 1.847010795546931483e+00
1.099899247022016746e-02 3.790288788954649518e-02 1.750193540794128033e+00
3.432287787271391666e-02 3.639147216033985360e-02 1.128223263394293241e+00
6.609031744406222708e-02 7.249213301815041720e-03 2.810915414916700383e-01
3.448617037690358822e-02 3.934751310003921365e-02 1.123868796615901999e+00
9.361280530208136719e-02 6.554144540604138307e-05 4.528414680555040706e-01
1.691837081073552240e-03 3.532419141004750074e-02 1.998384351171368145e+00
6.083472832876545000e-02 3.930261300503191252e-02 4.212405845662522408e-01
1.293283406771691957e-03 3.598309929788212624e-02 2.009012449152752566e+00
6.406591139959481873e-02 4.188045853961974707e-02 3.350757026774705549e-01
5.747845184879002423e-04 1.456435910810157525e-02 2.028172419506987012e+00
6.986142613424815850e-02 4.135721242717882440e-02 1.805286430867133474e-01
1.271696896514171171e-03 3.076427232808280100e-03 2.009588089426284974e+00
8.114151860155613405e-03 7.182828189026837194e-03 1.827122623729181328e+00
1.808946673020769835e-03 9.089167006361711931e-03 1.995261428719442343e+00
5.503017283169518714e-02 3.784359523200979403e-02 5.760287311547925837e-01
7.384859272888509574e-02 3.994835953848675097e-02 7.420420056306020751e-02
3.812872260123910395e-02 3.831253990770197571e-02 1.026734070633620099e+00
1.845437579926487159e-03 1.054749223301104655e-02 1.994288337868624694e+00
4.940286983454598990e-02 3.835313112531375801e-02 7.260901444121045101e-01
6.078149073053538964e-02 4.041471207145585359e-02 4.226602538523857033e-01
6.897307476313262187e-02 4.039063762992822770e-02 2.042180129831291380e-01
7.607892477488086003e-02 4.138804372531445369e-02 1.472867933650945371e-02
1.670425396149909092e-02 3.637220239042324860e-02 1.598053234360020447e+00
2.499179563387109171e-02 9.474284861392359702e-03 1.377052123096770053e+00
7.479308128990901083e-02 4.002771345476374698e-02 4.901783893575728523e-02
4.164113736782880382e-02 3.954548864331632746e-02 9.330696768578946587e-01
6.117304554179442411e-04 3.571766191971621762e-02 2.027187194522187319e+00
6.449981843500572631e-02 4.145901060027537555e-02 3.235048483998433921e-01
3.202425724496947568e-02 3.846888685775688710e-02 1.189519813467479814e+00
6.533359920776581065e-02 4.092869400656464624e-02 3.012706944595774372e-01
3.016903151419746132e-02 3.817092324013485194e-02 1.238992499621397236e+00
6.149492198065918680e-02 3.187142737950092973e-03 4.036354205157540731e-01
5.610931911668824712e-02 4.017775325023183880e-02 5.472514968883109843e-01
4.344785843194297337e-02 3.984609168958535425e-02 8.848904484815197646e-01
5.167734544232725769e-02 4.013305927089025338e-02 6.654374615379373692e-01
1.044295988939301922e-02 3.644460651658827655e-02 1.765021076282851986e+00
5.021842984136069832e-02 4.075444872169123323e-02 7.043418775637108054e-01
2.535120671560307792e-02 3.825020952127729940e-02 1.367467827583915607e+00
5.652999476744989538e-02 4.129006752317952722e-02 5.360334795346685111e-01
5.205964745513723402e-02 4.108091574982788985e-02 6.552427411963365200e-01
4.744385333225796531e-02 3.972030245077085714e-02 7.783305844731199796e-01
5.908709544378286382e-02 4.156366762492997441e-02 4.678441281657893525e-01
2.125406523732951969e-02 9.273580722360681705e-03 1.476724933671210493e+00
6.461920835367883365e-02 4.190992223101651371e-02 3.203211172352301572e-01
1.291737904717892016e-02 3.753017343078191015e-02 1.699036565408561295e+00
6.377441430188067473e-02 4.183690087251654838e-02 3.428489586165114344e-01
4.665482340932723682e-02 3.938067702560150984e-02 7.993713824179379257e-01
5.990935878224755429e-02 4.167615468226516795e-02 4.459171058067309401e-01
4.185271425459423378e-02 3.968316030730674460e-02 9.274276265441513400e-01
7.643436976359395396e-02 4.247865561786089150e-02 5.250146304157321531e-03
1.641841388236073285e-03 3.549211981371024061e-02 1.999717569647035731e+00
3.535395589207644684e-02 3.987645560287680913e-02 1.100727849544625769e+00
2.115920576062456371e-02 3.867778157952904416e-02 1.479254519716675986e+00
9.718477778853581994e-03 3.739295664003609854e-02 1.784340599230570312e+00
9.629583351512191469e-03 3.757281176895169855e-02 1.786711117293005913e+00
5.197233863178883639e-02 4.114466453585725186e-02 6.575709764856271233e-01
4.499180135102073819e-03 3.584604124639845929e-02 1.923521869730607570e+00
3.259898501330781018e-02 3.697657489594270014e-02 1.174193739645122747e+00
6.505401676547993561e-02 4.174373892751006426e-02 3.087262262538644775e-01
2.895232392684686518e-02 3.948372750456238811e-02 1.271438035284081280e+00
6.613143598457070504e-02 4.078926059394455406e-02 2.799950470781106260e-01
7.562662186820477694e-02 4.115184039224790286e-02 2.679009018120204200e-02
2.127094465909182275e-03 3.648374033190137505e-02 1.986777487575751344e+00
2.413658380555570859e-02 3.689991872364227488e-02 1.399857771851845456e+00
1.143837985864624984e-02 3.784189620819407990e-02 1.738476543769432503e+00
2.760874241732667878e-02 3.891901237820598325e-02 1.307266875537954398e+00
2.268425756549695416e-02 3.891969572862082061e-02 1.438586471586745574e+00
2.956891738184196095e-02 3.952700146646851570e-02 1.254995543150877246e+00
5.123698224072424645e-02 4.087628286502781316e-02 6.771804802473510021e-01
1.692868562685477529e-02 3.785996452372974302e-02 1.592068389950537011e+00
1.209057945129342337e-02 3.800833113620790543e-02 1.721084554632171582e+00
3.644382363081298537e-02 4.007451493575496515e-02 1.071664709844984742e+00
4.460320225322264576e-03 3.615761474002154169e-02 1.924558133991403963e+00
3.471290400860214953e-02 3.994576300651547784e-02 1.117822566437275178e+00
3.309214981611505180e-03 3.610740720007005189e-02 1.955254273823690880e+00
3.553110130004998035e-02 3.994132751250850655e-02 1.096003971998663395e+00
9.117933971749411781e-03 3.772816568972121171e-02 1.800355100753346704e+00
4.185598481003137417e-02 4.036810541952857989e-02 9.273404117324942630e-01
2.111782023210549697e-02 3.839506767692757450e-02 1.480358133810516286e+00
1.682851730752564501e-02 3.756698388294454904e-02 1.594739545132647152e+00
1.130241215839054847e-02 3.724190427743132720e-02 1.742102349109583059e+00
3.366582652021575528e-02 3.978276315487493803e-02 1.145744632794244211e+00
1.890544480770005309e-02 3.860783322713377819e-02 1.539354811794662936e+00
1.622455641236895951e-02 3.838856667454451643e-02 1.610845169003490618e+00
3.865176625266961152e-03 3.522678485272742743e-02 1.940428629992877241e+00
2.546172292835079121e-02 3.634854828385492009e-02 1.364520728577308439e+00
4.566582089078750906e-02 4.053654248312776875e-02 8.257447829123306660e-01
1.997571650630645956e-02 3.742615111223009799e-02 1.510814233165157283e+00
7.317781336796179426e-02 4.173381358777240868e-02 9.209165018768306066e-02
6.365052823803826754e-03 3.733711737126127472e-02 1.873765264698562305e+00
8.555952988616430388e-03 3.743422826708429213e-02 1.815341260303561022e+00
7.068037377799471499e-03 3.722796035607171816e-02 1.855019009925343632e+00
4.572835527317985205e-02 1.030977377944285178e-02 8.240771993818681862e-01
4.234214961971437263e-02 4.050035603349805280e-02 9.143760168076128236e-01
6.251905969781278161e-02 4.146526812662876954e-02 3.763250813916582116e-01
1.646553921170844370e-02 3.803945145374583447e-02 1.604418961021104373e+00
3.010302811509033005e-03 3.682557094585080931e-02 1.963225265026423472e+00
1.908275827377302336e-02 3.620902894892075174e-02 1.534626452699382249e+00
1.998343308127235873e-02 3.851927506963784276e-02 1.510608457832734786e+00
5.756411580488994539e-02 4.104579127893406842e-02 5.084569185362671773e-01
7.665026742626844525e-02 4.166898361340738016e-02 5.071247004942991410e-04
4.891498994667217715e-03 3.725220595390814349e-02 1.913060033475538546e+00
7.239032777547435571e-03 3.744842577101063774e-02 1.850459132598732737e+00
1.452804558743735208e-02 3.776170157946360378e-02 1.656085457668333483e+00
1.249162964127346898e-02 3.783098633028764840e-02 1.710389882899373326e+00
2.088074410587746621e-02 3.858837568136988527e-02 1.486680163843266733e+00
2.141691719262649174e-02 3.878862652105416475e-02 1.472382214863291239e+00
7.229505094257335229e-03 3.654375770736846551e-02 1.850713204153136893e+00
2.568498713303307701e-04 3.653891036372602236e-02 2.036650676764520718e+00
2.218033876116774772e-02 3.893238439421388419e-02 1.452024306368856266e+00
2.983658056516000356e-03 3.646047596626810633e-02 1.963935791826237676e+00
1.021044000125868878e-02 3.738914429675117834e-02 1.771221606633100798e+00
2.795403518806681420e-02 3.868173798631937416e-02 1.298059068318214493e+00
1.446302616307724997e-02 1.350404621349204914e-02 1.657819308984605833e+00
5.247655986503216297e-03 3.732390325068835057e-02 1.903562513693245251e+00
5.250869377422305584e-02 4.119459910195082813e-02 6.432681726873842321e-01
3.406702722256858828e-02 3.888462773593343025e-02 1.135045947398168664e+00
1.924585000947930113e-02 1.263836283876433597e-02 1.530277339747217802e+00
2.716260643496379301e-03 3.562316439689740960e-02 1.971066389506762384e+00
3.567125693180503432e-03 3.714615667334827953e-02 1.948376654848519074e+00
5.584687421279919961e-02 9.345820364019465087e-03 5.542500276586855845e-01
1.381440865262494044e-02 3.816408735093759774e-02 1.675115775929999273e+00
2.154506586996424167e-04 9.503536426890196731e-03 2.037754655768005740e+00
1.614479850066806443e-02 3.838538549994965909e-02 1.612972046648849300e+00
1.225997515062902943e-02 3.766303586050274987e-02 1.716567335983222087e+00
5.727880666646832652e-02 8.689500364550677147e-03 5.160651622275088668e-01
8.719719861166916330e-03 1.436349185888380342e-02 1.810974143702211769e+00
5.637507410891071102e-03 3.672810937195804259e-02 1.893166475709567642e+00
6.174353190004798486e-02 7.767149719483771274e-03 3.970058226653846445e-01
8.712627139725634406e-03 3.638493181636202889e-02 1.811163282940647434e+00
1.353215615667734129e-02 3.726475099755693909e-02 1.682642509155268584e+00
1.976411365157568212e-03 3.685295784272293179e-02 1.990795703595794386e+00
1.238358733818910318e-02 3.792297590364382409e-02 1.713271010981621600e+00
3.505356074115338616e-02 1.117858430796574154e-02 1.108738386902575535e+00
3.662473071299197913e-02 5.947629374855447314e-03 1.066840520986876761e+00
9.156043382782516615e-03 3.712943939532448168e-02 1.799338849792465389e+00
1.993150172905565343e-02 3.840180258276570946e-02 1.511993293891845447e+00
2.584008866288386996e-03 3.511058957974394490e-02 1.974593103565639218e+00
6.355851908009899076e-03 3.722427803032482552e-02 1.874010622453067043e+00
1.549848571290356192e-02 3.823028134927403815e-02 1.630207054322570848e+00
2.039839502281245998e-03 3.603599762300770115e-02 1.989104286605832606e+00
6.847752456259223464e-03 3.622999319746401936e-02 1.860893274499751726e+00
4.850438319680447363e-03 1.490078848580951576e-02 1.914154984808519089e+00
7.918953674143400234e-03 3.760279649193566665e-02 1.832327908689507012e+00
7.634064982683184952e-02 3.032148652412121857e-03 7.749344617816400493e-03
2.171444255277653335e-02 3.856582788087500185e-02 1.464448205259288649e+00
3.735432472001670723e-04 3.645449813129523348e-02 2.033538853407993230e+00
1.187833487401243615e-03 1.312567788601632507e-02 2.011824447002631189e+00
1.202255573930775812e-02 3.750301830427905936e-02 1.722898520285124135e+00
9.460584353129339319e-03 3.749787471497860458e-02 1.791217757249881970e+00
4.789090997057918186e-03 3.678375358732147854e-02 1.915790913411786534e+00
1.090013670448285177e-02 3.758324926017664325e-02 1.752829694547123118e+00
1.070367445114538130e-02 3.771413097325675146e-02 1.758068687969452704e+00
3.958827589365464250e-02 1.092095286237260848e-02 9.878126495025404408e-01
3.464295068450105874e-02 3.969671791378179965e-02 1.119687988413301305e+00
3.748703957166475698e-02 8.550839679348873346e-03 1.043845618088937499e+00
1.421450418144329375e-03 1.480752347227172472e-02 2.005594662182815568e+00
1.707334412105075694e-02 3.819163729213083391e-02 1.588210830105310833e+00
6.700327630861133144e-03 3.745697759130028892e-02 1.864824603177034135e+00
9.214003226673081470e-03 3.763117243790129601e-02 1.797793253955380699e+00
3.761343190271758397e-02 3.962424789092792998e-02 1.040475155927530260e+00
1.625282074113153230e-02 1.345173117902407484e-02 1.610091453569824971e+00
3.869018023957503105e-02 9.520339213541145762e-03 1.011761866944663524e+00
9.271875871399312685e-03 3.731382968685723750e-02 1.796249983429350827e+00
2.005589637893577526e-02 1.296193378683660469e-02 1.508676103228375531e+00
1.070479783086329684e-02 1.076793347956465918e-02 1.758038731176974956e+00
1.141911894749757239e-02 3.790818461427090252e-02 1.738990168066730568e+00
1.055429324195499008e-02 3.633167333175850444e-02 1.762052186881196469e+00
3.665207660490041319e-03 3.707223156637552003e-02 1.945761135720261770e+00
2.796146572678380460e-02 1.034732365912358065e-02 1.297860920619094749e+00
6.197660861062691262e-02 8.802301328026521099e-03 3.907904437166117573e-01
2.245403937448973986e-02 3.885505618063610223e-02 1.444725623346939436e+00
1.699756622799562800e-02 1.085403210628312770e-02 1.590231573920114272e+00
4.667669929367877779e-02 4.011310409549574685e-02 7.987880255018983133e-01
3.579680071921097217e-02 9.452727386807899257e-03 1.088918654154370280e+00
5.683505384850615072e-03 3.733706662163518986e-02 1.891939863070649430e+00
3.412832363542404879e-02 1.085758966741919712e-02 1.133411376388689717e+00
8.150082966432145581e-03 1.452679317895129441e-02 1.826164460895141950e+00
1.710140399461143601e-03 3.622941759980133347e-02 1.997896262681032375e+00
5.821184238049480208e-02 4.135822690479735997e-02 4.911842098534709988e-01
5.429079234947481458e-04 3.667726945887315321e-02 2.029022462040136254e+00
6.200716067129671827e-03 3.629095822808525718e-02 1.878147578209873103e+00
1.590253984785815200e-02 3.830711522639727862e-02 1.619432277390445485e+00
7.028245527644481905e-02 7.290343732272080123e-03 1.693011992948009192e-01
1.382428069898820888e-02 1.353236075742751676e-02 1.674852521360313595e+00
1.469936551418836446e-02 3.817930886397027934e-02 1.651516926288306486e+00
3.803744929842466094e-02 6.281026740946874486e-03 1.029168025375338580e+00
5.506091456537497153e-02 7.727018837187265253e-03 5.752089515899968530e-01
5.333161682507446544e-02 4.024230746938622233e-02 6.213235579980133094e-01
3.289345046687418284e-02 3.980751050183743700e-02 1.166341327550020956e+00
2.107595441932451352e-02 3.769826124386894267e-02 1.481474555484677325e+00
7.561210855331221281e-03 1.384952796204705350e-02 1.841867717191166598e+00
1.314995994458577344e-02 1.251559881342515640e-02 1.692834408144375580e+00
1.663817725016013271e-02 3.842448307048244860e-02 1.599815279995727479e+00
7.922403000253472327e-03 3.738467380596492695e-02 1.832235926659905090e+00
9.118176540168318467e-03 1.433083379656535650e-02 1.800348632262177340e+00
2.222046738409209909e-02 3.862330681740647892e-02 1.450954209757543190e+00
3.698840689803181703e-03 3.592111446564276445e-02 1.944864254938579506e+00
4.503765744697339757e-02 4.061495318578646485e-02 8.424958080807084526e-01
1.055248258397965821e-02 3.710709897347216901e-02 1.762100471093873466e+00
2.295116413284600809e-03 3.699983719936905668e-02 1.982296902312406850e+00
2.184694186294598717e-02 3.874315732673604129e-02 1.460914890321439508e+00
1.174569389559519672e-02 3.789980243420006112e-02 1.730281502784124292e+00
1.446925534304907557e-03 1.269488167089251329e-02 2.004915325751866817e+00
1.319677511537308001e-02 3.731240690051305930e-02 1.691586003590047405e+00
2.258900198037636087e-03 3.696411933143025491e-02 1.983262668052328870e+00
4.968064870199170868e-03 1.365744376193995385e-02 1.911018276794687942e+00
4.982192942799189284e-02 8.899960232217822391e-05 7.149152219202122849e-01
3.025160189223884133e-02 1.190384904748845174e-02 1.236790622873630063e+00
7.444453291195349265e-03 3.685206243479082627e-02 1.844981252234788371e+00
2.794931108714836243e-02 3.897086092806108931e-02 1.298185044342706540e+00
1.014062913124612331e-02 3.779706471969843801e-02 1.773083229833432917e+00
3.182112532301061003e-02 3.932577516871058748e-02 1.194936664719713271e+00
2.558493747077825176e-03 3.689802915444097275e-02 1.975273506744589014e+00
3.094346256536471829e-02 1.180217431737478478e-02 1.218341004923605198e+00
2.870309075079555128e-03 3.707736585790512296e-02 1.966958431331208068e+00
1.856491617889154122e-02 1.259468725020574525e-02 1.548435575229555106e+00
2.173596172330648224e-02 3.752087207171803107e-02 1.463874360711826306e+00
5.058062873360621992e-03 3.719487453029319407e-02 1.908618330043712952e+00
1.362248315744439553e-02 3.814520847912417773e-02 1.680233789134813804e+00
9.847645920965639177e-03 3.701895199432336803e-02 1.780896115440913974e+00
3.746832405650023234e-02 8.995209385397391622e-03 1.044344698493323342e+00
4.251158628281501151e-03 3.722606940805889969e-02 1.930135776579159135e+00
1.920151632308728096e-03 3.684544367389878256e-02 1.992295963138431603e+00
2.770087831609734097e-02 3.938924628403209921e-02 1.304809918237400446e+00
1.835380114967143095e-02 1.305066441628995044e-02 1.554065309342092860e+00
4.074994366282767844e-02 3.996914116093431418e-02 9.568348423245928158e-01
6.626403430267267802e-02 5.715683423106901993e-03 2.764590919287276405e-01
2.290269851870073425e-02 3.899713427660386061e-02 1.432761379501311438e+00
4.559507551543116877e-02 4.047611979718229724e-02 8.276313262551678873e-01
4.251529628024428020e-03 3.713632860880219932e-02 1.930125883252681085e+00
1.154401460370967081e-02 3.766942033513727417e-02 1.735659617234404983e+00
7.552609806792273672e-03 1.452768940662230168e-02 1.842097078485537054e+00
2.786198988216845307e-03 1.291526621553068521e-02 1.969201366980880330e+00
1.065166343841604524e-02 3.746190197229756075e-02 1.759455648308901665e+00
1.010747744383420910e-02 3.782134866521604660e-02 1.773967274831083962e+00
2.514470040981250931e-03 3.701662610239458279e-02 1.976447472240497660e+00
1.012605000593756743e-02 3.681217737756965758e-02 1.773472006508330701e+00
6.879584936034674469e-03 3.739443901250248670e-02 1.860044408372406366e+00
9.786803867623081188e-03 3.685637116218121873e-02 1.782518570196717000e+00
2.076869313452776866e-02 1.100040023864740091e-02 1.489668189745923854e+00
5.662054498837330863e-02 4.744776331863777806e-03 5.336188069767108244e-01
