4.330195898110882069e-02 6.521346461809962580e-03
2.847401389189079673e-06 1.369248129335423281e+00
3.117596306290463734e-05 5.199806719051778270e-01
3.086493950472499366e-04 2.740933215143218082e-01
3.854536819993645020e-03 1.631244970550255191e-02
2.957311579740721803e-03 2.470741908669832343e-02
3.881632527417040474e-03 7.812648141562739124e-03
1.788752823255916353e-03 3.974622448475378933e-02
7.190339493133826761e-04 2.243499736250417764e-01
1.179027412438600226e-03 7.057007445604640550e-02
