8.480132507626542832e-03 1.496964937966246412e-01
2.480598003072283404e-03 3.096840805847352884e-01
1.056067875717111096e-02 9.421526047543615778e-02
3.317372836590133829e-03 2.873700850242607574e-01
1.077864475643271550e-02 8.840283382846003679e-02
7.721225858288872229e-05 3.737743671044554405e-01
1.404831078274011887e-03 3.383711985793588228e-01
9.367298607824665196e-03 1.260387311246732311e-01
1.122521249400272939e-02 7.649436082659299974e-02
1.332153304188817347e-02 2.059247954964782412e-02
8.696963291453824879e-03 1.439143395612304532e-01
3.312781316076558909e-03 2.874925255712909022e-01
7.400228066978338688e-03 1.784939455472419612e-01
1.434825730161145077e-02 6.786834042975864456e-03
5.196946300241552137e-03 2.372481259935562692e-01
1.340297929667396207e-02 1.842057942202679488e-02
1.033893176557028684e-02 1.001285135847914676e-01
1.091519158039607265e-02 8.476158518943421871e-02
1.200544441318436920e-02 5.568817631508260479e-02
1.292481222646231845e-02 3.117170129433433079e-02
2.135994610167631265e-03 3.188735043955289727e-01
5.244623719253678658e-03 2.359767281532328953e-01
3.893588485480341602e-04 3.654504580387182289e-01
1.137240209794472892e-02 7.256930472147005151e-02
1.236940597503107322e-02 4.598253466583568372e-02
3.936590830633986300e-03 2.708576051830898779e-01
1.283246283085655651e-02 3.363435184382279619e-02
1.789921322077854711e-03 3.281021254112533869e-01
6.022808114641469215e-04 3.597725390276204083e-01
6.008629243735426513e-03 2.156032475003862858e-01
2.994792217296445187e-03 2.959722348720924545e-01
7.148080477612579926e-03 1.852178812636636751e-01
6.333987514950918836e-03 2.069270269346398239e-01
7.061020087739529501e-03 1.875394916602753925e-01
5.928998405706338744e-03 2.177267365144938127e-01
1.267916010952625967e-03 3.420222670412594868e-01
3.834279579575013315e-03 2.735859052113306378e-01
1.230575493211867946e-02 4.767989581016618406e-02
1.429133614120410740e-03 3.377231309567881867e-01
7.578050576186508465e-03 1.737520119683574338e-01
5.767485155576530971e-03 2.220337565179583139e-01
6.978227866011617493e-03 1.897472842396893400e-01
4.205257168802119423e-03 2.636931694986063279e-01
3.420704649557866801e-03 2.846145700117893584e-01
5.488019219612135131e-03 2.294861814770073893e-01
1.003613455020143166e-02 1.082031059946261253e-01
5.686694118549902484e-03 2.241881841720002599e-01
8.659654559584357286e-03 1.449092390777481087e-01
4.394976600191465195e-03 2.586339846615600679e-01
3.968298514967901099e-03 2.700120669341884438e-01
1.037171031987112538e-02 9.925441880343577328e-02
3.084995375467765484e-03 2.935668173208557663e-01
8.335016760481723380e-03 1.535662470538198265e-01
1.360551646542303497e-02 1.301958825538485076e-02
4.247118443000482031e-03 2.625768688533166584e-01
7.542021591170862578e-03 1.747127849021065105e-01
1.183247469541156074e-02 6.030070212235749683e-02
2.822909283982282316e-04 3.683056025760463870e-01
7.611506245371509223e-03 1.728598607900907469e-01
8.153786138899461050e-03 1.583990636293438614e-01
5.300167398026707673e-03 2.344955633859521216e-01
6.897921034046588032e-04 3.574389045758749051e-01
1.097398045545191006e-02 8.319388185461484841e-02
9.906350222640043085e-03 1.116640213962646344e-01
9.238066420652907978e-03 1.294849227825852767e-01
3.007601813197998027e-03 2.956306456480525258e-01
7.926902278428588772e-03 1.644492999085686025e-01
5.883775917751983726e-03 2.189326695266099465e-01
6.133597737049652394e-03 2.122707543453402623e-01
6.064797489925351399e-03 2.141054276019868086e-01
7.746875252148639930e-03 1.692500206093657811e-01
1.918040884012779841e-03 3.246856037596553834e-01
1.605374944888844808e-03 3.330233621362951313e-01
1.866840035473400945e-03 3.260509597207069676e-01
1.167488969692505492e-03 3.447003214748641797e-01
1.292292865396678717e-02 3.122192989421812559e-02
1.437842625737835618e-03 3.374908906469872294e-01
