4.344192521412658034e-03 3.831769790465863398e-03 1.823403390433842031e-02
5.901408728546110941e-03 6.302962189944066179e-04 2.549819994278924584e-01
4.112821871434740872e-02 8.950358726228686834e-05 1.194363599049261815e+00
3.482410996466787576e-03 3.464448488529042747e-02 4.746806760884791920e-03
1.270830026923240250e-03 3.445740264531634706e-02 6.372229928204309335e-02
2.381280461017208291e-03 3.565137588057475104e-02 3.411028770620394557e-02
3.546516934365083126e-03 3.547657310125049146e-02 3.037315083593949971e-03
1.267555324119427548e-03 1.354585111118465288e-03 6.380962469014772598e-02
5.518380836456188848e-04 3.144884702728684145e-02 1.123267822305474839e-01
1.881729121239256175e-02 6.039729230399044219e-04 5.994055323304660066e-01
2.263999469232112413e-03 3.526566808173234313e-02 3.723778082047612958e-02
1.724045428203573732e-04 3.239999476749777507e-02 9.301364552478663672e-02
2.280489549954132708e-03 3.409449602928028844e-02 3.679804533455410809e-02
2.555804157320316558e-03 3.374363254023435288e-02 2.945632247145735239e-02
1.430381661089232259e-01 8.344353494360058632e-05 3.911962196237950273e+00
1.512558489179914242e-03 4.677947875752394222e-03 5.727620695520141414e-02
9.736701770656757543e-04 3.498774787842098832e-02 7.164656194491147989e-02
2.505841193664332112e-02 4.490830140944351151e-04 7.658354183104877366e-01
3.064157619760697268e-03 3.467317091339823520e-02 1.590023013971386678e-02
1.764527121779156313e-03 3.555153642225899330e-02 5.055704341922162559e-02
1.827944697993575882e-03 3.440332136834877569e-02 4.886590805350377043e-02
2.791658542883932934e-03 3.524708386813930200e-02 2.316687218975943541e-02
3.226650056235623107e-03 3.567395794809228443e-02 1.156709850038251108e-02
2.290211922389482832e-03 3.561571884578496050e-02 3.653878206961291841e-02
5.448248096330803730e-04 3.532677843129426037e-02 8.308243840978069006e-02
2.460670113098415920e-03 3.552463176067081896e-02 3.199323031737322243e-02
1.826624400327046469e-03 3.537194916644820220e-02 4.890111599127788811e-02
1.914195030233432557e-03 3.487170312939598393e-02 4.656589919377129849e-02
3.084592347009694133e-03 3.416910532473203810e-02 1.535530407974061706e-02
1.624536639171112948e-03 3.503559046942470584e-02 5.429012295543611533e-02
2.193412566067141564e-03 3.549352182196881256e-02 3.912009823820572496e-02
1.559321973459702401e-03 3.474094105061432264e-02 5.602918070773743597e-02
8.482381600258253468e-04 3.548885281052610585e-02 7.499141573264378469e-02
2.488486688362266316e-03 3.492524661045952328e-02 3.125145497700387853e-02
1.735018092102573461e-05 3.531293321704343652e-02 9.714842850876881375e-02
9.160566464294066930e-04 3.438043877044696245e-02 7.318292276187865486e-02
5.561730337839115162e-04 3.500578649110133722e-02 8.277981909909482017e-02
4.180919976017310330e-04 3.425330304129216991e-02 8.646198006395000579e-02
3.922358702862678570e-05 3.290812447676880192e-02 9.865706232075954762e-02
1.257372409209032635e-03 3.474434645315539749e-02 6.408116908775529641e-02
1.019558620195924400e-03 3.549598343946699930e-02 7.042287012810632962e-02
8.133622312195814413e-04 3.471537174800815029e-02 7.592144050081028883e-02
3.114439747176232440e-03 3.538963205443993593e-02 1.455937340863144858e-02
2.332205485064391820e-04 3.535475417656379349e-02 9.139188537315778849e-02
9.784595728112282370e-04 3.487017632573275600e-02 7.151884472503156065e-02
1.547017595249165420e-03 3.468662402155948260e-02 5.635729746002138274e-02
