2.137680414525783626e-02 3.551537373203128567e-04
1.370475416467148433e-06 4.861582099346806185e-01
2.034094402633284532e-03 1.497624368716032883e-02
1.306702516930501740e-03 1.773283813465675873e-01
5.008659186366941352e-04 3.413265987423208525e-01
2.205023673858146765e-03 2.489665138144525613e-03
1.658347243720416364e-04 4.092410232130594405e-01
9.520930189357047768e-04 2.655106493824932468e-01
1.597223267418807630e-03 1.064815246042394303e-01
1.854775183322509430e-03 2.764701835553107223e-02
6.550031984019315245e-04 3.368706759298489839e-01
1.388646234893296111e-03 1.499514323947515049e-01
1.135010448132096200e-03 2.313934907427339649e-01
5.677170631119415889e-06 4.431367613912617909e-01
7.172241594956448030e-04 3.350808081070233424e-01
