2.718752318862663764e-03 1.475640840909897555e-01
1.427917684322997476e-04 3.358551049043190240e-01
7.289681995952400524e-04 2.143092739190799456e-01
4.006986841277648814e-02 7.090644632556930560e-05
4.053429711199790786e-02 2.924576106400067488e-05
1.332062176861294016e-04 5.124960987900384346e-01
2.913278642177378596e-03 1.297860550641738442e-02
3.295149995798759678e-03 1.095419087151494608e-03
2.608589727308473563e-05 1.602559512827370636e+00
2.168033147404816851e-03 1.930426126640782947e-01
1.693612915525870115e-04 2.672307934966267062e-01
3.399330723192995826e-05 6.724912102426272575e-01
