5.206115844495935729e-04 3.278375374800845954e-02
1.334129779600779636e-03 1.108993521064349785e-02
1.510358622898378550e-03 6.390499389374193484e-03
1.528745359262624615e-04 4.259007504196543614e-02
6.986084333692257897e-05 4.480377351101449968e-02
5.270890296582460277e-04 3.261102187577624711e-02
7.614099586528040586e-04 2.636246376925766022e-02
5.106772575518177260e-04 3.304866913194914879e-02
4.387372822409647821e-04 3.496706847357189396e-02
4.939166147976854770e-04 3.349561960539415573e-02
1.626090348818987757e-03 3.304320031491281284e-03
9.414245318990384359e-04 2.156207514935659653e-02
1.744742192932625252e-03 1.402708551261344638e-04
1.273222765291837782e-03 1.271412225888046699e-02
4.858057015998465400e-05 4.537124746239951101e-02
8.559623110294262149e-06 4.643847271705792146e-02
1.673987196481110939e-05 4.622033274760117827e-02
1.393403714707409230e-03 9.509296941131895053e-03
5.609976210727458945e-04 3.170679277139254459e-02
4.867992878074718643e-04 3.368541499179689147e-02
4.708484783801820950e-04 3.411076990985795199e-02
1.645168008391529463e-03 2.795582442888688846e-03
6.746656571006044711e-04 2.867564514398002196e-02
9.752384803898180021e-04 2.066036985627062172e-02
1.679800910682194975e-03 1.872038381804275176e-03
1.669378875957628489e-03 2.149959307792714824e-03
1.733447168460456461e-03 4.414715077187825187e-04
5.356543303938095246e-04 3.238261385616270083e-02
1.644640416898369290e-03 2.809651549372960133e-03
2.673624103497369842e-04 3.953706505733944887e-02
1.590082671612192550e-03 4.264524757004339861e-03
7.393559576358461893e-04 2.695057046304172310e-02
1.356762450297688966e-03 1.048639732539258240e-02
4.183601124578724406e-04 3.551045966778620944e-02
5.571861849653532428e-04 3.180843106758968197e-02
9.418754005638858839e-04 2.155005198495918428e-02
1.153285954492256488e-03 1.591243721353596818e-02
1.333061517676526614e-03 1.111842219529024511e-02
1.637796689095683683e-03 2.992150957447536896e-03
1.484632367214400867e-03 7.076532874278784746e-03
4.432237373566023930e-04 3.484742967048970463e-02
1.242086804697607044e-03 1.354441454139476697e-02
6.959329723721270622e-04 2.810851673673941953e-02
3.922647057223900557e-04 3.620633718073240637e-02
1.669088603687408218e-03 2.157699901665255382e-03
4.426146379456936952e-04 3.486367232144726991e-02
2.095253117457736292e-04 4.107938768677699137e-02
9.305620828217071872e-04 2.185174045808691012e-02
1.235979890377148643e-03 1.370726558993884403e-02
5.648626323039376840e-05 4.516042898051897403e-02
1.337117801435486197e-05 4.631016458628001153e-02
1.518458609022877576e-03 6.174499759387552800e-03
3.696683916878280851e-04 3.680890555498739225e-02
1.709361110847174708e-03 1.083766377404815628e-03
8.360037010768268939e-04 2.437329730461557098e-02
1.063813122597501853e-03 1.829837939739609176e-02
1.596548152787747449e-03 4.092111925659169813e-03
1.494476764383401851e-03 6.814015616440238787e-03
1.480712800704820503e-03 7.181054647870555030e-03
8.717639125916838705e-04 2.341969166422086523e-02
1.245625630029490588e-03 1.345004586587639217e-02
1.158675244289576051e-03 1.576872281894226013e-02
1.252947266628934991e-03 1.325480222322750201e-02
2.806795353660247738e-04 3.918194172356881388e-02
1.273441857842956548e-04 4.327088437908455099e-02
1.373731390731814522e-03 1.003389224714923422e-02
1.560770816159563062e-03 5.046174235742606484e-03
1.116320154968198503e-03 1.689819186751084779e-02
6.658061337687544434e-04 2.891189909949898329e-02
1.027098418770123339e-03 1.927743816612914607e-02
1.631159927443216057e-03 3.169131268178526639e-03
1.475700407504543926e-03 7.314718466541636488e-03
1.007345769494339544e-03 1.980417548014856699e-02
1.571045937344795612e-03 4.772171004136405159e-03
1.245587802208392852e-03 1.345105460777529238e-02
1.124548669797394151e-04 4.366793288053938404e-02
9.581580452853073748e-04 2.111584812572275816e-02
8.559827784630942571e-04 2.384052190764696100e-02
3.835300801342429733e-04 3.643926052974966190e-02
9.222061085627404620e-04 2.207456643832306220e-02
1.437283212908264940e-04 4.283397409890743468e-02
3.892017202632505612e-05 4.562885807929561999e-02
1.216194301232754321e-03 1.423488130045602595e-02
9.172106535912834258e-04 2.220777857089673013e-02
8.931492903125788640e-04 2.284941492499403815e-02
1.183282572575706376e-03 1.511252739797730449e-02
1.491945000779527214e-03 6.881529312545042742e-03
