6.211312624313059666e-02 2.305564206079682016e-02 7.852054335165136179e-01
2.980190444522013565e-02 1.898278572047022023e-02 1.646838014794127503e+00
6.285028025917760441e-02 2.351388990039588595e-02 7.655479930885932260e-01
7.051098902720187578e-02 1.277883721118146243e-02 5.612624259412822836e-01
7.501340198751738075e-02 2.597929377682050428e-02 4.411980803328673373e-01
7.759416280081843365e-02 2.688119918581667600e-02 3.723777919781711132e-01
6.512163299115691917e-02 2.551519958641975533e-02 7.049785869024781659e-01
7.064934673812583998e-02 2.313101164157285727e-02 5.575728869833084245e-01
4.276417535845612045e-02 1.113239484651618733e-02 1.301177457107836055e+00
9.174137986031538627e-02 2.643112750363781766e-02 4.881329608412809939e-03
2.247345847504778754e-02 2.219329737159900923e-02 1.842263240665391599e+00
7.124836937875855813e-02 2.536459091644157476e-02 5.415989498997707541e-01
4.482955539559941444e-02 2.426525801311544411e-02 1.246100656117348215e+00
2.457896275886890802e-03 2.035797618399545761e-02 2.376011565976345885e+00
3.449913258269122346e-02 2.199456442992860777e-02 1.521578597794897014e+00
5.820998014853285413e-02 2.390227264984760847e-02 8.892893293724534187e-01
3.208698917598661743e-02 2.926859768076273127e-03 3.297208511359639438e+00
6.203648605170098557e-02 2.517092860112062763e-02 7.872491719546380606e-01
8.043036592046293176e-02 2.691214063401869971e-02 2.967457087876511634e-01
4.767044083744809840e-02 2.282063425206658225e-02 1.170343711001380349e+00
8.852779071386562837e-02 2.921649251628046645e-02 8.081438096358073420e-02
4.752191534474044243e-03 2.150309135358648843e-02 2.314830359080688460e+00
6.038287702852785516e-02 2.547982786370098923e-02 8.313454125725882049e-01
5.394502225578500648e-02 7.562771420634162300e-05 3.880089393487597960e+00
1.426728248282372463e-02 9.552228358660881657e-03 2.061094600458033277e+00
8.648250631664378130e-02 2.731051674120426459e-02 1.353552982228299895e-01
2.805520092071168287e-02 2.271576992783258531e-02 1.693416775447684763e+00
4.799078278587377150e-02 2.398469018200929254e-02 1.161801259043362400e+00
3.553832298048165833e-02 2.015500169839169742e-02 1.493866853853820231e+00
4.502646004508704253e-02 1.919401671086187755e-02 1.240849865464341839e+00
4.336660433475193061e-02 2.114277090787509278e-02 1.285112684406612971e+00
4.518513957935000463e-02 1.108402382429271582e-02 1.236618411217329516e+00
7.758320029674548035e-02 2.506702442813263376e-02 3.726701254201180147e-01
1.245721895343325503e-03 6.683237615496641360e-03 2.474774717209151653e+00
9.731057671079168525e-02 1.485779614450264546e-02 1.533932456211141160e-01
7.886249318212967818e-02 2.642360356623025403e-02 3.385556484765394059e-01
7.134242046327432529e-02 2.458293193416297845e-02 5.390909209793502965e-01
4.906351577829626970e-02 2.502381383454957420e-02 1.133195045912098742e+00
9.055612502599863500e-02 2.682755202553796514e-02 2.672546597336722396e-02
9.200314475549371818e-03 9.947647730368859575e-03 2.196213747318682685e+00
4.250194057337320502e-02 1.055795553693029271e-02 1.308170384710045653e+00
2.110371592873428598e-02 1.793077947402563904e-02 1.878789708567083494e+00
3.578380201088971618e-02 2.410006017303144982e-02 1.487320746376270542e+00
3.369577250020195508e-02 2.373104588469270027e-02 1.543001533327945651e+00
2.733446239770599001e-02 1.150022378678063062e-02 1.712636469394506200e+00
3.997691194318598457e-02 2.298818822601531031e-02 1.375504481515039679e+00
8.854785665472875156e-02 2.701237184613912434e-02 8.027928920723226280e-02
7.261370255380017458e-02 2.653677728067498770e-02 5.051900652319928353e-01
6.934615622914341859e-02 4.046976082179576384e-05 4.290786299443820617e+00
3.567272020758916612e-02 2.045850229294601808e-02 1.490282927797621504e+00
7.603118565488016511e-03 1.968872193071333904e-02 2.238805638253649199e+00
2.446144343530799042e-02 2.352335840353705215e-02 1.789250308391783229e+00
6.921807129175172602e-02 2.611603714745821397e-02 5.957402322199499833e-01
8.993849269480980180e-02 2.748219068122025738e-02 4.319566147173758974e-02
7.505388717993055625e-02 2.539613397094830916e-02 4.401184752018493240e-01
5.086007709546248173e-02 1.839042757310491855e-02 1.085286744120996794e+00
7.219144021591661353e-02 2.554673332635244709e-02 5.164503942422226102e-01
8.434312357748045830e-03 6.275434499287461942e-03 2.666470462873280489e+00
8.627512044877516662e-02 2.607319026295716602e-02 1.408855880326597143e-01
7.902712004769540943e-02 2.666149804551957991e-02 3.341655987281199058e-01
4.156951524918672120e-02 1.667239985428288496e-03 3.550075873311642205e+00
6.681021966354594444e-02 1.263096058917574649e-02 6.599496089721056391e-01
7.051128194303102337e-02 2.601825260504606746e-02 5.612546148525020540e-01
3.198095451374361603e-02 2.379659019749850307e-02 1.588730012966834693e+00
3.635979288634206413e-02 2.455621138039024848e-02 1.471960989697542743e+00
7.482567620057645197e-02 2.624464593091061643e-02 4.462041013179572913e-01
3.661225522681722105e-02 2.092251151492913186e-02 1.465228660618205225e+00
3.279405326528699038e-03 6.408205771481219337e-03 2.529006275374094947e+00
2.908955054203177931e-02 2.368236268923482740e-02 1.665834118879150338e+00
1.335473530881426535e-02 1.410692297023117409e-02 2.085429191764949231e+00
1.961992507389721113e-02 2.323367048868667933e-02 1.918357464696072157e+00
3.414901609142407396e-02 2.368965526059587517e-02 1.530915037562023961e+00
7.168640073164722626e-02 2.669376706322908882e-02 5.299181138227381238e-01
2.189042590055290810e-02 2.181204275600743397e-02 1.857810775985253571e+00
5.098105730559055609e-02 1.908794136323633400e-02 1.082060605184249624e+00
4.904058344165130451e-02 2.557769947218806877e-02 1.133806574889297814e+00
6.312958306920724016e-02 2.562564832603649034e-02 7.580999181544710863e-01
6.429502669648512470e-02 2.617971538038698504e-02 7.270214214270608322e-01
1.438756515348361270e-02 2.033616221172122179e-02 2.057887062573766634e+00
4.384248766274757153e-02 2.282285058391400612e-02 1.272422462326727732e+00
4.568449401552620442e-02 1.394157433277233571e-03 3.659808640414028424e+00
3.101128113104201917e-02 2.145616226696091255e-02 1.614587969838878756e+00
9.074037029581172309e-02 2.741451510891364240e-02 2.181225877835302196e-02
1.658319021101813118e-03 2.199793796100848325e-02 2.397333626103947957e+00
4.923818072491881886e-02 2.359083937113674867e-02 1.128537314002162617e+00
1.131822557147444536e-02 2.163524862401890181e-02 2.139736118094011097e+00
5.526725746397904981e-03 2.170569082759983559e-02 2.294176113429386987e+00
6.669381414811444142e-03 2.051080696846100532e-02 2.263705295605027423e+00
3.972815027433173468e-02 1.916795150720705665e-03 3.500972807315512192e+00
5.717388769137422139e-02 2.553429860861671646e-02 9.169184615633517721e-01
3.771174083053708409e-02 2.342668706000047146e-02 1.435909044519010358e+00
4.778476537587679485e-03 2.214250664789032402e-02 2.314129425664326334e+00
1.103908639572426936e-02 2.312799740343908506e-02 2.147179829447352084e+00
4.704903171222552666e-02 2.523405196097337072e-02 1.186914621007315596e+00
4.551815317587360604e-02 2.539636652649809173e-02 1.227738048643369773e+00
2.407502855165895295e-03 2.243762080041004914e-02 2.377355390528905765e+00
2.480657847437817837e-02 2.306103751296071508e-02 1.780046707349911550e+00
3.258333587413132088e-02 2.463230410183436803e-02 1.572666510023164044e+00
2.934949108229344822e-02 3.495630041886264860e-03 3.224208562194488259e+00
1.412100288703872775e-03 2.263120316998940007e-02 2.403899458967893032e+00
8.123940399296210313e-03 2.163178258736862120e-02 2.224917056018766992e+00
1.712868806768875346e-02 2.352372694133241654e-02 1.984790451528297694e+00
3.419844407725148444e-02 2.446294216879300182e-02 1.529596957939958202e+00
1.142730451521807578e-03 2.234859271449549101e-02 2.411082654626084398e+00
3.350617268299627832e-02 2.408911232414225057e-02 1.548057528453430365e+00
9.371380532602453794e-03 2.311580665738947882e-02 2.191651985797267166e+00
9.566285031324624211e-03 2.324807794186543874e-02 2.186454532498007808e+00
7.493559347564356099e-03 2.309824611063651667e-02 2.241727217398281624e+00
8.593352623354262587e-03 2.318465051146571115e-02 2.212399396710549304e+00
6.292401108670360455e-03 2.242944990915119591e-02 2.273758103768788175e+00
4.981519665080494375e-04 2.235289697069244713e-02 2.428271414226448321e+00
1.454724568796923745e-03 2.264766508114526150e-02 2.402762811498746487e+00
7.418266199784480375e-03 2.237048522908024334e-02 2.243735034672411643e+00
8.098112437845757239e-03 2.275842474204411298e-02 2.225605801657444260e+00
9.123487867696081222e-04 2.261594504635340563e-02 2.417226165686141570e+00
4.500771033558399747e-03 2.285155217835278807e-02 2.321534905771773794e+00
4.794106320001774446e-03 2.275563454302728661e-02 2.313712631466615655e+00
8.997375654057455929e-03 2.318723239522492430e-02 2.201625449225130815e+00
5.193967347638273752e-02 2.563253725249296788e-02 1.056497507296456639e+00
6.480243294005749721e-02 2.637288546500655279e-02 7.134905882651308984e-01
1.386976791783756796e-02 2.206598089378269956e-02 2.071694988857664121e+00
7.714168570268749303e-03 2.302088126780551386e-02 2.235844304792831139e+00
5.349197096044567418e-02 2.576418171479382541e-02 1.015102907721447956e+00
3.639729972604233837e-02 2.464180370636388784e-02 1.470960807305536910e+00
1.912839915153864007e-02 2.368649155116669264e-02 1.931464822625632571e+00
3.300455644641993314e-03 2.241480554975645856e-02 2.353543316142876485e+00
1.894164891215089491e-02 2.263523431377805623e-02 1.936444829009307256e+00
9.423064352210748507e-03 2.276496668996783046e-02 2.190273750607709680e+00
1.203338759724904145e-02 2.326788688087629009e-02 2.120665130740024829e+00
2.550768210272898184e-03 2.213309271988588706e-02 2.373534981059388649e+00
3.574450435859722469e-02 2.486167257158131833e-02 1.488368683770739942e+00
5.376405804259921234e-02 2.581325651297438489e-02 1.007847252197353605e+00
1.660868689189632513e-02 2.316391878047916603e-02 1.998657149549427636e+00
1.277967865177601081e-04 2.214836782141910848e-02 2.438147552359524184e+00
3.104931071263535014e-03 2.280007164496519745e-02 2.358757304766303520e+00
5.061092774937481914e-02 2.560825366432260830e-02 1.091930726683334463e+00
4.210772517111507907e-04 2.256830174709521103e-02 2.430326739954367099e+00
2.174443170689367016e-02 2.398710211590295016e-02 1.861703954482831769e+00
7.808059651777450594e-03 2.312908623520820717e-02 2.233340542619264291e+00
1.853178334920036613e-02 2.332531644201493032e-02 1.947374577354654690e+00
1.935446351905490553e-02 2.379195284584967318e-02 1.925436439491865492e+00
1.159677036545193191e-02 2.333449763651534309e-02 2.132308256921278122e+00
7.738366683984650163e-03 2.311794350066928572e-02 2.235199021760405635e+00
3.458138260297339422e-02 2.409433406072902101e-02 1.519385263920707274e+00
3.756851662868661290e-03 2.274518900801830029e-02 2.341372755656832005e+00
1.302702685681168121e-02 2.333840095239410328e-02 2.094168083818352954e+00
2.509438756211353205e-03 2.266683446981756361e-02 2.374637099834360221e+00
4.712684770280185093e-02 2.511125075240856069e-02 1.184839527925283242e+00
7.554477624627253807e-02 2.683745546511157737e-02 4.270281000993979559e-01
2.815967082095250512e-02 2.420342274883860445e-02 1.690630911441264317e+00
3.758685964823416797e-02 2.496974719068221354e-02 1.439239209380418494e+00
7.987130514513685053e-02 2.673263662472185470e-02 3.116539961296814765e-01
2.044174479791405902e-02 2.375784025254589621e-02 1.896442272055622880e+00
4.684264222844635589e-02 7.463523305334743285e-04 3.690692592758568757e+00
5.895708227182850508e-02 2.608479624397256474e-02 8.693666060845693933e-01
2.362656128596774679e-02 2.414988597504038464e-02 1.811513832374189725e+00
1.176988927539375507e-03 2.254982857035364718e-02 2.410169095265612960e+00
5.127216639547083760e-02 2.485432382433016424e-02 1.074297696120773971e+00
5.366142013308595332e-02 2.544541430611397398e-02 1.010584263117704218e+00
5.660329376142903685e-02 2.585036547813312352e-02 9.321342996952218796e-01
4.161698136459508757e-03 2.273100106438325635e-02 2.330576849694412367e+00
2.659909472301776046e-03 2.203491726355610164e-02 2.370624547405282279e+00
2.292226570762877919e-02 4.295372613328546363e-03 3.052815885536763751e+00
7.244158565014935380e-02 2.672498916966101895e-02 5.097798493293480560e-01
7.017236466037808651e-03 2.282295270342517973e-02 2.254429160905657703e+00
1.797391520720702934e-02 4.715170696659339022e-03 2.920859872192185236e+00
9.077301182862991535e-03 2.314915359457339616e-02 2.199494101790318012e+00
3.816791472515686234e-03 2.285032119490434249e-02 2.339774360732911340e+00
5.672189184062437911e-02 2.578468937871580824e-02 9.289716842500127525e-01
7.528073108286632842e-03 2.296719974242769635e-02 2.240806850445689058e+00
4.469441708030997412e-02 2.517254013931673196e-02 1.249704344525066624e+00
1.277689259274217976e-02 2.344909964497373517e-02 2.100838330860206327e+00
1.604944866199289888e-04 2.258326058553182525e-02 2.437275613690133014e+00
2.507930869234010346e-02 2.403667765310191218e-02 1.772773901537596508e+00
5.617673762546172150e-02 2.574879085560198566e-02 9.435091299876851023e-01
3.308037187487167935e-02 2.443647005957320928e-02 1.559412216670086337e+00
5.372155071587202818e-02 1.509292239333034913e-04 3.874130152423251872e+00
2.531781469443557253e-03 2.263434900758312662e-02 2.374041294148168113e+00
5.404617428413972108e-02 2.577689898078857483e-02 1.000324152422940038e+00
5.197194791470550329e-02 2.573004541799503442e-02 1.055636855607851032e+00
2.998289556119549532e-02 2.430254818592857136e-02 1.642011585034786059e+00
2.167758477934834255e-02 8.731637563901585575e-03 1.863486539217373839e+00
3.630303955406122968e-02 2.476165347839402037e-02 1.473474411891699809e+00
3.287041140036424391e-03 2.281393120628540105e-02 2.353901036265693136e+00
1.704690756713856531e-02 2.373745077781725527e-02 1.986971264876302712e+00
3.129496152654349939e-03 2.274574435879444384e-02 2.358102235929213641e+00
6.127691806940960967e-02 2.614542842373832054e-02 8.075043181490747513e-01
1.342034025227002020e-02 2.348843895094226975e-02 2.083679726606129101e+00
2.486813331172411240e-02 2.422919090392205987e-02 1.778405245020686642e+00
1.378497346370955584e-02 2.339493318632908381e-02 2.073956174301074817e+00
7.183021367403903679e-03 2.292432819656728404e-02 2.250008230202560355e+00
4.362881750771825662e-03 2.281377154074112207e-02 2.325211953312749102e+00
4.260410377035051682e-02 2.506728529680529033e-02 1.305446032790649191e+00
2.700618885332975450e-04 2.250627602037193892e-02 2.434353816305776519e+00
3.414893494524363221e-02 2.477530273853979781e-02 1.530917201460169075e+00
8.340266110219499152e-04 2.261236934662781695e-02 2.419314757039412456e+00
2.181273339301992992e-02 2.385151982664861919e-02 1.859882576186131509e+00
1.339024506027087363e-02 2.342587961291839327e-02 2.084482265059439676e+00
4.806599596533026042e-04 2.254364022641397458e-02 2.428737867742576384e+00
3.445943413174269027e-02 2.424560629587815819e-02 1.522637223153524566e+00
1.879302173453479413e-02 2.385617907035592067e-02 1.940408220412401796e+00
2.170953397088733194e-03 2.255976788998672461e-02 2.383663376077631568e+00
2.877354331970306128e-02 2.445534907865417468e-02 1.674260978141250966e+00
2.101223346125625363e-02 2.399134654279754669e-02 1.881229241033164357e+00
8.779165932279904550e-03 2.302322108057991423e-02 2.207444375139200332e+00
3.874445102467383856e-02 2.471911089350123381e-02 1.408370106008693945e+00
3.335108443155328228e-03 2.281589651068306052e-02 2.352619241515854220e+00
4.560762382224699263e-03 2.278343033141760204e-02 2.319935136474007287e+00
4.571147001502483959e-02 1.343214010748154663e-03 3.660528000400660176e+00
3.166558726293800669e-02 2.459275641976756827e-02 1.597139806321652422e+00
7.354206937343754635e-02 2.654249643194275809e-02 4.804336167083310682e-01
1.983492513676322205e-02 2.349217034760753275e-02 1.912624129686313346e+00
3.858098664435767600e-03 2.267319386077890075e-02 2.338672835615045464e+00
1.835001979718538234e-03 2.270552788636688579e-02 2.392622080540838247e+00
1.689261574421216383e-04 2.103882865603830948e-02 2.446060164198455844e+00
7.747625768553881298e-04 2.230490320957013994e-02 2.420895131283855584e+00
1.029330533628492611e-02 2.258392472303193815e-02 2.167067324365734571e+00
3.026612148934060970e-02 2.449230617962414730e-02 1.634458893617583009e+00
1.037543004861108537e-02 2.327487121189605879e-02 2.164877332037034030e+00
3.329668513313344819e-02 2.472226700099473817e-02 1.553643863116440649e+00
4.918798586513662557e-02 2.542025344998313785e-02 1.129875843596352958e+00
5.830869364886404754e-02 2.597300105717424007e-02 8.866569693636215943e-01
1.809189451657478714e-02 2.379168343181697204e-02 1.959104946224670130e+00
3.322389655796798708e-02 2.467992361966385439e-02 1.555584891787518131e+00
1.512197574244512205e-02 2.361937264190800551e-02 2.038302780201459719e+00
2.115617939139980558e-02 2.379295425190183777e-02 1.877390682896002971e+00
1.988854398609130741e-02 2.390617374620731400e-02 1.911194293704228109e+00
3.458942120137094289e-03 2.278471212688275294e-02 2.349317010129676753e+00
1.989189605341924044e-02 2.345610661295462890e-02 1.911104905242151375e+00
4.743496079299920620e-03 2.284743399260903696e-02 2.315062237885334717e+00
1.316350147242485030e-02 2.347221075785057426e-02 2.090528760735335112e+00
3.460090710616710308e-03 2.270669952243424550e-02 2.349286381050217365e+00
5.271204914835646987e-02 6.690246910220770671e-04 3.847210110622838464e+00
2.617217479632317351e-02 2.430731467650088656e-02 1.743630805431379827e+00
9.276695465341051883e-03 2.321993165270046927e-02 2.194176920924237884e+00
5.489696216198226147e-02 2.559418652908914543e-02 9.776364756804721834e-01
5.802354549554212398e-02 2.582696519990998474e-02 8.942609201188743695e-01
2.791562526302755753e-03 2.248189391036042178e-02 2.367113799298592447e+00
3.073110977520950027e-03 2.243399671412734525e-02 2.359605840599439119e+00
1.250660816218725213e-03 2.251930584696299614e-02 2.408204511567499928e+00
2.101597673727385179e-02 2.394615322460485335e-02 1.881129420339360259e+00
3.046265865909226350e-02 2.456515111024200337e-02 1.629217902424202613e+00
1.389487675292067764e-02 2.353709407102604761e-02 2.071025419922114530e+00
5.367670727420510712e-03 2.187119921973771502e-02 2.298417580602118981e+00
1.462349498755156213e-02 2.329639456603462694e-02 2.051595600331954650e+00
1.010925909515359572e-02 2.314068917358851757e-02 2.171975224129236715e+00
1.625971423874286725e-04 2.205462616770877127e-02 2.437219542869666356e+00
3.690365306945121021e-02 2.483806324546217192e-02 1.457458051481297368e+00
2.385605058888107949e-02 2.414784893949623729e-02 1.805394117629837147e+00
5.483911258798886135e-03 2.217854880009340751e-02 2.295317833098695637e+00
4.832503338850913793e-02 2.550474101036254160e-02 1.152887909639752628e+00
3.192113223227089486e-02 2.444209861452822236e-02 1.590325273806105777e+00
3.801178899066511019e-03 2.281588377114911192e-02 2.340190696024890826e+00
7.620987544500035238e-02 2.681035364111083313e-02 4.092921214666532803e-01
1.005668413363481478e-02 2.328425284397278583e-02 2.173377223103067912e+00
2.592958852643734852e-02 2.427308277822401439e-02 1.750099772628335160e+00
5.650634203671851818e-03 2.295750956536999482e-02 2.290871887902081738e+00
5.493576770210790994e-03 2.288467286596666123e-02 2.295060086127711507e+00
1.550004889877232978e-02 2.318116459286569120e-02 2.028220829366067512e+00
4.647059201552290741e-03 2.290256639157197543e-02 2.317633887958603367e+00
1.058071400572225401e-02 2.321838864939401725e-02 2.159403093180736199e+00
5.624369607069990701e-02 2.591755557652525993e-02 9.417235714479986752e-01
2.784026981791665883e-02 2.440651514102280817e-02 1.699148271522221698e+00
1.062193644962528688e-02 2.330871887355383948e-02 2.158303828009988656e+00
3.597367416948527713e-02 2.451148980023048346e-02 1.482257488813725210e+00
4.898542126407801761e-02 2.539619768834443930e-02 1.135277566291250650e+00
7.810951157593788718e-03 2.288622062044897570e-02 2.233263435797496754e+00
1.281408116449623408e-02 2.346915952623532253e-02 2.099846635613431545e+00
2.977285017237164128e-02 2.452500866121365419e-02 1.647612795403419206e+00
2.926196888180754990e-02 2.438633155539702418e-02 1.661236296485131270e+00
2.504868527418303153e-02 2.406750852475356833e-02 1.773590526021782132e+00
1.961032031405086223e-02 2.386673702261610241e-02 1.918613591625306647e+00
1.882327752573343532e-02 2.291966112763393210e-02 1.939601399313772845e+00
2.404046960677520134e-02 2.397870570449577021e-02 1.800476277152660565e+00
2.125105163845065342e-02 2.396760829196904058e-02 1.874860756307978882e+00
5.905890804968739333e-02 2.607789569210500202e-02 8.666512520083323734e-01
8.446323420252650760e-03 2.315304298737690114e-02 2.216320175459927100e+00
1.754440125338153217e-02 2.376080111414561463e-02 1.973704766576491743e+00
6.669094648319114083e-03 2.302706763989122163e-02 2.263712942711486598e+00
8.039043446485545641e-03 2.313827224130923094e-02 2.227180974760383236e+00
8.600485867779131266e-04 2.262400386436282801e-02 2.418620837685918623e+00
8.040739046062735096e-03 2.312287982336706099e-02 2.227135758771656704e+00
1.717759059483692924e-02 2.374777786211282327e-02 1.983486384137678193e+00
4.399192798659002507e-02 2.502767338301206679e-02 1.268437387024263785e+00
2.238397849053586769e-02 2.406599252540498474e-02 1.844649373585709462e+00
4.420906935813729427e-02 2.529511109422006437e-02 1.262646950449668459e+00
2.758033655739711848e-02 2.432486973251561657e-02 1.706079825136073147e+00
1.829091466022848139e-02 2.347603023338685341e-02 1.953797742393903469e+00
3.074793372547224984e-02 2.446277845859113481e-02 1.621610567320739271e+00
1.597502622777809134e-03 2.229472261568798963e-02 2.398955396725921396e+00
7.910869471177257861e-03 2.313435274604315472e-02 2.230598947435269430e+00
4.582044761473847566e-02 2.541844434367733496e-02 1.219676863606973249e+00
8.899124362282873069e-02 2.740313353977635868e-02 6.845563672456467241e-02
1.605195902679502212e-02 2.366543203526518674e-02 2.013503225952129050e+00
1.644786023486173587e-03 2.261765255831667265e-02 2.397694506040366491e+00
2.617440847688119743e-03 2.262490802401720402e-02 2.371757044061646447e+00
3.687987933119741407e-02 2.412216671093278531e-02 1.458092017834733412e+00
6.322158246250209057e-02 2.603519534370186961e-02 7.556466009999417421e-01
6.651956356523165692e-03 2.296928331206256335e-02 2.264169963826048182e+00
3.943931911921162020e-02 2.501692065106609492e-02 1.389840290154356062e+00
