7.681816883666522065e-03 1.587373803102223757e+00
2.060757030100822396e-02 1.242687045306443583e+00
4.720596045365253735e-02 5.333966412359285592e-01
2.308418895262341619e-02 1.176643881263373270e+00
3.347489355534792599e-02 8.995584251907211559e-01
2.274422646613570576e-02 1.185709547569713695e+00
4.893953793577708600e-02 4.871679083792739284e-01
5.786055845581559998e-02 2.492740278449150360e-01
3.342518612870025441e-02 9.008839565679909178e-01
2.550538854297220402e-03 1.724207883885405135e+00
3.419470561941560793e-02 8.803634368155814904e-01
3.291569308460483290e-02 9.144704377438688248e-01
6.235358921206056448e-02 1.294598743450507961e-01
4.597293122922495312e-02 5.662774205540004324e-01
1.590440888050255984e-03 1.749810496318656039e+00
6.061568072026533860e-02 1.758041007929205257e-01
4.957633419658911966e-02 4.701866747576226579e-01
1.003713652093461695e-02 1.524565279441741250e+00
2.098684705744612022e-02 1.232572998468102643e+00
1.745149985172299301e-02 1.326848923954049742e+00
4.071878242453473573e-02 7.063880553457395628e-01
4.545244483314390960e-02 5.801570577828267794e-01
4.894918928407697434e-02 4.869105390912769060e-01
8.837413123522028235e-03 1.556557903372742135e+00
2.865260807226042983e-02 1.028152704739718093e+00
8.656767434533238492e-03 1.561375121745776529e+00
1.173735846473865363e-02 1.479226027606968419e+00
5.106841900786028565e-02 4.303977464570567513e-01
9.802869115793408361e-03 1.530812410245508293e+00
1.672880323122537261e-02 1.346120833833986286e+00
6.960183104475200187e-03 1.606617370547325674e+00
1.649239252330610660e-03 1.748242539937848061e+00
6.593602122241425112e-02 3.392835406895100547e-02
6.520139611566054538e-02 5.351835691571649178e-02
1.243033947813619589e-02 1.460746533916364331e+00
4.037454805128278500e-03 1.684556791863243586e+00
2.929313705029022719e-02 1.011071931992258310e+00
4.932455619854601847e-02 4.769007547054386897e-01
3.608163491291425939e-02 8.300453223222841181e-01
4.531026334716233527e-03 1.671394884407564785e+00
4.174305729053549852e-02 6.790740589190495946e-01
4.364503919483751770e-02 6.283545414709972299e-01
1.491820846370271736e-02 1.394403360967926719e+00
5.087580399157419497e-02 4.355341468913525027e-01
5.893597972913354466e-02 2.205961272231031778e-01
4.248968075774726960e-02 6.591640997934038460e-01
3.371565127910679249e-02 8.931382192238150886e-01
4.666115257715096332e-02 5.479248512759720136e-01
5.292382663875259963e-02 3.809202096332602316e-01
1.396103161675042725e-02 1.419928076886654456e+00
3.383564579284333539e-03 1.701993864552413971e+00
1.966374346817410801e-02 1.267855760848686675e+00
5.481294284731651201e-02 3.305437774048907151e-01
2.163275847123866807e-05 1.792799126892564043e+00
1.042246519373278557e-02 1.514289848167123420e+00
1.050789610217449377e-02 1.512011690608679348e+00
1.021217556238472601e-02 1.519897571669739822e+00
6.316407582862203218e-02 1.078468979034101771e-01
6.526272105155704606e-02 5.188302529180832678e-02
5.235801428820584247e-02 3.960085389811767165e-01
1.370144925370996025e-02 1.426850273234397282e+00
1.413967983328697463e-03 1.754516440444567227e+00
4.862948153043630470e-04 1.779254391591882811e+00
2.916823487540283998e-03 1.714440293665591586e+00
1.231176790980902103e-02 1.463908442405088994e+00
3.834835747081365154e-02 7.695993874449684746e-01
2.448740061331776408e-02 1.139224903644855846e+00
1.550132503007704832e-02 1.378853585864608267e+00
5.666163797768851429e-02 2.812452405949721346e-01
3.008505276610005941e-02 9.899541795706627845e-01
3.911641536969588662e-02 7.491178434747740589e-01
3.036129679022877247e-03 1.711258795226054286e+00
5.851056931330321509e-02 2.319404049785771527e-01
6.517668360204574574e-02 5.417735727877781571e-02
3.449305984042337625e-02 8.724073242553758156e-01
3.021287928578451909e-02 9.865454723790771929e-01
3.313851023097356963e-02 9.085286471740343650e-01
1.446979684255066123e-02 1.406361004198646736e+00
1.573413858947490807e-02 1.372645224280666820e+00
5.138746264479342185e-02 4.218899161388383057e-01
2.055698965491757624e-02 1.244035862535529002e+00
4.366556083281757095e-02 6.278072977915276631e-01
4.534556159740586734e-02 5.830072774025079063e-01
4.239840892391709415e-02 6.615980153622085247e-01
4.015852561211715431e-03 1.685132851701017120e+00
5.841624196612847653e-02 2.344558009032398083e-01
1.476492168497752465e-03 1.752849128840057613e+00
2.709883044220372239e-02 1.069586774874565105e+00
1.113991613053698371e-02 1.495157823185678136e+00
2.583997815432702294e-02 1.103156169217945237e+00
6.255697496051591810e-02 1.240362543862398859e-01
3.766492132065456244e-02 7.878243514492093702e-01
2.119196015967171609e-02 1.227103315742086753e+00
2.340615053061821660e-02 1.168058239183511926e+00
6.032034269521434344e-02 1.836797814609485435e-01
6.282431878987780605e-02 1.169070856032576877e-01
2.119311335724537171e-02 1.227072563806786309e+00
1.443982062942027189e-02 1.407160369882123785e+00
1.472692346349367687e-02 1.399504294306832985e+00
2.907298572471538056e-02 1.016942634007587554e+00
3.530709500541949486e-02 8.506997198554793194e-01
3.052745003266895372e-03 1.710815719912881949e+00
2.424102087792688598e-02 1.145795029921945929e+00
3.199187136465496406e-02 9.391056836091986604e-01
3.132170824789314023e-02 9.569767000561806292e-01
3.843352358738248709e-02 7.673282910031313797e-01
1.179068196036368865e-02 1.477804067723634152e+00
2.218189583205275317e-02 1.200705031145257617e+00
6.631487660428743956e-03 1.615382582388563026e+00
4.147817004782526629e-02 6.861377187246557874e-01
1.844108520288777198e-02 1.300459981256323783e+00
2.659517648723837800e-03 1.721301782700695338e+00
7.770206442226020548e-03 1.585016748207302317e+00
4.267996120828908280e-02 6.540899544456206804e-01
5.450619682217448803e-02 3.387236714086765410e-01
6.607989983354419471e-03 1.616009187110547973e+00
7.473739148105436846e-03 1.592922542717186030e+00
3.278921703626912210e-02 9.178431323661544461e-01
1.921903526364697468e-02 1.279714646302743564e+00
4.389099137721771092e-03 1.675179609660748969e+00
2.723432910539046181e-02 1.065973477189583907e+00
1.517761023248785646e-02 1.387485980466989677e+00
3.822326586639798393e-04 1.782029382435626363e+00
2.121758440325248463e-02 1.226420002579931445e+00
2.908916488965472558e-02 1.016511189609206500e+00
3.065194035571260078e-02 9.748371771809964947e-01
1.811692609117264430e-02 1.309104224235393854e+00
2.038124591305464327e-03 1.737872264231850483e+00
2.478903762127181165e-02 1.131181250099416058e+00
3.500700995418103145e-02 8.587019878885020496e-01
1.391927735955199308e-02 1.421041523745279367e+00
5.570908242132895614e-03 1.643664700209788609e+00
9.050907429466445442e-03 1.550864721880893971e+00
3.344267901903416260e-04 1.783304205594920422e+00
8.950862460487471473e-03 1.553532587720330316e+00
1.231524199423915389e-02 1.463815800153618785e+00
1.321690112158434294e-02 1.439771556757750037e+00
4.127231137097660783e-03 1.682162756344061538e+00
1.484574325509567527e-02 1.396335766530781175e+00
1.699380529359671710e-02 1.339054112170750432e+00
3.149570726153057797e-03 1.708233700635917618e+00
5.254575200915419762e-03 1.652100247975587965e+00
5.775646900552085759e-03 1.638205002651940578e+00
4.186540395194414399e-02 6.758114812814857153e-01
1.888124996003635869e-02 1.288722254399026657e+00
4.033921152780436080e-03 1.684651022592520864e+00
3.711063037527203255e-03 1.693260572332607072e+00
1.399656475848475023e-02 1.418980526440405843e+00
6.668365660149276619e-02 1.399141062685727022e-02
3.779855721195655993e-02 7.842607276811546235e-01
4.034059666791554866e-02 7.164730088555830712e-01
2.577697217499784477e-02 1.104836328666723322e+00
3.818362303971588323e-02 7.739923056075741492e-01
2.926603661855840810e-02 1.011794610171774966e+00
8.310168396606018582e-03 1.570617762757172020e+00
4.243120023564149468e-02 6.607235803828896969e-01
9.168081791538038039e-03 1.547740072225650021e+00
2.305159991504733552e-02 1.177512922265400608e+00
3.864032848340158421e-02 7.618134937759539760e-01
3.939876808404572939e-02 7.415884377587782517e-01
4.308845025587911513e-03 1.677319719317651892e+00
2.144075675798727543e-02 1.220468739787002210e+00
2.044610867358274964e-02 1.246992688704456231e+00
4.194870190614018168e-02 6.735902025029276707e-01
5.200907151428245390e-02 4.053136796191307845e-01
2.520167179412634295e-02 1.120177672156628557e+00
2.236086201130758899e-02 1.195932599698461996e+00
1.478367264642498069e-02 1.397990982761996737e+00
2.141672795387504491e-02 1.221109507896663171e+00
1.474553565411483580e-02 1.399007969223600600e+00
4.235546125260934713e-02 6.627432865970832587e-01
4.982206168643961951e-03 1.659363422169493507e+00
1.354993594710361682e-02 1.430890628077233107e+00
1.183948799175736644e-02 1.476502573553136077e+00
1.135994564533902851e-02 1.489290369457623608e+00
2.697546225126619922e-03 1.720287687329955961e+00
1.513904913041027277e-03 1.751851455652238432e+00
4.032364206618165026e-02 7.169251315684870285e-01
