1.628819383383224573e-03 3.329989010680513978e-02
4.244996847846548710e-02 3.347956103509769354e-04
1.517337631843950624e-02 2.437216327789711035e-03
2.827490382954003789e-04 3.510695512121511652e-02
2.189636891915050509e-04 3.529432606615327817e-02
3.829494173995688644e-03 6.817061615377734141e-03
9.571747847251163566e-04 3.435681023176192367e-02
3.692707481767653482e-02 9.844727739569264502e-04
1.137888425494643085e-05 3.530995025361155504e-02
2.739598114410656676e-02 1.927745281213630313e-03
4.065943057036324609e-02 7.739590632943882387e-04
1.384903759978450138e-02 2.833923944410052242e-03
2.882584974453316490e-02 1.668143385707095139e-03
4.361128817753933545e-02 1.855662679454972430e-04
3.776000243095253839e-04 3.506561919637993241e-02
