2.494398899548034773e-02 2.473534344793645867e-02 4.831047467871868450e-01
3.762227000181651848e-02 1.371918937872459998e-02 1.450172532848920393e-01
4.116448096417270330e-02 2.561935567553683124e-02 5.055829428872563036e-02
4.766650426817797132e-03 2.372703328280505175e-02 1.021167108618191266e+00
2.433670329989047129e-02 1.330939091184719231e-02 4.992990320029183637e-01
2.646291519418154589e-02 2.491469540449863657e-02 4.426000481551578547e-01
2.134313110264506388e-02 7.942011167901601165e-03 1.717427949403867560e+00
1.111193105908593257e-02 2.252462010103610524e-02 8.519596250910393964e-01
3.326937285258192711e-02 2.342710466906958167e-02 2.610945105978129677e-01
2.657773539980047214e-02 2.480143727843860807e-02 4.395381760053168607e-01
2.272879630261771464e-02 2.456971956383628697e-02 5.421765519301918745e-01
2.065728365875708558e-02 2.461172123125635047e-02 5.974168890998071690e-01
1.356110645460951655e-02 2.421657473729669358e-02 7.866482812104119704e-01
2.697967546987457485e-02 2.392684849274535203e-02 4.288197741366756022e-01
2.753539470600064806e-02 2.481523846031938318e-02 4.140005945066455029e-01
3.752108028004787210e-02 2.364809562808094234e-02 1.477156458653877957e-01
3.918391145643897178e-02 2.445055229813861836e-02 1.033734811616266180e-01
2.840884634349195512e-02 1.466290869416975867e-02 3.907085508402136087e-01
3.419437904207168338e-03 1.014209178383684157e-02 1.239462797445523679e+00
4.270415793861338793e-02 2.552105771574483817e-02 9.500241636975520487e-03
1.062362865573286339e-02 2.028240543230228066e-02 8.649810225137893882e-01
2.126366738496422368e-02 1.558520040626186487e-02 5.812466564009516334e-01
1.807274738233633979e-02 1.162291818204053834e-02 6.663378564710270568e-01
2.446792583142022234e-02 2.334878121008601704e-02 4.957997644954598160e-01
1.132800521486033649e-02 1.103103042537207507e-02 8.461976476037219586e-01
4.066138376004492516e-02 2.294692559884143473e-02 6.397421973213304747e-02
4.543085132081682576e-02 2.338593994049641134e-02 6.321158188845096837e-02
6.265299324101258199e-03 2.347555849410975365e-02 9.812031380239655265e-01
7.990306089453828864e-04 2.140361898851970979e-02 1.126970303761452685e+00
2.271235483408618958e-02 2.010777814429919735e-02 5.426149910910310625e-01
2.653314211543445975e-02 2.322883311255142386e-02 4.407273302550801519e-01
1.007860571248243506e-02 2.300696457699260428e-02 8.795149676671326633e-01
4.967510094133976289e-03 9.522211420871465326e-03 1.280744722510237077e+00
1.392517881259724283e-03 2.072078886559707012e-02 1.111143976499738395e+00
8.013806641608677700e-03 2.389028278731616245e-02 9.345762762237647125e-01
3.066221832255265969e-02 7.135260155757008893e-03 1.965936941934736781e+00
3.106597063692363367e-02 2.511971520488962689e-02 3.198519030153673670e-01
5.240618897394144077e-03 1.260215861104963669e-02 1.008527949402820534e+00
1.138280461650721317e-02 2.311901660253003893e-02 8.447363302264704332e-01
4.383096094894522315e-03 2.369309119353822657e-02 1.031395224136145261e+00
2.938281262246779033e-02 2.256942106957644800e-02 3.647361167341883759e-01
2.611550634279936542e-02 1.409394617186943838e-02 4.518642841920145203e-01
7.551545513559309447e-03 2.389061434080944069e-02 9.469032396384174932e-01
2.436626523027406524e-02 7.613669689739074875e-03 1.798044859473971302e+00
6.488145104330798885e-02 2.851877316604224666e-03 2.878449814488209135e+00
4.342375233497451636e-02 6.304210037976945569e-03 2.306244515599316536e+00
1.190857573421878410e-02 2.204107474982466841e-02 8.307157670874981692e-01
3.372768776022262716e-02 2.511912308321197218e-02 2.488727797273943276e-01
4.035564641346069126e-02 2.518023677870965399e-02 7.212721564104743188e-02
4.380685502896063815e-03 2.362010025076292236e-02 1.031459506589434527e+00
2.087750963958035985e-02 2.462307853717898842e-02 5.915441962778561491e-01
7.798817283866886496e-02 6.490728125762706968e-04 3.227962395697832498e+00
3.484625571882339623e-02 2.530842696858308372e-02 2.190443008313752993e-01
4.051393951509842106e-02 1.811383407079430324e-02 6.790606626404130375e-02
2.154867829800967069e-02 2.465850919579309214e-02 5.736463653864048995e-01
2.996406941608876703e-02 2.410991924803967956e-02 3.492359355709623303e-01
1.049370671393502416e-02 2.399240905531530715e-02 8.684456076283969539e-01
3.174444294520607779e-02 2.330842424405847602e-02 3.017593081278341360e-01
4.450370712520658467e-02 2.511317421877447276e-02 3.848773667217639249e-02
3.058804031914031871e-02 1.242685236943642108e-02 3.325967114895905796e-01
1.258140945811626540e-02 2.012574117771706583e-02 8.127735344502290404e-01
1.865385399526632224e-02 2.260324528010128342e-02 6.508416801262290052e-01
3.482145237848800756e-02 2.527733603843866639e-02 2.197057232403160365e-01
3.643754500774100402e-02 2.136112339273978089e-02 1.766099197935694642e-01
2.654104191804896803e-02 2.462597427038152459e-02 4.405166688520251173e-01
4.434322206363649349e-03 2.073266407418222768e-02 1.030029194496967060e+00
2.432984895669455458e-02 2.338752583842828442e-02 4.994818144881413291e-01
1.405647961199486470e-02 1.129046494699424696e-02 7.734383303468012061e-01
2.618264375298641131e-02 2.243871021322772080e-02 4.500739532536918164e-01
1.512976904146358034e-02 2.398580549367287928e-02 7.448172788943036027e-01
3.458973923920362348e-02 2.329099988527387477e-02 2.258847402879010924e-01
4.857327289537922976e-04 2.199722747588610250e-02 1.161230659438764024e+00
2.661382857026573998e-02 2.267375313644267448e-02 4.385756914595778655e-01
2.383267308857960412e-02 7.673245021499928986e-03 1.783815735695453819e+00
3.190010582649761839e-02 1.360366505418035554e-02 2.976082979600597200e-01
6.361425248165419183e-03 2.167862320369334794e-02 9.786397800489182730e-01
6.928908871283844667e-03 1.235607078365744127e-02 9.635068834324284071e-01
5.375986813632060296e-03 2.155155358987868863e-02 1.004918138303144248e+00
6.030066581276781468e-02 3.411619036614826905e-03 2.756295541673805971e+00
2.861451220887435351e-02 1.330324157582205014e-02 3.852241277633466909e-01
1.101830640078472687e-02 2.399976282756161733e-02 8.544562826457396953e-01
2.133002063669399082e-02 2.385684615682041876e-02 5.794772363548245098e-01
4.326645015308782510e-03 2.366516695840696627e-02 1.032900586258430176e+00
4.248183317903998779e-02 2.561257759462711586e-02 1.542890189226323039e-02
5.780070534670266047e-02 3.755997611557107541e-03 2.689629929245403339e+00
4.931428668396364151e-03 2.213357158083187337e-02 1.016773022176094665e+00
4.257925482193815336e-02 2.570022700631326845e-02 1.283099141497881512e-02
3.613030001697904725e-02 2.513243990937652494e-02 1.848031195472216448e-01
2.697901503861689296e-02 2.474020555236189356e-02 4.288373856368804526e-01
2.973183521103873669e-02 2.504100639459815036e-02 3.554288477056327666e-01
1.615411037779967279e-03 2.352313799410879480e-02 1.105200158992530435e+00
6.760779668482407023e-02 2.453623567320796506e-03 2.951152364928637972e+00
2.222049070437815896e-02 2.464099376145823667e-02 5.557313678832481729e-01
3.136387736087355160e-02 2.511372954984799483e-02 3.119077237100348343e-01
3.003457139311006482e-02 2.413107314933562314e-02 3.473558828503958695e-01
2.790638774776811257e-02 2.318403019715505053e-02 4.041074467261812631e-01
4.087652983985702593e-02 2.468780993800040457e-02 5.823699093714221342e-02
7.551286389794863857e-03 2.351063206868057864e-02 9.469101496054693756e-01
3.486988677422563077e-02 6.583584771544012670e-03 2.078141433979346253e+00
2.610126810929159699e-02 2.184523502466483719e-02 4.522439704188868648e-01
1.784870921061522051e-02 2.440494759802928904e-02 6.723122077169235711e-01
2.420859685159127903e-02 2.049914048207008427e-02 5.027152039575649711e-01
1.308898177984675268e-02 2.392784766521154072e-02 7.992382725374175267e-01
2.675712256373042816e-02 2.391580962518356085e-02 4.347545183005180336e-01
4.427001776487025919e-02 5.836070807819962458e-03 2.328811593729869678e+00
3.315529815127839230e-02 2.439319939802071791e-02 2.641365026325753762e-01
1.510152514545116606e-02 2.218971511500933413e-02 7.455704494546316896e-01
1.937325642608623763e-02 2.310232464208754333e-02 6.316576153043645947e-01
3.084721197193839720e-03 2.273312503694921438e-02 1.066018554741495317e+00
2.837894145992892955e-02 2.304287661784840818e-02 3.915060144018928101e-01
6.549034896627213553e-02 2.686399871450598220e-03 2.894687092433921194e+00
4.241983899273550629e-02 2.557840866124821283e-02 1.708208019371607045e-02
4.303800403036263378e-02 2.520435114044025648e-02 5.976791903289646601e-04
7.666645482941202017e-02 1.685296487144979927e-03 3.192716582117649970e+00
1.832495939432888729e-02 2.286406855808678640e-02 6.596122028178924568e-01
5.709111961515144634e-03 2.329932002575738070e-02 9.960348010262604079e-01
3.340736145377666555e-02 2.507550704071916103e-02 2.574148145659532760e-01
3.022926620133637929e-02 2.509978389368522356e-02 3.421640212976956308e-01
3.450081630638958397e-02 2.484145405412570978e-02 2.282560184962739991e-01
9.129649764417113039e-03 2.382841612199862458e-02 9.048204596155412505e-01
1.831314704702436888e-02 2.447986848215116112e-02 6.599271987460159083e-01
1.287047128465325027e-02 2.417097893320227509e-02 8.050652190759094440e-01
3.724323742945047366e-02 2.529458331662588072e-02 1.551247885479850874e-01
1.424784390644530038e-02 2.352863878440094453e-02 7.683352824947881077e-01
1.567914842306495846e-02 2.296244409932007846e-02 7.301671620515987060e-01
2.573628821361918437e-02 2.422061218587000242e-02 4.619767676368208287e-01
3.969807307690943754e-02 2.530954275108076440e-02 8.966250461574457042e-02
2.097513912250571419e-02 2.444094531428976647e-02 5.889407433998467001e-01
5.952719821507733433e-02 3.519874708697454113e-03 2.735669739068725015e+00
3.263393729550602418e-02 2.290217137640725847e-02 2.780394587865037126e-01
5.597451165204835738e-03 2.375008038712158459e-02 9.990124222612034588e-01
1.430948996140669546e-02 2.049495142570659234e-02 7.666913876958175722e-01
3.952271687762253655e-03 2.336582447901887349e-02 1.042883874993004278e+00
3.728275485836329145e-03 2.210791139641923864e-02 1.048857107044363746e+00
2.616826337069256755e-02 2.420884797624445889e-02 4.504574301148639437e-01
7.741519850684518145e-02 1.506589600157301478e-03 3.212683080182537232e+00
1.974481862385380967e-02 2.394777800972602844e-02 6.217492900305626735e-01
4.756327212955612643e-03 2.190186950824488804e-02 1.021442394321179892e+00
3.921311267707029702e-02 2.553335986605803631e-02 1.025947819447897980e-01
3.363549836691938355e-02 2.422584445742523296e-02 2.513311635488141293e-01
6.360870434799503065e-03 2.286677036442825994e-02 9.786545750720093695e-01
6.542556543680754649e-03 2.331650843409539819e-02 9.738096121685108075e-01
1.327709175867509625e-02 2.282599945184250745e-02 7.942220064353283648e-01
3.071596971839697307e-02 2.504110286087325721e-02 3.291852608427464633e-01
2.692290048968205493e-02 2.466466861122999094e-02 4.303337736084761334e-01
2.717304794200804327e-02 2.378747664749204793e-02 4.236631748797831110e-01
7.208412663674999832e-02 1.871152308008258713e-03 3.070521163646662721e+00
2.368883183904114606e-02 2.439065280782536788e-02 5.165756042922337032e-01
1.085857373066568751e-02 2.407845409431622757e-02 8.587158205155792645e-01
1.259236327896685534e-02 2.333349033466551592e-02 8.124814325608814558e-01
9.408526621554679642e-03 2.397991327084224994e-02 8.973837434252046608e-01
4.665550213334078433e-02 5.331154452622485773e-03 2.392424510222419975e+00
5.301540639986123543e-03 2.375999642472446938e-02 1.006903369600367748e+00
3.915422666437474997e-02 2.522005830762294454e-02 1.041650756166695724e-01
6.103368601992686243e-03 2.333009727965193458e-02 9.855212906135274453e-01
6.120359862465295925e-03 2.257458727194340542e-02 9.850681903342578538e-01
9.434281698148982293e-03 2.357357760148892645e-02 8.966969413826914037e-01
2.187394094818696441e-02 2.449470129769892174e-02 5.649726947150118805e-01
4.459850194376457216e-03 2.364164806429620153e-02 1.029348448149958850e+00
2.635881828369269694e-02 1.223732109542544078e-02 4.453759657681938267e-01
3.406869254960966098e-02 2.528325447461252096e-02 2.397793186770719454e-01
6.954469419147855935e-02 2.203314053137325756e-03 3.002802965106091015e+00
2.214650768722737847e-02 2.287600624525603504e-02 5.577042483406008389e-01
7.525247222139441056e-03 2.087147567561195571e-02 9.476045274096139837e-01
6.481058514897879153e-04 2.297029813971415702e-02 1.130994963960268551e+00
3.372561032175768608e-03 2.345600451808876191e-02 1.058342825808645360e+00
9.767260067518501038e-03 2.353526261212502552e-02 8.878175181995057175e-01
2.528290922718757702e-02 2.451736971040156809e-02 4.740668739416636912e-01
1.069073574629643072e-02 2.347207198796088384e-02 8.631915000987594455e-01
2.087606715495861007e-02 2.461878932691383137e-02 5.915826625344361434e-01
2.365101654321689548e-02 2.371596134897380886e-02 5.175840121808789052e-01
2.127921138940315135e-02 2.463515951207112531e-02 5.808321496159135622e-01
1.177302119141733147e-02 2.393444898189396597e-02 8.343305548955354256e-01
3.277037952554563704e-02 2.419153915201270599e-02 2.744009993187807028e-01
5.486480811557347542e-03 2.340045425238389265e-02 1.001971631691803255e+00
3.070810138362755487e-03 2.363008352847432991e-02 1.066389516310322749e+00
2.044614481249384247e-03 2.349009462709063245e-02 1.093754733833345982e+00
3.910940372767603146e-02 2.523547553216800438e-02 1.053603539286368795e-01
1.452137941645902791e-03 2.265715759612593749e-02 1.109554108222775115e+00
5.603941556720847678e-03 2.372303947386830703e-02 9.988393451541083268e-01
7.976159545180373095e-03 9.242821467700931826e-03 1.360975374538140992e+00
1.659726330975997907e-02 2.439392624635351725e-02 7.056840984063966760e-01
7.178330596037472977e-02 2.115634999588507370e-03 3.062499278943325187e+00
1.135071590237425251e-02 2.271661490334182798e-02 8.455920292700175311e-01
8.578402747674192252e-04 2.102176058424508331e-02 1.171153527327127408e+00
1.337805314927576969e-02 2.401601276026676252e-02 7.915297026859785534e-01
1.556834048518141930e-02 2.381694677086896444e-02 7.331220403951582698e-01
6.853009386858059659e-04 2.341639549222193639e-02 1.130003094968377697e+00
8.868412972916194653e-03 2.321393226644442864e-02 9.117867740555657408e-01
1.810694406366498629e-02 2.446998942201698141e-02 6.654259449689298167e-01
1.779837011953967416e-02 2.371722830194003540e-02 6.736545834789381404e-01
2.751327312976227166e-02 2.489382569796602662e-02 4.145905032063385010e-01
1.268469699185660257e-02 2.416506149496961547e-02 8.100192002171563432e-01
1.711710298617063336e-03 2.347484939437965989e-02 1.102632178703542687e+00
2.528825479930253348e-02 2.451852008966111385e-02 4.739243253519315191e-01
3.966026138331969764e-02 2.514978176348173916e-02 9.067081644480726177e-02
5.617912705406234719e-02 3.989050122218423811e-03 2.646387841441660171e+00
1.702446249763022584e-03 2.252815891172174623e-02 1.102879220006317107e+00
5.270486424857716290e-04 2.340557249189965938e-02 1.134223156200378613e+00
1.582448300124782853e-03 2.299354171473814296e-02 1.106079165330003500e+00
8.363446635963455583e-03 2.392808710354130119e-02 9.252525430409735963e-01
2.544412853573608732e-02 2.486261596460813406e-02 4.697676923803700832e-01
6.205069844229981618e-03 2.342087430872191733e-02 9.828092574871966081e-01
4.061231255355780834e-02 2.494369782958550524e-02 6.528278523845468251e-02
1.071622847527310338e-02 2.403366236408170653e-02 8.625116939927163218e-01
1.955064845694477402e-02 2.364989382208037422e-02 6.269271611481369577e-01
2.223669025531622989e-04 2.235126265650347333e-02 1.154207570734747224e+00
8.516420877467244244e-02 1.620977262264955421e-05 3.419323353991264192e+00
8.954801153972934136e-02 5.803695695832944423e-07 3.536224761059448163e+00
2.278361850060150323e-03 2.357857952338422713e-02 1.087521470665058887e+00
7.742291856701587205e-02 7.412160560775829521e-04 3.212888948453754168e+00
8.262746959043142103e-02 1.146217113371789109e-04 3.351676975744835474e+00
6.604636741721979509e-02 2.615628850163212449e-03 2.909514251125860262e+00
1.881944671618039980e-02 8.161348051685314575e-03 1.650129699098140224e+00
2.134252099296230984e-02 2.458774969607600835e-02 5.791438935210041494e-01
4.591940272492033015e-02 5.401013783346467201e-03 2.372795192664541197e+00
3.796242661918702160e-03 2.310272925637829600e-02 1.047044649015498985e+00
2.633417544295667614e-02 7.548415730688116942e-03 1.850522465145510553e+00
5.298146944468705433e-02 4.566119698054406373e-03 2.561116971858317548e+00
3.811520917827417032e-02 2.531920753103047983e-02 1.318722085793516963e-01
4.078749515808988840e-03 1.012470573310521316e-02 1.257044440421569265e+00
2.192551292234480240e-02 2.449392678979421534e-02 5.635974420708028676e-01
5.456113386513427449e-03 2.376361212255156952e-02 1.002781429692974458e+00
4.836607898793700289e-02 1.499580935632213730e-02 1.414843196783238388e-01
1.680695056475301971e-02 2.439589648787240939e-02 7.000924382732504059e-01
9.808689401913827516e-03 2.394139357300233834e-02 8.867127359489607175e-01
7.515931423145637280e-02 1.857103537088802825e-03 3.152526166172167521e+00
8.721851146092672591e-02 1.257070075159211209e-05 3.474104758958043604e+00
1.904696612527356087e-03 2.354815213111912525e-02 1.097485876999269694e+00
2.234409609256405790e-02 1.949020206908323727e-02 5.524352241982893874e-01
8.389999555533000225e-03 2.365744999195047715e-02 9.245444651857842588e-01
1.463903520424049073e-02 2.400795789326945484e-02 7.579035145535845119e-01
3.554913706786690109e-02 2.526330122066666739e-02 2.003007981902122092e-01
1.353970560707141654e-02 1.427160002729167820e-02 7.872189704780946373e-01
9.553375668549978633e-03 2.354852546349060771e-02 8.935211021719996483e-01
2.126812161035674872e-02 2.461580668755385115e-02 5.811278770571509655e-01
1.301818442018977048e-02 2.335883750565626721e-02 8.011262021282689050e-01
5.398900295746644068e-03 2.345735942774113125e-02 1.004307112113419054e+00
1.171429541987923859e-02 2.387799542626013738e-02 8.358965754698860495e-01
2.551059272078558954e-03 2.359789578148402400e-02 1.080249539411236137e+00
2.720544414319025356e-03 2.357495125893710464e-02 1.075729935618155553e+00
1.221761578160569794e-04 2.260864429038290241e-02 1.151535817541760709e+00
2.853184496689965474e-02 2.055262400039330889e-02 3.874285875493416187e-01
9.995222769674693558e-03 2.401390319351508207e-02 8.817385128086724366e-01
8.726758710296166760e-03 2.380519502378294905e-02 9.155642210587650043e-01
