2.578617018928392596e-02 5.007424265899170640e-02 2.150910414857611086e-01
2.513868393132929341e-02 5.281457780102161853e-02 2.323573416978831629e-01
1.094831239686994660e-02 5.142845751141900124e-02 6.107672492834671507e-01
2.118110924723499294e-02 5.232763125450982239e-02 3.378926666070659612e-01
2.655530431586778511e-02 5.263849393880187799e-02 1.945807981101900508e-01
3.379662536665623690e-02 8.384369239115672598e-03 1.478903422499483478e-03
7.801760238564776039e-03 4.866665572686684066e-02 6.946753068382717222e-01
1.863059229258696298e-02 5.249127104469181876e-02 4.059064520643452800e-01
3.203054241753450909e-02 7.299069724504071363e-03 4.857444873240926442e-02
2.904737125774054050e-03 5.163496152632284647e-02 8.252625898460242970e-01
1.690233351147558266e-02 1.495173215172672550e-02 4.519933528939835687e-01
2.314748021560537189e-02 5.184868028162703535e-02 2.854561074505225227e-01
7.326042979056097103e-03 5.184795903363449698e-02 7.073611004251668666e-01
3.678530167719521165e-04 5.132916978314599338e-02 8.929128327527470210e-01
1.843254716946025190e-02 5.119832037416047199e-02 4.111876553477257223e-01
2.107544281814661274e-02 5.217497319452061438e-02 3.407104380494198059e-01
2.884826105986643824e-02 5.202698586413369991e-02 1.334352849368926341e-01
1.654839482192211469e-02 5.004040390822150908e-02 4.614317179487427145e-01
7.841566969226948167e-03 5.157970770841922153e-02 6.936137940206122954e-01
2.899001847093180678e-02 5.076142230833742552e-02 1.296550873084813260e-01
1.185835054859147274e-02 4.683256548832814142e-02 5.864995652375583068e-01
2.645752093085446816e-02 5.287711610962144565e-02 1.971883550438770227e-01
1.915600653659994129e-02 5.229999719173886868e-02 3.918954055573310447e-01
2.837697130252021110e-02 5.252282269193088438e-02 1.460030117994572108e-01
2.176030339347285320e-02 5.255941252638097333e-02 3.224474893740548742e-01
4.195830282298134740e-03 7.896150544368912144e-04 1.014611054061279827e+00
1.531327828696077940e-02 4.945079304861246805e-02 4.943681588810434624e-01
5.423031596530076236e-03 5.103035839114428845e-02 7.581080706258637170e-01
5.883083882090528981e-03 5.170508921547246894e-02 7.458400096775820165e-01
3.321744911522201554e-02 5.218653666805453395e-02 1.692360346074242572e-02
2.616423882281721652e-02 5.159485267226314453e-02 2.050092112582037329e-01
3.355714264793736162e-02 5.319321047772998523e-02 7.865109254999863575e-03
3.680545724936762440e-03 5.142688271984845183e-02 8.045743605350187400e-01
5.178493968337533580e-03 4.744164889122571421e-02 7.646290740443285605e-01
6.650524513462769370e-03 5.057010663474938855e-02 7.253749261743237531e-01
1.247801606112270388e-02 9.315297343328499471e-03 5.699751515700602900e-01
6.117634828959168068e-03 5.000198187950824491e-02 7.395853177610879348e-01
1.849967652986456461e-03 1.254834397827799854e-02 8.533897757870269052e-01
1.380110939404006164e-02 5.017472607459080858e-02 5.346926626922611225e-01
1.453192057931002555e-02 4.734036454389535520e-02 5.152043644183968985e-01
2.801734190195809965e-02 5.281021076280227600e-02 1.555931291477831435e-01
2.907905396042515661e-02 5.140227095012220304e-02 1.272808075886601442e-01
2.547153340424996443e-02 5.282627627882595378e-02 2.234813557533334161e-01
4.699549524766650187e-03 5.132351552726791000e-02 7.774009258728854510e-01
3.164788960794446410e-02 5.245789605391642380e-02 5.877852365481342489e-02
3.325936328515372714e-02 5.300182625687410720e-02 1.580589226256493007e-02
3.879311951924319189e-03 5.166031583830618668e-02 7.992739278153505600e-01
2.311618001271115858e-02 5.054299766296997676e-02 2.862907795277015444e-01
1.594695770320059963e-02 5.230001608579685352e-02 4.774700411146483026e-01
2.361990824818478024e-02 5.046448907243121507e-02 2.728580265817382999e-01
1.058106710100987190e-02 5.202895357020003581e-02 6.205604571730661823e-01
1.549276506593872359e-02 5.145002080764575492e-02 4.895818447749634705e-01
1.057682947129007754e-02 5.121904722890482237e-02 6.206734606322606984e-01
1.491826471244334616e-02 5.218204505694955947e-02 5.049018542015083488e-01
3.386502453832791054e-02 5.288786388337157057e-02 3.450744887466272726e-04
6.890730136104145608e-03 4.851836033647585755e-02 7.189694429038885337e-01
2.103856107911112466e-02 1.445176425276172190e-02 3.416939510903661548e-01
3.367227422493240894e-03 5.008348832505776088e-02 8.129295152668459812e-01
2.218765628940062157e-02 4.891615939616426878e-02 3.110514121493158646e-01
9.207747680591243586e-03 5.184840308531896147e-02 6.571823083842310842e-01
1.610484259415573965e-02 5.114395507955851738e-02 4.732597773558445686e-01
7.011707340414625143e-03 5.188136781379881074e-02 7.157433841222727855e-01
1.038600570505649433e-02 5.113898165568861454e-02 6.257620943984910644e-01
1.605163637719281972e-02 5.223192736670531633e-02 4.746786098081891003e-01
2.515392268379874202e-02 5.117809657964088321e-02 2.319509749653660136e-01
1.711257445233044933e-02 5.217455979303596558e-02 4.463869278045174971e-01
1.495879449334853138e-02 5.043105862331174333e-02 5.038210600440352627e-01
1.394112231009109497e-03 5.100897707414384780e-02 8.655459203730865303e-01
2.851313293649566233e-02 5.284418355209177798e-02 1.423720348934466584e-01
1.921818817963922427e-02 5.219212916814172654e-02 3.902372284096168320e-01
4.624290821363893651e-04 4.882114100106417498e-02 9.150536887236361272e-01
2.315613914880449570e-02 5.192564450104768248e-02 2.852252025652125544e-01
1.623857272634039034e-02 4.941142156556518894e-02 4.696936404975872170e-01
2.676880579553071043e-02 5.128924751424251971e-02 1.888874253191787089e-01
1.878831622706806119e-03 5.070809562951773125e-02 8.526200699278175810e-01
5.469823747652763878e-03 5.173321594425132203e-02 7.568602799292557526e-01
3.249705092270300383e-02 5.236256986900460209e-02 3.613422192791607146e-02
1.231907912549374227e-02 5.091954344012231820e-02 5.742134698534963055e-01
9.077119002561309918e-04 5.145819887677877819e-02 8.785165958598341041e-01
2.978588428227685412e-03 5.022149024700794939e-02 8.232932217805911668e-01
2.361514021997430240e-02 5.224697206500966695e-02 2.729851740006828953e-01
1.826511640238998729e-02 5.225958522074252571e-02 4.156524758029312983e-01
1.193014843131451645e-03 5.131241109098683140e-02 8.709085173831588866e-01
2.195041037514006838e-02 5.197246264759623063e-02 3.173779698629276558e-01
5.865358123144543377e-03 5.112976117617659688e-02 7.463126965828082993e-01
7.759084675868894131e-03 4.959249701905626972e-02 6.958133218434937595e-01
1.142263439784325062e-02 5.101562218166756646e-02 5.981186625908442300e-01
1.460024024467838043e-02 5.153935943886178012e-02 5.133825066752407684e-01
2.937959016494413184e-02 9.515611979226160436e-03 1.192665088014889518e-01
6.490846080696339136e-03 5.155821866863258968e-02 7.296330177147604124e-01
1.102672506009755825e-02 5.171219287812199583e-02 6.086762449307293599e-01
6.830267248133576295e-03 1.623474306124211841e-02 7.205817865831022351e-01
7.843747142182780612e-04 5.084682472372807627e-02 8.818055874875087019e-01
1.254355723145534089e-03 5.134457318236439194e-02 8.692727605827833548e-01
1.701467173209920275e-02 1.542661449524442875e-02 4.489976670106855527e-01
2.111571673687679535e-02 1.502889255891352339e-02 3.396364668832830835e-01
2.303988761956771852e-02 1.478474016173762957e-02 2.883252433448569851e-01
1.544252001017782337e-02 1.547062066094050288e-02 4.909217129285904369e-01
1.289141495268270564e-02 1.578025038303234456e-02 5.589511811284587628e-01
1.806617337464084400e-02 1.534994003881153847e-02 4.209576232095736392e-01
2.683179905560268558e-02 1.448015593398791802e-02 1.872076050505912248e-01
3.471156413257742244e-03 1.641731575236625440e-02 8.101580755131244649e-01
5.830418736280824042e-03 1.633510498789150084e-02 7.472444135658408149e-01
4.959526930504338203e-03 1.640465306941015639e-02 7.704681950532167312e-01
1.788222335455930817e-02 1.535474430818891019e-02 4.258629570784145946e-01
1.128634210001672709e-02 1.580688428069691731e-02 6.017531238662167103e-01
2.727630890363148125e-02 1.271481158399788598e-02 1.753540091031581538e-01
4.366787856093629593e-03 1.588913747636942764e-02 7.862745703708341471e-01
1.093982588375791952e-02 1.316678860057760893e-02 6.109935562997849123e-01
1.307142318547100356e-02 1.573570342418164486e-02 5.541509615874374850e-01
1.973741685644909288e-02 1.217347622961051541e-02 3.763911303613566295e-01
1.938128824252933341e-02 1.520741561547516059e-02 3.858878933992139215e-01
1.515568251440086410e-02 1.522530130657898974e-02 4.985707128159745372e-01
2.255676739051965668e-02 1.474558711049321798e-02 3.012084494528067813e-01
2.229004519257477696e-02 1.506040893416124050e-02 3.083210413980020936e-01
3.906688147247434038e-03 1.608410589229992971e-02 7.985438959400660286e-01
1.440405842058495832e-02 1.557186972212403105e-02 5.186140219843972110e-01
2.228569351083693056e-02 1.505022498201626958e-02 3.084370862443476247e-01
2.437761549703216374e-02 1.487741993499382305e-02 2.526524999458080734e-01
1.997679967242155328e-03 1.539662016205158197e-02 8.494507807402053023e-01
7.720112172823040929e-03 1.618359182352668846e-02 6.968525885913846585e-01
9.201391873213287873e-03 1.601641257424279985e-02 6.573517965809750896e-01
3.717965712167598056e-03 8.939874927208714753e-03 8.035764942088631235e-01
1.880574609349822427e-03 1.619588707864695609e-02 8.525735902840038127e-01
8.939481422122924278e-03 1.527326664797342727e-02 6.643360752767181188e-01
5.950201490262871113e-04 1.318139916260048679e-02 9.185894505073667338e-01
4.952554864118336418e-03 1.590290981915046947e-02 7.706541168235071515e-01
3.283416989133353808e-02 1.391183286877675264e-02 2.714438276443811859e-02
3.068756004915657726e-02 1.108187536821044795e-02 8.438731188915707393e-02
6.404490732375905937e-02 4.701578696908211355e-03 8.051419487669108088e-01
2.708432439148206888e-02 1.469829913635778591e-02 1.804735960938076700e-01
1.203803428561584258e-03 1.255327810131498002e-02 8.706208217716872033e-01
9.583346110328133313e-03 5.201846368251321351e-02 6.471663502579140248e-01
2.100794378135423940e-02 5.260229870092051480e-02 3.425104123638845754e-01
2.053680184518630412e-03 5.160710443186041635e-02 8.479574416128355940e-01
3.389743269854578883e-02 8.563676868555901781e-03 1.209292094558195307e-03
1.096062823789329147e-03 5.094569528230456779e-02 8.734939045656154866e-01
9.022300658161955516e-04 5.140012928305378453e-02 8.786627781115642355e-01
1.333263576845561925e-02 5.152000925549669180e-02 5.471852927078492135e-01
8.751690952988838354e-03 5.195793930522268206e-02 6.693438211202952237e-01
1.519908246247531590e-02 5.218148705298969459e-02 4.974133808673210089e-01
