5.574668656420200819e-02 1.069199591621277312e+00
2.001556183242425568e-02 2.022029584468685748e+00
4.158948083369296000e-02 1.446725077768185264e+00
7.495283966838139911e-02 5.570355088431602208e-01
3.602254315144493013e-02 1.595176749294797913e+00
7.488032003652600466e-02 5.589693656926388865e-01
8.425731615433895705e-02 3.089161358842920091e-01
3.625706340526102522e-02 1.588922875859702044e+00
6.714432347518139998e-02 7.652626073284920505e-01
4.659502136687110330e-02 1.313243996883433296e+00
7.059951976582112820e-02 6.731240395780992980e-01
9.556990623576422372e-02 7.247067046283417469e-03
2.048202097519880027e-02 2.009590673994694932e+00
9.253620724187183733e-02 8.814570688341372140e-02
2.528288844179171768e-02 1.881567541552218392e+00
9.183354527273035472e-03 2.310888445939383473e+00
1.000160279681217013e-02 2.289068492085005069e+00
8.688354596003144970e-02 2.388833410658255385e-01
8.656849816898004590e-02 2.472846154938614927e-01
4.258760119047622084e-02 1.420108534920630161e+00
6.420835529267976405e-02 8.435550921952053027e-01
5.559508522993583668e-02 1.073242293868375219e+00
1.940077760492653347e-02 2.038423830535290193e+00
3.133714988306679494e-02 1.720120569784884479e+00
5.767707171426628143e-02 1.017722654286228545e+00
1.739719028193476014e-02 2.091852825815070815e+00
2.614769012652784497e-03 2.486050726329256833e+00
1.756168623553522323e-02 2.087466267052391800e+00
6.395203666191462410e-02 8.503902556822742209e-01
3.083623350467945556e-02 1.733478339875212049e+00
4.826609596873754349e-02 1.268682007500328224e+00
2.577515052414836028e-02 1.868440552689374590e+00
2.476559113852161431e-02 1.895362136306089296e+00
7.368321388646670300e-02 5.908921963608839700e-01
3.838733710004915700e-02 1.532115577332018530e+00
7.961718809759998905e-02 4.326528840639978224e-01
5.571952884186837096e-02 1.069923797550174305e+00
9.097886762024298690e-02 1.296747634601860266e-01
1.290912585927861400e-02 2.211534543752569526e+00
9.510942790873833097e-02 1.952648910031018481e-02
3.700858863495692930e-02 1.568882203067814229e+00
1.946935270552141439e-02 2.036595161186094849e+00
8.561477928952188066e-02 2.727171189460821932e-01
7.247612836981476292e-02 6.230811434716023722e-01
1.144458292988481674e-03 2.525259012186971574e+00
1.469668356612041649e-02 2.163866338236786646e+00
8.352344786054288761e-03 2.333048705705216719e+00
5.934835692385931338e-02 9.731550486970810265e-01
5.836533250338704626e-02 9.993690332430096301e-01
4.730891365207900989e-02 1.294206869277892080e+00
9.232304720502093609e-02 9.382997453277108768e-02
1.577299035562251817e-04 2.551571769238496934e+00
3.607568208783273889e-04 2.546157718109907542e+00
8.184277140034512676e-02 3.733039959907926697e-01
8.088877320275345006e-02 3.987439479265721953e-01
9.536887428080831342e-02 1.260791917844250598e-02
3.004259290417321537e-02 1.754642089222045120e+00
8.073283962830579696e-04 2.534249142765781393e+00
3.485089901245075339e-05 2.556707257306996439e+00
8.108128313350393412e-03 2.339561144977320595e+00
8.120173876761072052e-02 3.903981995303797969e-01
5.642671852007952182e-03 2.405306650613117547e+00
2.537353597470581867e-02 1.879150274007843846e+00
3.627471550764505004e-02 1.588452153129462863e+00
8.419441892181911413e-03 2.331259449541811968e+00
5.703212394672085850e-04 2.540569333614207004e+00
2.331620267476131048e-02 1.934012495339694437e+00
5.971929710691714632e-03 2.396526441048217215e+00
4.671168813434212197e-03 2.431213398308418761e+00
5.780215928174481377e-02 1.014386985820137310e+00
5.820176982462332838e-02 1.003730704676708774e+00
9.303539389469417387e-02 7.483406280815141365e-02
9.499471998739172918e-02 2.258536700288327204e-02
8.028005766591395087e-02 4.149763622422921738e-01
5.165282360459766409e-04 2.542003813705438375e+00
1.027285542668909812e-02 2.281835088621620322e+00
4.126309059301336291e-03 2.445742991751960638e+00
7.276451981081000220e-02 6.153907050450626581e-01
5.807844787596216918e-02 1.007019289974338205e+00
6.401109627296719395e-02 8.488153327208738386e-01
1.040496266845791773e-02 2.278312228841119946e+00
2.884458490222097105e-02 1.786588969274103489e+00
5.874789624191345538e-02 9.891673335489705732e-01
2.136482911337411750e-02 1.986049123643354397e+00
3.548009746152080979e-02 1.609641967692774456e+00
5.402713828995064915e-02 1.115054212267978739e+00
1.736889703964616949e-02 2.092607312276098419e+00
4.281868051131088038e-02 1.413946419698375534e+00
5.852142846834573753e-02 9.952064741774460099e-01
3.060303122537577636e-02 1.739697067323311641e+00
5.574203377717057428e-02 1.069323665942117030e+00
6.156237096976657774e-02 9.141146741395569375e-01
5.994511893282172821e-02 9.572413951247529251e-01
2.033079576482110795e-02 2.013623346271436354e+00
5.066081996958926581e-02 1.204822700810950442e+00
2.596862624375528839e-02 1.863281200166524654e+00
2.772109121177646074e-03 2.481854990101928671e+00
7.349521992505714252e-03 2.359790646866513519e+00
2.964046334638226199e-02 1.765365544096469064e+00
6.311326499418101754e-02 8.727575001551703959e-01
5.660740688522469810e-02 1.046247049727340395e+00
3.221941731592670166e-02 1.696593438241953633e+00
1.450982688738777782e-03 2.517085028300297012e+00
7.832023969690071752e-03 2.346923927474929172e+00
1.435231188654384482e-02 2.173049583025495224e+00
1.047980228283140747e-02 2.276316505791158740e+00
2.883637131118788055e-02 1.786807998368320716e+00
5.977127656433767200e-03 2.396387829161763960e+00
6.064398805213033761e-02 9.386048852765218609e-01
5.993147474880711201e-02 9.576052400318093571e-01
9.586286414250078103e-02 5.651438000218167446e-04
5.770520181803751036e-02 1.016972518185663921e+00
2.063904587827902759e-03 2.500740444324585532e+00
5.333160968918893019e-04 2.541556137416212557e+00
1.932211849397336145e-02 2.040521406827376261e+00
7.991561720464201990e-02 4.246947745428755194e-01
2.109960981421465931e-03 2.499512273828757181e+00
3.351403075369896456e-02 1.662070413234693289e+00
1.286398221979978551e-02 2.212738374138670139e+00
4.316822641169792973e-02 1.404625195688054218e+00
2.863631376715347621e-02 1.792142866209236685e+00
1.928777391887392945e-02 2.041437262163359634e+00
1.103337383877001088e-02 2.261554597632795982e+00
8.217973796781685714e-02 3.643182208582131931e-01
1.590937128479996687e-02 2.131527999071998636e+00
1.434325459490803922e-02 2.173291110802451520e+00
2.775863043066806313e-02 1.815547755182181033e+00
4.185696504991898159e-02 1.439592165335492835e+00
2.961473296903438523e-03 2.476805278749239392e+00
1.486284095920953341e-02 2.159435474421076862e+00
4.583674039773066866e-02 1.333464822727179699e+00
3.014027241246908240e-02 1.752037302334155333e+00
9.703475056577204327e-04 2.529901966515793355e+00
7.565393601693948256e-04 2.535603517062148704e+00
3.912517504219947817e-02 1.512439898874678113e+00
8.839887611009844548e-03 2.320047563706400418e+00
6.878959703560005856e-02 7.213886457173293021e-01
2.313134989503584649e-03 2.494094300279903642e+00
3.469682244527949599e-02 1.630529301459209490e+00
1.634452560677179811e-02 2.119923883819414989e+00
3.873278854674078175e-02 1.522903538753575203e+00
2.995121227938279951e-02 1.757078905883122877e+00
4.097737324965033956e-02 1.463047946675988475e+00
2.606540984413929785e-02 1.860700304156284401e+00
5.512433180764775287e-03 2.408779681846271892e+00
5.424606768041062566e-02 1.109216095189047513e+00
2.296662529808202180e-04 2.549653466587174400e+00
2.020868377909712521e-03 2.501888076589072085e+00
2.789562642866383335e-02 1.811894528568960494e+00
1.504709712992524651e-02 2.154521976535324512e+00
4.090130563802429897e-02 1.465076416319351038e+00
4.256002782167866982e-03 2.442284492475519819e+00
1.545873319467094831e-02 2.143545014808772464e+00
7.340956239506479797e-02 5.981895694649377315e-01
8.134581420859543499e-03 2.338855728777076592e+00
1.311772197277472074e-02 2.205971980726005199e+00
1.543881822100123813e-02 2.144076080773296589e+00
4.169068904906492179e-02 1.444026192024934430e+00
1.185792881063219006e-02 2.239566465049807498e+00
2.339644248152539241e-02 1.931872767159321880e+00
3.602176960776048986e-02 1.595197377126382987e+00
4.052013090156281194e-02 1.475241075958322545e+00
2.105422929636002749e-03 2.499633288543037679e+00
1.155765937720931724e-02 2.247573649941084106e+00
2.839906747225029449e-02 1.798469434073324491e+00
2.162573557445535144e-03 2.498109271801450149e+00
7.354101090184750333e-03 2.359668537595072557e+00
3.553634049359821745e-02 1.608142153504046545e+00
1.745004292606289198e-02 2.090443421971655447e+00
7.723548910286681668e-02 4.961648572568824189e-01
4.291118780925984311e-02 1.411479558419735048e+00
1.843854487602514247e-02 2.064083369972660620e+00
1.678910129063848622e-02 2.108068532249636640e+00
1.622495931294265503e-02 2.123112318321525471e+00
6.340497915539633489e-02 8.649784558560937864e-01
1.954075704232294264e-02 2.034691045538051135e+00
7.237766461335004564e-03 2.362770794364397631e+00
8.560598655916185074e-02 2.729515917556815108e-01
6.492329221057291377e-02 8.244901077180546434e-01
2.732331394917886236e-02 1.827156194688559721e+00
2.512286756457848824e-02 1.885834764944569697e+00
5.015589546505605512e-03 2.422028845426516419e+00
4.518173084333110268e-03 2.435293284417781479e+00
3.814432998655137297e-02 1.538595767025292771e+00
1.518368926938240548e-03 2.515288061948311338e+00
1.183750166975761076e-02 2.240111188806459985e+00
9.031286112892500384e-03 2.314943603656199222e+00
7.049100953165687855e-03 2.367801874582247557e+00
1.913372755684727977e-02 2.045545165150735478e+00
2.951901111894983387e-02 1.768604270161333814e+00
2.345452907950962285e-02 1.930323791213075735e+00
1.479631658129409999e-02 2.161209457832156566e+00
1.575967889833873592e-02 2.135519796044296648e+00
5.236422440261501166e-02 1.159398582596929073e+00
5.028048656893568946e-02 1.214964924828379145e+00
3.319062688940466188e-02 1.670694516282538400e+00
4.374480702513339203e-02 1.389249712663105596e+00
7.905618608538000913e-03 2.344961403772319208e+00
5.722272619376633784e-03 2.403183963483288998e+00
2.514712028526489007e-02 1.885188025726265648e+00
1.260951552588185365e-02 2.219524152643146842e+00
8.968154072369616259e-03 2.316627124736807986e+00
7.624570683915976588e-03 2.352456015095570230e+00
2.862002472273705855e-02 1.792577240727009302e+00
6.313252962568083326e-02 8.722437766485071631e-01
2.172350118314847478e-02 1.976484535116036723e+00
3.500292806129712275e-02 1.622366485032074257e+00
5.775417306210339774e-02 1.015666618343906924e+00
4.764029919147727554e-02 1.285369921560602036e+00
1.262093503766537061e-02 2.219219632328919722e+00
2.295610591785601784e-02 1.943615075523837055e+00
2.690456158368204065e-02 1.838322924435143113e+00
8.521841244757855094e-03 2.328528800139786803e+00
2.496824782457296443e-02 1.889957958011383665e+00
1.722573291207418755e-02 2.096425022344686084e+00
3.303946778233868287e-02 1.674725425804297840e+00
3.732519499229680626e-02 1.560439366872084177e+00
2.669025271052838377e-03 2.484603892771922062e+00
1.775150693801297308e-03 2.508440548165296491e+00
5.401645988877779025e-02 1.115338969632591271e+00
7.478475369516068838e-02 5.615178014623791736e-01
4.091647323330227515e-02 1.464671947111935379e+00
3.939074309773360483e-03 2.450735918406039993e+00
4.777440726767290258e-02 1.281793706195386795e+00
9.962470928698730077e-03 2.290112008568033097e+00
2.397511715445865832e-02 1.916441442547765162e+00
5.043772705979088222e-02 1.210771845072240671e+00
3.774625439754264455e-02 1.549211116065525529e+00
2.587573911499996271e-03 2.486775929026665999e+00
3.776622159402354129e-02 1.548678657492701616e+00
4.398354780991819979e-03 2.438488439173547739e+00
3.199800745823555559e-02 1.702497701113714568e+00
4.267741882385567287e-02 1.417713398030511440e+00
5.305596628647712976e-03 2.414295323236060220e+00
2.007353065742312204e-02 2.020483749135382645e+00
1.619445029547117443e-02 2.123925892120766434e+00
1.563595847994214694e-02 2.138819007201540501e+00
2.453318424551209631e-02 1.901559653453006815e+00
1.252252589211955147e-02 2.221843876210141566e+00
3.966900639129944395e-02 1.497937729565344211e+00
1.853629500439746280e-02 2.061476699882732078e+00
5.533223944577336795e-03 2.408225261477936918e+00
6.931542825594583235e-02 7.073664798414405208e-01
2.068424859344730748e-02 2.004197937508068073e+00
1.116956907380295405e-02 2.257922724698587125e+00
8.878901084830026491e-04 2.532100830440449535e+00
4.060764077661427329e-02 1.472907479290282096e+00
1.644919699006908154e-02 2.117132646931490392e+00
5.813145631366123389e-02 1.005605731635699440e+00
2.638875533360840464e-03 2.485407885777040526e+00
3.798647343395455955e-02 1.542805275094541129e+00
1.608978853480458326e-02 2.126716872405210346e+00
2.847288354936505783e-02 1.796501005350264135e+00
6.189956153052511567e-03 2.390712402585262630e+00
2.747317116211345223e-02 1.823160002343640285e+00
4.397672886345360688e-02 1.383065130307901347e+00
9.196311686910774164e-02 1.034281168237896065e-01
1.799129582652803094e-02 2.076010011292582114e+00
4.849208851899189376e-02 1.262655539493547030e+00
2.643898971355929106e-02 1.850738174305084582e+00
5.806956867028412184e-02 1.007256068792419468e+00
4.860066535935958498e-03 2.426176125708370712e+00
3.706091660648658248e-02 1.567486790493688664e+00
9.862644014674737392e-03 2.292774059608671422e+00
2.007028355754325588e-02 2.020570338465510929e+00
9.330280013054581545e-03 2.306970432985207431e+00
3.724161227819688946e-02 1.562668239248081958e+00
2.678429987777719568e-02 1.841529903259273793e+00
2.949516266081908533e-02 1.769240229044821922e+00
9.534614372826766271e-03 2.301521516724618799e+00
4.903902973356455419e-02 1.248070440438276085e+00
2.114968173228226611e-02 1.991786387139138581e+00
6.684038604874142919e-02 7.733676053668927519e-01
4.545054345723809064e-02 1.343763407806981780e+00
4.045526451229930487e-02 1.476970846338681254e+00
9.250280665680676861e-03 2.309103748915178222e+00
2.012630760316991285e-03 2.502107746391544651e+00
6.745016866593589455e-02 7.571067355750418226e-01
4.939579196024812546e-02 1.238556781060047518e+00
1.747016326496320104e-03 2.509190797960097363e+00
3.298021194553868440e-02 1.676305581452297799e+00
1.636001148074961442e-02 2.119510927180006554e+00
9.359459191665120414e-02 5.992211555596393957e-02
2.764727507869713108e-03 2.482051833123473550e+00
3.274650378827437258e-02 1.682537798979349075e+00
1.743848924526147925e-02 2.090751520126359786e+00
8.272011999340689314e-03 2.335190913350911224e+00
3.378182684747788045e-02 1.654929184067255532e+00
7.203330881881742087e-03 2.363689076483151297e+00
1.164028854590393181e-02 2.245370205442561051e+00
4.008699235552493079e-02 1.486791437185999376e+00
2.570332792559115731e-02 1.870355821984233335e+00
1.705901250747565712e-02 2.100870899800646896e+00
6.187719772982980260e-02 9.057192938712013142e-01
1.436279915552240993e-02 2.172769922519400154e+00
5.598968518827751595e-02 1.062719628312598585e+00
7.069174266612021640e-02 6.706647622367902795e-01
4.471865054899648584e-02 1.363280552026757908e+00
2.995429977754282547e-02 1.756996572598856998e+00
3.382606444367830534e-03 2.465575061483520791e+00
