1.012788160999010187e-02 3.916800509990513157e-03
9.926494823711039250e-02 2.635255148590587293e-06
3.890247622378016634e-02 9.818752094648205975e-04
4.177451826892907005e-02 6.416634267907353473e-04
1.927047139464897405e-02 3.057345461830535127e-03
3.859796043485495820e-02 1.052118478114046074e-03
1.051517172498493344e-02 3.885827008833976637e-03
2.992269381557320293e-02 1.959043208002643477e-03
1.564573340801532139e-02 3.412761488720238157e-03
3.786350925774460696e-02 1.093555937566138836e-03
6.482154061622429769e-03 4.252652989513737436e-03
1.436378625585164534e-02 3.540681878688591022e-03
4.480401713978770378e-03 4.423446825043718389e-03
2.869908979843470084e-02 2.089317639083071443e-03
1.992755943150069028e-02 2.970584953811326867e-03
2.716300028563576816e-02 2.242539643842501873e-03
2.810631961493069084e-02 2.224471376131909039e-03
4.029160126139628983e-02 8.140476843284324970e-04
3.584674160088006933e-02 1.312525429317507042e-03
3.112533029211866226e-03 4.552934635385433304e-03
5.911941640244427337e-03 4.292833760234739116e-03
3.433448259572700889e-02 1.478145296005151099e-03
4.537555705747185752e-02 2.180850173732554187e-04
3.653449394423667618e-02 1.302824922677067732e-03
1.897187565714729060e-02 3.147233281287027673e-03
2.302145617449989287e-02 2.723487537596387675e-03
7.935288434105274707e-03 4.120156401195208817e-03
3.718589263776704568e-02 1.204990196920850687e-03
2.611849682637388745e-02 2.348303207444842056e-03
4.930306606473754127e-02 5.505911548124575727e-06
4.351196274107003992e-02 4.836608433122918660e-04
2.440067938975086156e-02 2.542968204095788498e-03
8.144399235804771625e-03 4.103359103481848957e-03
4.428090655542969711e-02 4.781452942902719716e-04
3.574882960653651826e-03 4.502471360793396105e-03
4.001547641154966362e-02 8.440936481453817364e-04
3.821865606228190548e-02 1.066464986504193913e-03
1.128549335405313811e-02 3.806157688440947595e-03
1.847317782878790671e-05 5.513944809220239218e-03
2.498825034174110768e-02 2.532752847926728057e-03
1.368923430729561061e-02 3.576050721490163509e-03
3.785118892448878503e-02 1.132642215201602742e-03
3.208298303900035398e-02 1.738335045682118385e-03
4.064631285020146867e-02 7.727079438284503721e-04
1.506514655843969527e-02 3.448815926504728013e-03
3.179948333468039789e-02 1.766225500133188075e-03
3.668457698820425106e-02 1.238141846969430249e-03
2.838862557676756146e-02 2.112801125168033145e-03
2.962417387676550759e-02 2.009828149652545526e-03
3.865527495681252146e-02 9.985407129764339862e-04
2.580561277326485700e-02 2.379797730870374106e-03
1.618164660763497451e-02 3.344143890545221709e-03
1.006279293274190897e-02 3.939552081600440625e-03
1.847503947532456656e-02 3.202955104108208551e-03
4.518768153745965355e-02 2.400357511088899165e-04
1.915111503716991279e-02 3.114491674722760783e-03
3.392665263647719198e-02 1.523601378559238939e-03
2.800823307181881522e-03 4.579422741085352466e-03
4.311736856827778908e-04 4.808307016965794600e-03
9.813420206203220947e-03 4.024976461506291070e-03
2.222550812580157895e-02 2.776211575527959274e-03
2.280549378665528912e-02 2.738530970485132665e-03
2.107288258515203558e-02 2.904251784510966661e-03
1.793378463455417779e-02 3.289632814359323698e-03
3.269614252133366816e-02 1.661490723288118476e-03
3.936135436893638262e-02 9.217672011454028369e-04
1.361673531259220346e-02 3.613757017886735923e-03
4.792582591701476102e-02 1.932694345328778152e-05
3.200329630451669016e-02 1.746615243837235099e-03
3.133795384422687069e-02 1.801402313671575384e-03
4.438719101895836905e-02 3.626076820393911437e-04
6.586252120638989849e-02 4.516252780563390079e-06
8.706815038208408353e-04 4.745311180150091346e-03
1.655119008745951567e-02 3.317140944719527973e-03
3.509873293223274293e-02 1.405877468111431383e-03
3.979989224688627869e-02 8.957043115458626636e-04
3.365860221780266059e-04 5.465434967855377357e-03
4.757122166482917469e-02 3.791837703263217785e-05
3.905613671645367935e-02 9.672231569744435542e-04
1.293351757552628142e-02 3.644371028849853478e-03
4.457263359480022336e-02 3.152004652576187449e-04
3.311211799948353407e-02 1.612966561533146770e-03
4.641793813568283189e-02 1.053792480029125400e-04
