5.525343670929883100e-05 4.948066649789184535e-01
1.033283507457839756e-02 2.177909713445769224e-01
5.044429367976124845e-03 3.588151235206404888e-01
6.108293819357971111e-03 3.304454048171245883e-01
1.479994911450945028e-02 9.866793027974885000e-02
4.914217693961081546e-04 4.802286594827742672e-01
1.306918159215354758e-02 1.448217308759092159e-01
6.813313950377666850e-03 3.116448679899297414e-01
1.033238429729591012e-03 4.657802152072132440e-01
1.363444933023184868e-02 1.297479245271515591e-01
6.624715771634953621e-04 4.756673312756409810e-01
1.681184762968315760e-03 4.485016463208457704e-01
1.082164633621608696e-02 2.047560043675733521e-01
4.948961768494367086e-03 3.613609261734873623e-01
7.362760345857935484e-03 2.969929641104573914e-01
1.593937027156379360e-02 6.828336609163598858e-02
1.131527988089932324e-02 1.915924431760218649e-01
2.411359903091728207e-03 4.290303092508895855e-01
9.435593385548571299e-03 2.417174163853752500e-01
1.087839659417146054e-02 2.032426641554285762e-01
1.421671410772586130e-02 1.142208637939778892e-01
1.549015492726014964e-02 8.026244193973020025e-02
1.715951643013792494e-02 3.574613519632285907e-02
1.222229504035855785e-02 1.674053722571089420e-01
1.127736121962166771e-03 4.632602767476778904e-01
5.612477227437531746e-03 3.436671806016666775e-01
1.737381190762389560e-02 3.003158913003178832e-02
1.582747371016048066e-02 7.126727439572433376e-02
1.002817711892457775e-02 2.259151834953454507e-01
1.212988595921939139e-02 1.698696144208200476e-01
1.102134293833724465e-02 1.994307616443424802e-01
1.375962857722359822e-03 4.566408971274060757e-01
9.375228314653108463e-03 2.433271516092527786e-01
1.393497541593415046e-02 1.217338955750901786e-01
1.359702345130077428e-02 1.307459479653150236e-01
1.180279799855045442e-02 1.785919600386554063e-01
8.419199406323199519e-03 2.688212558313851641e-01
1.609185638111078342e-02 6.421706983704811300e-02
1.392408167953453069e-02 1.220243952124133724e-01
1.040078920904187465e-02 2.159788610922175334e-01
6.898440810310338400e-03 3.093748183917266470e-01
1.363863567452129610e-02 1.296362886794344416e-01
5.902457763002258440e-03 3.359343663199421126e-01
1.197903148534608386e-02 1.738924003907749150e-01
1.765345501032002107e-02 2.257443972480177585e-02
1.028581069980651075e-02 2.190449546718287177e-01
1.407932900424248290e-02 1.178844665535361269e-01
8.911080534491203076e-03 2.557044257469021087e-01
7.036112747120584765e-03 3.057035667434548909e-01
4.621065678686045453e-03 3.701048219017077923e-01
1.251532295299552511e-02 1.595912945867883348e-01
1.099952903177882357e-02 2.000124658192337090e-01
8.965587577595149349e-03 2.542509045974650217e-01
1.238201890632174840e-02 1.631460691647557137e-01
6.933415860391103913e-03 3.084421503895729000e-01
1.269475205050031585e-02 1.548065186533287285e-01
3.962691824034539345e-03 3.876614580257464748e-01
7.824394138155957301e-03 2.846827296491782899e-01
1.423227197431088664e-02 1.138059873517105469e-01
7.754964666735211787e-03 2.865341822203981703e-01
1.405788090206507024e-02 1.184564159449352783e-01
1.277108825937146863e-02 1.527708864167631742e-01
1.714984604658111034e-02 3.600401209117420898e-02
9.333790902175259641e-04 4.684431309275349786e-01
1.570140121226960839e-02 7.462920767281278067e-02
2.424674745090463213e-03 4.286752467975885050e-01
1.180164477494739794e-02 1.786227126680717259e-01
5.437580847136094797e-03 3.483310840763731431e-01
1.477133056820047197e-02 9.943109151465789886e-02
2.268140305700785953e-03 4.328494985146480456e-01
1.041384325309381575e-02 2.156307532508339175e-01
1.555428324137443641e-02 7.855235356334921981e-02
8.851667734507642771e-03 2.572887670797985304e-01
1.651352033974619327e-02 5.297269760676903694e-02
1.564174149729004315e-02 7.622013340560118699e-02
7.785029569836524055e-03 2.857324514710268826e-01
1.684042703991563139e-02 4.425518560225216724e-02
1.259770654296411829e-02 1.573943988542925165e-01
1.721913365293727127e-02 3.415634258834177039e-02
1.851165387237775628e-02 3.108632634030161768e-04
1.571012568450270985e-02 7.439655507992859462e-02
4.555399283177288816e-03 3.718559257819398223e-01
7.195742659496198734e-03 3.014467690801037048e-01
5.978416794148802560e-03 3.339087921560357497e-01
3.088211618158545613e-03 4.109809301824396410e-01
6.325251867956196983e-03 3.246598568545022712e-01
4.999028443592581916e-03 3.600258148375334866e-01
8.620480812722833286e-03 2.634537516607282637e-01
1.211116889429010579e-02 1.703687361522676635e-01
1.501230914357699897e-02 9.300499617128088481e-02
1.386643460294668950e-02 1.235616505880920979e-01
1.532673697855348183e-02 8.462025390524430257e-02
1.332597516605683874e-02 1.379739022384851577e-01
9.246862892754240115e-03 2.467502295265544543e-01
1.234417350460828566e-03 4.604154439877150562e-01
7.532733360373203291e-03 2.924603503900502499e-01
1.553270573377087127e-02 7.912775376611391742e-02
1.760114289083271333e-02 2.396942957779812922e-02
1.721516813402114432e-02 3.426208975943700885e-02
1.775449153760134957e-02 1.988013233063301577e-02
5.115532603922959276e-03 3.569190372287234236e-01
1.707645584103413550e-02 3.796108423909205776e-02
1.320733489140792083e-02 1.411376428957911155e-01
1.358485540717892237e-02 1.310704291418962608e-01
1.759368519364624961e-02 2.416830150277049505e-02
1.151888122550916160e-02 1.861630739864261752e-01
1.552831004036138440e-02 7.924497225703208692e-02
1.261723403037452729e-02 1.568736658566816100e-01
1.586028439032617643e-02 7.039232292463615259e-02
2.468997854071300346e-03 4.274932972247691421e-01
2.742214441623827548e-03 4.202075215567002697e-01
6.279812724493197273e-03 3.258715673468504104e-01
1.226891546453737214e-03 4.606161320945678650e-01
9.363391228810261091e-03 2.436428072317287086e-01
1.048558484333673990e-02 2.137176441776877933e-01
4.860695180148658090e-03 3.637147018627062689e-01
1.030302147137863999e-02 2.185860007632400848e-01
1.072017628581135862e-02 2.074618723783661078e-01
9.974446742029310919e-03 2.273479935458888601e-01
1.611701007343425973e-02 6.354630470842059786e-02
1.839736796736103630e-02 2.736760870373222687e-03
1.794395827277629751e-02 1.482768605930107064e-02
1.352737708054864429e-02 1.326031845187036762e-01
4.737042352595213779e-03 3.670121105974633036e-01
1.530633618516176464e-02 8.516427506235380029e-02
1.074617449608840369e-02 2.067685867709767589e-01
1.794972438808818682e-02 1.467392298431735576e-02
5.011787409575432783e-03 3.596855757446559831e-01
1.662939643042783688e-02 4.988266852192668743e-02
4.556183170262531612e-03 3.718350221263333477e-01
1.812948013682104398e-02 9.880436351442645204e-03
1.759625422086298629e-02 2.409979411032270313e-02
9.684183973119445121e-03 2.350883340501519481e-01
1.570310037098968103e-03 4.514583056773646685e-01
9.850770338583517138e-03 2.306460309711100276e-01
2.863384675223526465e-03 4.169763153273764456e-01
9.608249090322221186e-03 2.371132642580764394e-01
1.334451263900017504e-02 1.374795696266628564e-01
9.434562169018625988e-03 2.417449154928374977e-01
4.463203276102736816e-03 3.743144859705960226e-01
1.826787425877732240e-03 4.446189086432628113e-01
6.434317558674754189e-03 3.217514384353437062e-01
1.326838096920070209e-02 1.395097474879836152e-01
1.680015472197561588e-02 4.532911408065110059e-02
1.711493363215811636e-02 3.693500980911923470e-02
3.402692197797443918e-03 4.025947813920704998e-01
1.742420405794101179e-03 4.468686958454914926e-01
1.726653768594178795e-02 3.289223504155613931e-02
1.287000099770187200e-02 1.501332133946176040e-01
1.085819920706235231e-03 4.643780421145027315e-01
1.656083128809605898e-02 5.171107231744076493e-02
1.157913583961935056e-02 1.845562842768211365e-01
1.457221993499248358e-02 1.047407084002027755e-01
1.445898632274157658e-02 1.077602713935588152e-01
1.236822661311511029e-02 1.635138636502675435e-01
9.871153469049223639e-03 2.301024808253548937e-01
1.336841221225949783e-02 1.368422476730823956e-01
1.108375942719998231e-02 1.977663219413361428e-01
1.182697809497403052e-02 1.779471574673630041e-01
1.325460115613520673e-02 1.398772091697286779e-01
3.519898967029103098e-03 3.994692675458944020e-01
4.270181352525007079e-03 3.794617372660036292e-01
4.850586765844613901e-03 3.639842595774778200e-01
8.479226726518934720e-04 4.707219687292851784e-01
9.330188443057899073e-03 2.445282148517902154e-01
1.661941248868227528e-02 5.014890696847351670e-02
