4.379855049893701530e-02 6.270596888617585574e-06
1.317881209472430417e-03 1.708249889218271117e-02
1.016377765815273124e-03 1.581582618788843764e-01
6.375515718804300371e-04 1.898164523387382285e-01
4.786118340162329632e-04 1.101109884228484104e+00
2.847125594587556971e-03 1.226691892683783730e-02
1.103082470101259915e-04 2.554315576218713080e+00
2.838602541304681166e-06 2.676143147792815480e+00
3.418118995744313005e-04 1.768755808064417012e+00
1.308192540243525060e-04 2.148353669437248481e+00
1.045362002321128625e-04 2.602312772052421952e+00
5.020983716675980410e-03 5.227452596277062935e-04
