1.383261264643886879e-05 5.871986676078793689e-03
5.284208675899085272e-03 1.411607194659538107e-05
1.687291133744897587e-03 2.663594286053179872e-04
2.893282087101725630e-03 1.177530895761301055e-04
1.900251154901579087e-02 6.782310375972417857e-06
2.729469671729628510e-04 5.696992193369033574e-04
7.336037397465272614e-04 4.583087862998485185e-04
6.378036916420151692e-03 1.114707310932651525e-05
2.691329122839426768e-02 1.943210420227809918e-06
1.366809463039381223e-04 5.741943721937773672e-03
8.103498361811262152e-04 3.732145514127448594e-04
1.649784974891016498e-04 1.934637360904885956e-03
