8.992530435878547113e-04 3.176848638924317125e+00
9.581178529919527620e-04 3.160671548722949087e+00
6.029240357743628070e-03 2.102191307577654822e+00
8.329840820539408802e-03 1.437703743277225943e+00
1.888306944582366503e-03 2.999982780940216198e+00
6.222956593392749841e-03 2.030086129186621680e+00
8.984411686331430363e-03 1.242051476232748808e+00
8.663571436557545441e-03 1.338274225395057915e+00
7.273229866506868840e-03 1.743900160642027242e+00
7.747978377903284170e-03 1.608621483017543152e+00
4.852773721673777491e-03 2.369160944833397675e+00
5.908722454354056047e-03 2.108227601677957086e+00
5.221589621555559196e-03 2.280596676716713400e+00
2.599431722212868640e-03 2.856801399951987452e+00
5.623639302450994526e-06 3.424533832950996004e+00
3.392718790045344546e-04 3.263934579724492746e+00
4.530342233566086313e-03 2.444335830948052735e+00
1.150353581305142703e-04 3.311886163537872019e+00
2.531670239180407872e-03 2.870967250042788965e+00
3.155896465218775010e-03 2.744446842948847110e+00
3.628187053825414343e-04 3.260552070753562237e+00
1.730449247538002472e-03 3.030744691226670451e+00
1.044703130300967189e-02 7.634216680382093223e-01
1.521962607102165382e-03 3.080441872005051263e+00
1.140778639272723577e-03 3.130053646550870372e+00
5.171848316708273913e-03 2.291169268295650152e+00
4.036617304047206839e-03 2.555558685453172441e+00
5.278521077469514738e-03 2.265481503054065815e+00
2.628537972724661470e-03 2.856143423804283099e+00
1.833736771183584746e-04 3.290521921429801377e+00
2.782770576030341864e-03 2.833605338163942999e+00
5.255840539073856205e-03 2.269978751880264323e+00
1.391545293339912365e-03 3.084959892955346117e+00
5.390515739613795793e-03 2.244530923673085265e+00
1.154097835881065168e-02 3.829594859649492200e-01
3.199041151291315971e-03 2.737359547341800425e+00
6.875972066791403298e-03 1.854123260673037787e+00
3.101511618684379273e-03 2.754900214489315768e+00
3.147772384017682307e-03 2.746469724476070962e+00
4.801553034875501863e-03 2.379861877239833223e+00
2.628507063398254073e-04 3.276316981064178346e+00
1.112308349501715463e-02 5.273965746446278580e-01
2.603813632881705337e-03 2.856354192810926396e+00
7.873703084733636032e-03 1.572732810317405860e+00
7.568135811420521192e-03 1.660835021149212221e+00
2.410863052173164295e-03 2.893796690975172670e+00
2.716441362322404712e-03 2.837461970363591046e+00
6.517252583010887251e-03 1.952095291377431874e+00
1.584853242483471453e-03 3.055855568819550339e+00
4.465341295747903005e-04 3.246555411999665797e+00
3.098893293786094544e-03 2.761158688108201087e+00
4.561749613691903210e-03 2.435227880260555811e+00
1.059868767145536947e-02 7.125969628016730617e-01
8.482114907536249943e-03 1.395849889960936618e+00
1.026404389683644586e-03 3.150414290213326307e+00
9.066814812991839945e-04 3.169729995898933783e+00
8.658717900170680853e-03 1.345072779625691606e+00
5.094732511128078484e-03 2.310456799998750643e+00
2.291033836486457836e-03 2.917273898981025848e+00
1.522425805289186890e-03 3.074142856729165540e+00
2.629856691046022349e-03 2.851329782887473296e+00
6.096695265325434432e-04 3.226527860803152681e+00
7.595257759516273882e-03 1.653027707197889828e+00
4.916791781729486915e-03 2.353008478660947755e+00
7.259004562072828709e-03 1.758825311234120559e+00
6.727270261233288945e-03 1.898104675673422559e+00
1.039698296515562462e-02 7.793679544821467964e-01
9.816143132479356742e-03 9.730131149885195008e-01
8.301130720155276005e-03 1.450505941912215047e+00
6.138792600105798941e-03 2.049228611132929867e+00
1.169814856301043191e-02 3.239163089680734409e-01
1.200830897687208895e-02 2.148881424768371851e-01
1.106721966877093760e-03 3.136672003932506225e+00
2.916654564564188229e-03 2.792793193485910042e+00
1.770679426208409540e-03 3.015559050878314107e+00
3.541100012314984252e-03 2.664901800454120728e+00
2.300592888656822349e-03 2.915188663227872734e+00
3.938315342202586972e-03 2.578885059921596667e+00
6.205839040964788306e-03 2.033104495738729423e+00
1.605992259116170023e-03 3.046536821292918251e+00
8.470311943977262142e-03 1.402941247219753773e+00
2.999308204147056039e-03 2.777670613311938208e+00
5.481702984209576440e-03 2.216476890377383935e+00
5.812934088234456703e-03 2.131526623951845334e+00
1.244907415041785273e-02 4.991921609068628030e-02
3.242139972020694622e-03 2.731124381352390440e+00
7.688095778512146067e-03 1.625575087196456270e+00
1.040284119438520533e-03 3.146661435501747928e+00
7.203334529931836733e-03 1.765939523071207606e+00
8.998851994896656797e-03 1.233671051407850161e+00
1.222793455748542521e-02 1.287207323404087056e-01
1.048060176144699832e-02 7.505646428985950358e-01
4.237910486394266124e-03 2.511684022448204434e+00
4.993036997004273586e-03 2.337966036718058138e+00
8.284484251334506971e-03 1.452049153910129231e+00
6.638851063218677989e-03 1.925104433883020771e+00
6.457102519744049168e-03 1.966235353514221185e+00
1.324661961568145835e-03 3.097481878132284816e+00
6.067387461063337289e-03 2.066565633021518078e+00
8.542454396609670125e-03 1.376101737879103393e+00
8.938257088106308507e-03 1.253629952962285632e+00
2.373130807971992468e-03 2.901556564792860282e+00
5.844933714146242215e-03 2.123410371809604680e+00
6.988835042992014995e-03 1.827918130121939821e+00
2.058763236433076155e-03 2.961778985382875096e+00
9.418740880997148596e-03 1.101540665961274090e+00
1.187868140148921545e-02 2.570764370284099876e-01
1.028246232037033012e-02 8.214056300507093233e-01
5.822488469274248596e-03 2.129142650498088596e+00
1.142011760730789541e-02 4.217373943387996427e-01
3.648920812755748061e-03 2.640421950222058722e+00
6.638872436963854512e-03 1.916489036570224069e+00
6.183193322465325298e-03 2.036964033667856722e+00
1.531997757104365532e-04 3.294172174951928600e+00
3.615597133134532820e-03 2.651346306531326302e+00
3.796036724855674643e-03 2.620322396751291638e+00
1.238699227522567850e-02 7.091122859817877710e-02
6.396451444233824252e-03 1.987052103539502124e+00
8.737541829030876644e-03 1.314458077947846970e+00
9.559443220117164880e-03 1.059967868914118316e+00
4.099174255916857718e-03 2.546874496833289481e+00
5.768202872970942113e-03 2.144458594986429656e+00
8.577227892280176597e-03 1.368829201034374332e+00
8.377987654879178597e-03 1.423488020315529123e+00
9.136017785199287283e-03 1.196204522527400282e+00
7.179684383792090535e-03 1.790281022873503769e+00
5.428373779653588443e-03 2.228856819031755254e+00
6.515276695163402937e-03 1.958868563190079737e+00
2.179029751373389584e-03 2.939458354605424706e+00
9.338637139002566728e-03 1.126992188822160568e+00
5.903386286322632320e-03 2.117735047946492255e+00
7.180154469699242398e-03 1.769937026754547116e+00
3.309039072197737102e-03 2.711590714958123538e+00
7.263639917177707600e-03 1.748890207136067243e+00
4.312914374876051365e-03 2.507933114440184408e+00
1.014148178195190333e-02 8.717929803275707989e-01
1.068537848268326720e-02 6.810091510377129786e-01
7.940307444801803644e-03 1.553028610630682760e+00
7.595964075925883824e-03 1.651931510597167030e+00
8.418696097363623926e-03 1.411219590537240887e+00
1.110006528640700499e-02 5.357041376010278633e-01
1.015349443935478421e-02 8.621657819613708362e-01
9.627237646470183235e-03 1.036800921561922717e+00
6.952347862083870650e-03 1.845921398284389614e+00
7.929593882068233096e-03 1.563187048221692965e+00
9.985721919259640117e-03 9.183077506986241367e-01
1.078066000041496067e-02 6.513449960591670695e-01
6.295228121289703910e-03 2.022903462433252475e+00
1.535512075078095812e-03 3.059363844154785905e+00
1.159169150790819933e-02 3.603483351376239874e-01
7.633108291241693516e-03 1.650308782244605421e+00
8.369905141309978008e-03 1.426611039022982919e+00
3.185308616079216698e-03 2.743330433556461667e+00
1.247892195392750689e-02 2.823216025545294272e-02
8.846587822673650930e-03 1.280848927494045331e+00
8.586053897335538948e-03 1.361042751985622079e+00
8.262784689933407728e-03 1.462946035744337347e+00
1.106241888303421614e-02 5.490094862068111148e-01
5.593658539079459507e-03 2.190800123399192945e+00
1.203688730038500812e-02 1.958080577659120358e-01
6.846787925589733342e-03 1.867510824296570338e+00
3.738267735267319231e-03 2.627559614261994358e+00
4.814133845614902707e-04 3.241532915034795348e+00
6.436610585933550538e-03 1.972021716597507801e+00
8.258266817148769007e-03 1.492160202907251598e+00
1.122193967292023017e-02 5.018405081513370725e-01
1.135704434884545963e-02 4.446563469574598138e-01
2.367152460234955152e-03 2.913148419888056839e+00
1.003158872691247913e-02 9.016662771546362087e-01
1.523388279082871916e-03 3.062943304458443539e+00
1.020633416520462869e-02 8.475105085373795255e-01
7.519047808361208757e-03 1.676853844052935028e+00
1.111070746689115166e-02 5.351917516890440929e-01
4.599290943666015791e-03 2.428280503622062714e+00
1.061455173219181744e-02 7.114999963376482661e-01
1.082162182004641968e-02 6.331469702308072378e-01
7.441590560839348584e-03 1.695769733891694830e+00
3.818961801581029908e-03 2.606084520545355776e+00
1.113641128145348089e-02 5.230482271410479278e-01
6.034637030340007230e-03 2.088064609259983495e+00
4.351068752906386145e-03 2.483318198137336896e+00
3.501548109260430724e-03 2.672376462684114440e+00
9.680709733235887821e-03 1.020064198673864997e+00
7.401870296634634888e-03 1.711564584538538991e+00
5.180648036952017338e-03 2.289367531810513778e+00
1.248437505985992499e-02 2.710516726437672830e-02
7.536659055675718616e-03 1.669676545902323728e+00
1.237967562612041564e-02 7.493193746680715250e-02
1.125479392432945577e-02 4.815939374360671543e-01
9.096873984447823719e-03 1.205446316294907394e+00
1.078613358048628387e-02 6.504723799841376497e-01
4.142849331743813507e-03 2.530370324986051411e+00
9.938264315667282717e-03 9.325995497361065922e-01
9.019062254052950117e-03 1.227399474672315360e+00
9.137409104101153895e-03 1.191989254877703797e+00
7.722287711239544244e-03 1.622364557345723934e+00
9.377591921030940109e-03 1.116523801706122310e+00
5.197019011538125260e-03 2.289113557367628449e+00
1.088595532675346381e-02 6.135861246227851673e-01
3.558984168772840601e-03 2.660618137672821515e+00
1.110331582131455705e-02 5.356904905942276862e-01
6.600615164085773395e-03 1.926710780282144153e+00
5.328778317016006488e-03 2.253740977347429730e+00
1.022549936917393695e-02 8.375226257309313915e-01
4.622285606938895258e-03 2.422102743528902646e+00
9.906404226280248609e-03 9.453251247824749903e-01
1.221348649873849404e-02 1.623549727250366281e-01
7.069681632354076622e-03 1.805924570268709228e+00
1.168262379422589300e-02 3.260495177109361542e-01
7.281966250341765506e-03 1.740544856559310016e+00
5.922798337102391092e-03 2.104166446260511858e+00
3.645788621940312252e-03 2.642778256207863219e+00
6.357554045895129347e-04 3.217278831959263119e+00
1.028629710371800274e-02 8.165444771365364396e-01
1.248791327749418020e-02 2.499997542338361356e-02
9.515841576555054276e-03 1.074162691535867520e+00
8.584029915537607497e-03 1.368133558682865125e+00
8.165097102096365717e-03 1.492819854103224930e+00
1.039645182273920068e-02 8.003656076013103693e-01
1.102827159473255755e-02 5.779352746288828335e-01
1.126878410766920732e-02 4.800900010908475402e-01
8.441402704841890342e-03 1.404243389787454444e+00
9.275841277413928582e-03 1.149327035646546147e+00
6.380197486669288848e-03 2.009674008452262850e+00
2.969674507887095499e-03 2.784416258854101489e+00
1.179946089389672173e-02 3.102927283023508842e-01
7.779571008425838902e-03 1.602884704945260363e+00
7.406145566490506676e-03 1.705745281111191058e+00
1.119224734566770865e-02 5.034295202141652048e-01
7.009401215965275350e-03 1.816730932107240459e+00
2.259368762810288339e-03 2.927659857626375040e+00
1.073717752579836024e-02 6.740132449794127290e-01
1.129344790710003557e-02 4.687775570168288830e-01
9.096886788201776625e-03 1.202946411156653905e+00
1.429947315895931798e-03 3.081372408213041592e+00
1.190037483556398087e-02 2.484723037968321613e-01
1.422744882309628228e-03 3.082552219553691852e+00
4.240057562421451626e-03 2.509572767157127071e+00
7.781653100113129079e-03 1.599051273965695241e+00
1.081206217620563417e-02 6.415075132103358335e-01
6.187395454942089257e-04 3.218530008785252416e+00
9.531951337661031393e-03 1.069599587302972221e+00
9.851547899317854989e-03 9.610290725593455541e-01
5.719365890604944519e-03 2.155519046735299593e+00
1.148600412484232156e-02 3.982192190081739191e-01
8.963437957581071175e-03 1.244595947468525754e+00
7.521071915135537495e-03 1.675153634609798825e+00
5.197105562959988129e-03 2.285085077621400895e+00
1.086748217957054716e-02 6.331126629896792757e-01
9.201739398151349142e-03 1.169985249099841251e+00
1.008617802183734910e-02 8.888314341210139524e-01
1.062034971867844776e-02 7.029923654018648271e-01
9.149625429037171881e-03 1.191066948206387810e+00
1.000412853405626898e-02 9.137834605551335976e-01
6.702144055031371978e-03 1.902913888382209873e+00
5.456633718907099445e-03 2.221267355210235106e+00
8.767013282645935018e-03 1.305989622444152953e+00
8.547306423858643670e-03 1.372547766411194470e+00
5.637691806322300825e-05 3.330159484939834602e+00
1.192299190810408235e-02 2.384814598605449198e-01
1.147315603973880424e-02 4.065396409162684854e-01
1.090337672948020128e-02 6.101428019037551387e-01
9.755037238110223635e-03 1.004635455689837809e+00
1.136428128082528008e-02 4.416027514788782860e-01
9.459225822149273932e-04 3.163653440339456058e+00
9.938722390716362570e-03 9.323106140097396910e-01
9.843847206888394624e-03 9.663101130770317404e-01
7.351822475754752478e-03 1.721181829669889307e+00
1.141153393052385737e-02 4.372496811057229316e-01
4.872395409904143465e-03 2.363398285639122687e+00
1.232871618163039820e-02 8.588356316555900705e-02
1.955913258872583188e-03 2.981035790960971266e+00
1.012051201167198447e-02 8.764940370265299485e-01
5.077523555337849076e-03 2.331924799786011970e+00
1.073990116456341806e-02 6.627183754853542830e-01
9.393634021430782161e-03 1.111600777673605212e+00
1.005112503142548477e-02 8.963327966490601817e-01
1.198743346265722029e-02 2.159353630218556752e-01
1.098220128197025316e-02 5.818660361835319428e-01
1.119132238533088533e-02 5.101828161188364241e-01
1.092319763619236869e-02 6.023415898014454761e-01
1.056042568632903009e-02 7.315215432659099015e-01
8.787335403014000929e-03 1.305536047386404608e+00
8.109341036763934724e-03 1.503363558534523303e+00
1.032052540938235494e-02 8.072287434597451572e-01
1.212644363391443200e-02 1.718842447384720806e-01
7.952232857614826428e-03 1.549471048800952655e+00
8.517169074820900992e-03 1.383913744326253248e+00
6.550701059792458231e-03 1.945108705509280167e+00
9.073187327670578090e-03 1.220401237598487842e+00
1.115329911532266308e-02 5.211974566282111532e-01
9.500066965720591755e-03 1.079363005392007135e+00
5.016416521749580276e-03 2.333638817419064093e+00
1.279876231498044623e-02 1.180398275003780029e-02
8.666772937846626418e-03 1.335957392342126848e+00
1.208533340648708029e-02 1.823863447354461265e-01
8.819890456194027367e-03 1.298528595796289320e+00
8.632205676811648826e-03 1.360213806748280962e+00
1.284864389412411836e-02 4.658014707992652603e-03
1.294563671646206324e-02 2.325273052865561851e-04
