2.265067258021791208e-02 8.244264345275199579e-01
1.120208768640884589e-02 1.129722031695760354e+00
1.204711581848549873e-02 1.107187948173719239e+00
6.782775632227955320e-03 1.247570353140587063e+00
3.892852461481421944e-02 3.903503802716169480e-01
2.310599461297890844e-02 8.122845136538948685e-01
1.867864419833920042e-02 9.303471913776174551e-01
1.658055417208648130e-03 1.384229558874433774e+00
2.064155415875734700e-02 8.780029257664668796e-01
4.526895412303122423e-02 2.212722600524998084e-01
3.108936590686128820e-02 5.993946124836980749e-01
5.449162527784268129e-03 1.283133369259085388e+00
1.956409740475095749e-02 9.067351058733054137e-01
3.724356392945560312e-02 4.352826652145148634e-01
2.404864641010651116e-02 7.871471323971558354e-01
7.685882156737156023e-04 1.407948684248700122e+00
2.270350579259272639e-02 8.230175488641900960e-01
2.639544512056724024e-03 1.358056516345153231e+00
2.360642720591221710e-03 1.365493897450896998e+00
2.231430615150631347e-03 1.368939553595979408e+00
1.522104402931534484e-02 1.022549862551588529e+00
5.340611288856511596e-02 4.281359638259735201e-03
2.719557485158474730e-02 7.032290406244058323e-01
3.835008218773883204e-02 4.057755116602969059e-01
3.213973213824561359e-02 5.713848463134464373e-01
3.648086186271692899e-02 4.556213869942128403e-01
1.671409773904242169e-02 9.827350969588678486e-01
9.710454058273421118e-03 1.169498928446041308e+00
3.565514483050080674e-02 4.776405078533109139e-01
2.754745846707762347e-03 1.354984480754458875e+00
4.283549725315749512e-04 1.417021570732487579e+00
9.679086351961907475e-03 1.170335400614345378e+00
2.928242516047940835e-02 6.475796990538785769e-01
8.764985854411322386e-03 1.194711413882362461e+00
1.630935775427022616e-02 9.935281632194582491e-01
5.191239673892900086e-04 1.414601064202948510e+00
4.633312472368644741e-03 1.304889370736833865e+00
1.276833157514734030e-02 1.087955527996068650e+00
1.857865412566384045e-03 1.378901292331559336e+00
2.396179831700984142e-02 7.894630815464033224e-01
6.503218179677250355e-03 1.255025218541937715e+00
4.830330021070639024e-02 1.403563643811590878e-01
4.218970379650577307e-03 1.315938493209315663e+00
3.340613441046513810e-02 5.376141190542605974e-01
5.038361241187827577e-02 8.488137234990880686e-02
3.219958180597726205e-03 1.342578818517391692e+00
1.829821913520668364e-02 9.404918597278179027e-01
1.819536495864115810e-02 9.432346377695667305e-01
3.762908715593582532e-02 4.250020458417104186e-01
2.077430812557812256e-02 8.744628199845795313e-01
1.916192109380110420e-02 9.174598074986363150e-01
3.905889534749718006e-02 3.868738274000728117e-01
4.991649772970940813e-02 9.733776387441342437e-02
2.272002708349674105e-02 8.225769811067497050e-01
8.449708062606364756e-03 1.203118821663827998e+00
5.297680040476560048e-02 1.572969253958014790e-02
9.814925350995262754e-03 1.166713027306790718e+00
1.643783897578121600e-02 9.901019973124970397e-01
2.022704126008501024e-02 8.890566030643988205e-01
1.175414548857023345e-02 1.115000490304792979e+00
2.792321423042520845e-02 6.838253238553239077e-01
4.278864179884867003e-02 2.874139220306982656e-01
4.121661415116129046e-02 3.293346593023617208e-01
5.011778498450569774e-02 9.197010374651384823e-02
4.185451286342389832e-02 3.123240269753603249e-01
4.164086285879842197e-02 3.180213604320382137e-01
1.682855702925645236e-02 9.796828492198240701e-01
3.992671097557531912e-02 3.637320773179876232e-01
5.208162879943378787e-02 3.960093534842848428e-02
3.527348882267544727e-02 4.878180013953204996e-01
1.268512266799326493e-02 1.090174432186842512e+00
1.692925139536061163e-02 9.769976661237146365e-01
5.023047545763226207e-02 8.896502446313583889e-02
1.068291766985363100e-02 1.143566565470567564e+00
2.480432608734539635e-03 1.362299500433744814e+00
7.503380789628866232e-03 1.228354215609896105e+00
7.238148836020585897e-03 1.235427067706115434e+00
1.180065170022459586e-02 1.113760324660676648e+00
2.958221520221149259e-02 6.395852979410244776e-01
3.845217163662051352e-02 4.030531263567839195e-01
4.115878262250050046e-02 3.308768333999857481e-01
3.151067801715734529e-02 5.881596228758002587e-01
5.133767541924483258e-02 5.943969215347025270e-02
4.678720113470025144e-02 1.807856730746561225e-01
1.799107074277672691e-02 9.486824835259500821e-01
3.340584937733592774e-03 1.339362104993770064e+00
2.609435343669752605e-03 1.358859427502136175e+00
1.817460900637868360e-02 9.437881298298979038e-01
3.549823762889148249e-03 1.333782402989621918e+00
1.930400967753864716e-02 9.136707785989685027e-01
4.737957531824599222e-03 1.302098835818009892e+00
1.536371671036296238e-02 1.018745257723653541e+00
4.496781307334807298e-02 2.293026880440475479e-01
1.083408300485921849e-03 1.399553481987038328e+00
2.889730338747387162e-02 6.578496130006928899e-01
4.355160933730528594e-02 2.670681210051885079e-01
1.521852163900094812e-02 1.022617126293307255e+00
2.977236119964810079e-03 1.349051406800937603e+00
1.210031002619726959e-02 1.105769435968070535e+00
3.655866727623735546e-02 4.535465759669999875e-01
2.200265614330565445e-02 8.417068728451816417e-01
2.409049232514381966e-02 7.860312413294957556e-01
4.396741289426275845e-02 2.559800261529922016e-01
1.232526005537915026e-04 1.425157633985231431e+00
4.398930892763541767e-02 2.553961319297183286e-01
1.764808307205301130e-02 9.578288214119158317e-01
1.646720062021633790e-02 9.893190201275604556e-01
3.721818652898545299e-02 4.359593958937203473e-01
1.659911306565187150e-02 9.858013549159462263e-01
3.645099587999756086e-02 4.564178132000641375e-01
2.112692264556126354e-03 1.372105909611832875e+00
1.342753340998859013e-02 1.070376812400303468e+00
1.830527523650971045e-02 9.403036970264068151e-01
4.798512020205747408e-02 1.488411646117983322e-01
3.743389420683640445e-03 1.328620652115099166e+00
1.673685675503466808e-02 9.821281898657397980e-01
2.801293374107316492e-02 6.814328035713813625e-01
2.350017850362140504e-02 8.017729432367616260e-01
1.830212255339158656e-02 9.403877685762219718e-01
3.383950167389404573e-02 5.260576586961563939e-01
2.839123689417932805e-02 6.713447194885503455e-01
2.855945188368480547e-02 6.668589864350694674e-01
9.622364391295934460e-03 1.171847986232107619e+00
1.153683257188886646e-02 1.120795501416293138e+00
3.946143646862243504e-02 3.761393975033978654e-01
1.188574173765977182e-02 1.111491256995737142e+00
2.126500127275365859e-02 8.613776693932319040e-01
7.457008095167805273e-03 1.229590820795524397e+00
5.177341072796803889e-02 4.782008392084993731e-02
3.328630629696827103e-02 5.408095354141785327e-01
8.209912964707410943e-03 1.209513357607800099e+00
3.975314129488050074e-02 3.683606021365161132e-01
7.836925206373690500e-04 1.407545902782999736e+00
2.774482785506127147e-02 6.885822938650288938e-01
8.594232420804037709e-03 1.199264838778556719e+00
1.505656418793299700e-03 1.388293532165511213e+00
2.446180763918570644e-02 7.761294996217106279e-01
4.020942910528513270e-02 3.561929271923925944e-01
3.166745933834813620e-03 1.343997811764402694e+00
5.495915779864968265e-03 1.281886615870263757e+00
4.030850680334430169e-02 3.535508552441480878e-01
3.144039414886579120e-02 5.900338593635779949e-01
8.002798646406961147e-03 1.215036406095812094e+00
2.524965202345630377e-02 7.551203160411613657e-01
3.754870176869384846e-02 4.271456561681631348e-01
8.962997342585876659e-03 1.189431107531039533e+00
2.532551335743449261e-02 7.530973471350778103e-01
6.916388917675431180e-03 1.244007332195319560e+00
2.543817924131885899e-02 7.500929235648280402e-01
1.953449777591387271e-02 9.075244293089624881e-01
2.423755531422944198e-02 7.821095616205443468e-01
2.280237445772159699e-02 8.203810511274202133e-01
5.084882237015830864e-02 7.247577346244274410e-02
1.899954656337687897e-02 9.217897949766141741e-01
3.041623665422343858e-02 6.173447258873711041e-01
3.800839752909157543e-02 4.148871025575541216e-01
4.555891401932632423e-02 2.135399961512941813e-01
9.301311640492637700e-03 1.180409392920195533e+00
4.130719248517122910e-02 3.269192370620966903e-01
4.367514186272347665e-03 1.311977325032735120e+00
2.228105939553681747e-02 8.342827861190172944e-01
9.386929261208654118e-03 1.178126256367765468e+00
1.331134242612275198e-02 1.073475238636724338e+00
2.163476751600590386e-02 8.515172362398416572e-01
2.269931817802883778e-03 1.367912854858587490e+00
3.103860165645622171e-02 6.007483258278302207e-01
1.733138940733958133e-02 9.662739858042769248e-01
1.661381853575905065e-02 9.854092090464229292e-01
2.864725953180224938e-02 6.645174491519391102e-01
1.162098381901499611e-02 1.118551468159597828e+00
4.547373671231924597e-03 1.307181072100479735e+00
1.317558123094964007e-02 1.077095537174673989e+00
2.541010872886684258e-02 7.508414705635469977e-01
4.382177596981062795e-02 2.598636774717156817e-01
8.777540691117802218e-03 1.194376618236857812e+00
1.693827747080078883e-02 9.767569707786417643e-01
6.937934168586568084e-03 1.243432792171021095e+00
1.816965730306729920e-02 9.439201752515348209e-01
7.048053502972329021e-03 1.240496276587400803e+00
8.792851545860957962e-03 1.193968328777038845e+00
1.710167884759639101e-03 1.382839893073072535e+00
3.035941656166951663e-02 6.188599283554786501e-01
8.632595920058938610e-03 1.198241812131760842e+00
2.802796986795208500e-02 6.810318401879434935e-01
4.989053762063611064e-02 9.803003344969987709e-02
6.220661299153440460e-03 1.262560068689239312e+00
1.203097325426305542e-02 1.107618416552981433e+00
1.843835045085218116e-02 9.367550246439394490e-01
2.701029494988083091e-02 7.081698380031754558e-01
4.176963948248191283e-02 3.145873171338132712e-01
2.440586951644141411e-02 7.776211828948932370e-01
1.469840704181379909e-02 1.036486848884964562e+00
7.721840659257184214e-04 1.407852794908645233e+00
4.045161081618897647e-03 1.320573407823492307e+00
1.613731562923137464e-02 9.981159532204942897e-01
2.361857042449344579e-02 7.986158253468390589e-01
1.261262646276184451e-02 1.092107664326348537e+00
6.344048333962848396e-03 1.259269747760988434e+00
9.963944364595245240e-03 1.162739186944123038e+00
2.036169788035724348e-02 8.854657598571392674e-01
6.757118652469196185e-03 1.248254539267487306e+00
2.447278090766558112e-02 7.758368791289139699e-01
1.525124936121968755e-02 1.021744387034139390e+00
8.361600657357803890e-03 1.205468352470454807e+00
2.180495005425497901e-03 1.370297836521984447e+00
1.309546734556910064e-02 1.079231907451486894e+00
1.442934902566961330e-02 1.043661729315476183e+00
3.086756621271746770e-02 6.053092709941999550e-01
5.744799421122048777e-03 1.275249718770076424e+00
1.008887634917210452e-02 1.159407667355406790e+00
1.455609263405321929e-02 1.040281899758578543e+00
1.818367872617410175e-02 9.435462706353549001e-01
1.571505667806250006e-02 1.009376191918331056e+00
4.643786555582873898e-02 1.901012885112297879e-01
5.962460748442865999e-03 1.269445416708189445e+00
2.980735337877471469e-02 6.335816132326733685e-01
1.124293736953074774e-02 1.128632706812512598e+00
8.196593513075334236e-03 1.209868542984656958e+00
3.790937948877082242e-03 1.327352691363274051e+00
4.732119499219700209e-03 1.302254516687472385e+00
9.671594663912541634e-04 1.402653450896230947e+00
1.156203675052680513e-02 1.120123389985951068e+00
7.427583718844554816e-03 1.230375470830808116e+00
2.051701328361221766e-02 8.813240157703384758e-01
1.314451253353721150e-03 1.393392336577231827e+00
2.900821205093617738e-02 6.548920486417010300e-01
3.373483347414685252e-02 5.288488106894163598e-01
1.248838718083045141e-02 1.095420711844520500e+00
1.110195388680901285e-02 1.132392266351757382e+00
3.039047098164604499e-03 1.347403114048943085e+00
1.649166267412127684e-02 9.886666986900983778e-01
1.634576839885182320e-02 9.925572126972838083e-01
2.511324203116316323e-02 7.587579158356451137e-01
7.734637516799147683e-03 1.222187369552020453e+00
4.010787733330622995e-02 3.589009744451633344e-01
2.898819736908098132e-02 6.554257734911729250e-01
2.749328909910198071e-03 1.355128932402390962e+00
8.830012898635941632e-03 1.192977359369705948e+00
4.864107416782226245e-03 1.298734838885803544e+00
4.153753748437993831e-02 3.207767037498644447e-01
6.064050607316739949e-03 1.266736353804886139e+00
4.900018052469456986e-02 1.217728893414772584e-01
1.359143740039614467e-02 1.066006039322765719e+00
1.406965058906195498e-02 1.053253687625012258e+00
7.735025519312377362e-03 1.222177022818332848e+00
3.006932375100068722e-02 6.265957366399778072e-01
5.324035344159372407e-03 1.286470094155746313e+00
5.977447408557212682e-04 1.412504510243845157e+00
5.327506864538367193e-02 7.775872789764909365e-03
2.318681848169290571e-02 8.101292104881853140e-01
6.405865914016484197e-05 1.426736139089591848e+00
9.447666917634101047e-03 1.176506585529756510e+00
2.529625024110360165e-03 1.360987702690389600e+00
3.676089143304084317e-04 1.418641465617854980e+00
9.807094816499661860e-04 1.402292117156000106e+00
4.411228197934657924e-02 2.521168505507555002e-01
7.832346402417145192e-03 1.219581799268875333e+00
7.006248652451252390e-03 1.241611072601297661e+00
1.752071829799295433e-02 9.612252153868506843e-01
3.135119904851102479e-02 5.924123953730354719e-01
1.851935983091312909e-02 9.345947745089823178e-01
5.008947668117558205e-02 9.272499183531693334e-02
6.483313489974107391e-03 1.255556010267354861e+00
2.663776816836938011e-04 1.421340965155099223e+00
5.138999217341511105e-03 1.291404390870890762e+00
2.669306201795562661e-02 7.166293828545157174e-01
1.933553579241964471e-04 1.423288227122020633e+00
4.114547042220029205e-03 1.318723115540795465e+00
2.839519224375675055e-02 6.712392434998161184e-01
3.363576446041571799e-04 1.419474832810553533e+00
2.059056621655808161e-02 8.793626042251169173e-01
2.570942798527542372e-03 1.359885895372598075e+00
1.911097772503167480e-02 9.188182973324877656e-01
2.130400902211759817e-02 8.603374627435268485e-01
8.296396989282306400e-03 1.207207116952468073e+00
1.728858460341509140e-02 9.674154472422603623e-01
2.469661396436928502e-02 7.698679976168166794e-01
1.815108944068410946e-02 9.444153182484228415e-01
7.596701037837383375e-03 1.225865675657666021e+00
5.141905898672471942e-03 1.291326879368731806e+00
7.649324329465634342e-03 1.224462387880912662e+00
4.818616785780105438e-03 1.299947922379193432e+00
8.591871175485210621e-03 1.199327805320390627e+00
9.993878056308358460e-03 1.161940955165109646e+00
1.003303172613001504e-02 1.160896857303198804e+00
7.491267609854079801e-03 1.228677233737222263e+00
3.849299451137289108e-02 4.019645163633857043e-01
8.615924304566591196e-03 1.198686388544888626e+00
1.231726863284265949e-02 1.099983873124191991e+00
3.631262153062808640e-02 4.601077958499167897e-01
3.355371075045465723e-03 1.338967807998786785e+00
2.530896840661089886e-02 7.535385458237054968e-01
1.784163135351268803e-02 9.526675339063274128e-01
8.428323578915875025e-03 1.203689074562241057e+00
9.094817648589992309e-03 1.185915899370929782e+00
1.778399914845618657e-02 9.542043927078326382e-01
1.094410710043847157e-02 1.136601513988303669e+00
1.084252680947417335e-02 1.139310321747354582e+00
5.342656607132401092e-05 1.427019661571430564e+00
4.836227972474516079e-04 1.415547762073400495e+00
