3.106293750538547879e-02 1.065038766363191058e-02
1.345192170284292138e-03 5.733758363813645786e-02
2.013437247768319616e-04 4.207155933472108700e-01
1.804843560380530593e-03 1.380582431797083842e-02
5.089725057663731234e-04 2.943340666662832561e-01
3.743152261186551144e-04 3.352037852308278332e-01
5.709075455996928672e-05 4.530217557444062848e-01
1.717595093765265230e-03 1.453711902299392733e-02
1.022837711982072656e-03 1.732013577383142433e-01
4.693979534579652280e-04 3.325401102029870160e-01
7.910886054885608865e-04 2.288508981252448393e-01
3.085483572580756048e-02 1.127695436857667488e-02
