4.850949331161362454e-03 4.783636178356960866e-01
4.401846262161217271e-03 4.903396996756999582e-01
3.415268762131315472e-04 5.986148833009792281e-01
1.793503582990407103e-02 1.294546445358875641e-01
1.886907073644838312e-02 1.045470470280392417e-01
1.285671971145651432e-02 2.648764076944905566e-01
1.659356752643385835e-03 5.634727532628420743e-01
1.574740762257575283e-02 1.877913967313123433e-01
5.322563062565836833e-03 4.657872516649071426e-01
5.101807750008784115e-03 4.716740599997633621e-01
2.050002745823530786e-02 6.105486778039087570e-02
1.342717890653310348e-02 2.496641624924496594e-01
2.492130881881153559e-03 5.412654431498349350e-01
1.193986381657895918e-02 2.893258982245601740e-01
2.482292097821463261e-03 5.415278107247585293e-01
5.586966202788194724e-03 4.587365012589790791e-01
1.495521984122182707e-02 2.089164042340836969e-01
2.890459146499206600e-03 5.306433560933505600e-01
1.453862830039708703e-02 2.200255119894086175e-01
1.231588022674211941e-02 2.792987939535425679e-01
8.400826348349370309e-03 3.837002307106825438e-01
3.376876631416496355e-03 5.176722231622228332e-01
5.042526059701894769e-03 4.732549050746122643e-01
1.363824922873912299e-02 2.440356205669543255e-01
2.576673352155160746e-03 5.390109772758584494e-01
5.952278799101200224e-03 4.489948320239641189e-01
9.930070358190927482e-03 3.429203904482410192e-01
2.787126073786720670e-03 5.333989046990168514e-01
2.198857525164387566e-02 2.136025995616092077e-02
7.198606533185818168e-03 4.157594257817106009e-01
1.750869358963968309e-02 1.408237709429379092e-01
7.988682949582652515e-03 3.946907213444602047e-01
1.490533959595318619e-02 2.102465441079111597e-01
2.262509262482496897e-03 5.473886863337991127e-01
2.132267822203137014e-02 3.911751407915958767e-02
1.333377206722274194e-02 2.521550115407230064e-01
6.232374702693214974e-03 4.415256079281800194e-01
9.725010033350016403e-03 3.483886657773290207e-01
1.359032631460698609e-02 2.453135649438127897e-01
4.752184408687180894e-03 4.809973491016713010e-01
1.628011018162444506e-02 1.735859951566805504e-01
1.687156529711957009e-03 5.627314258743438824e-01
1.259123618312673470e-02 2.719559684499513463e-01
1.234442281273528258e-02 2.785376583270567363e-01
9.935170317567069975e-03 3.427843915315438861e-01
2.425871856824961259e-03 5.430323504846652494e-01
8.133639387263184861e-03 3.908252163396460088e-01
1.918864490269688722e-02 9.602506926141246568e-02
2.186667007576092309e-02 2.461106464637446978e-02
5.617777715733678068e-03 4.579148609137647097e-01
1.894192894831291801e-02 1.026041613783197914e-01
4.237746198228961592e-04 5.964216101380521717e-01
4.078214303336762103e-03 4.989698852443520960e-01
6.222470855981813986e-03 4.417897105071507124e-01
1.755328275964328916e-02 1.396347264095084140e-01
7.076534738046029449e-03 4.190146736521034865e-01
1.689720242984448645e-02 1.571302018708127801e-01
2.706935022343530395e-03 5.355373327375019255e-01
6.403703118505951752e-04 5.906457250173164919e-01
6.000211624097244456e-03 4.477166233574044196e-01
6.287458789521076230e-03 4.400566989461037193e-01
1.722673698936804526e-02 1.483426136168482512e-01
1.556555467930020170e-02 1.926408085519922264e-01
1.840628435127211054e-02 1.168880172994065103e-01
1.077009916441139942e-02 3.205196222823588070e-01
2.433841745549322755e-04 6.012320220118645420e-01
2.927595181413937542e-03 5.296530618289592152e-01
6.859945393328167884e-04 5.894290789511209550e-01
2.222430484161119074e-02 1.507413755703251868e-02
1.733001087495177756e-02 1.455886433346183506e-01
4.111683747305742986e-03 4.980773667385126058e-01
3.140586919986240733e-04 5.993473682133660940e-01
8.218845164798087299e-03 3.885530622720486105e-01
2.074250270408983104e-02 5.458886122427025755e-02
1.957277477330536530e-03 5.555282006045165755e-01
2.159281339831486263e-02 3.191390937826793506e-02
1.026116735175263556e-02 3.340911372865925100e-01
2.048681578956223354e-02 6.140717894500619112e-02
1.890735149201760307e-02 1.035262268795296703e-01
6.917254420700673367e-03 4.232621487813144623e-01
2.288110966798366508e-03 5.467059742187092564e-01
1.539674967779729176e-03 5.666642675258699580e-01
1.429659202687554032e-03 5.695980212616642557e-01
7.446269363645556527e-03 4.091550836361175780e-01
1.174195892389328505e-02 2.946033620295114841e-01
6.705590264467591044e-03 4.289065262808618439e-01
1.460636086905486158e-02 2.182193101585346295e-01
7.525750045439469349e-04 5.876535998788241510e-01
1.448746195725424818e-02 2.213899478065524673e-01
2.935338505289368516e-03 5.294465731922810559e-01
1.574359785044714133e-03 5.657393390654703591e-01
1.812407137364295540e-03 5.593914096702830019e-01
1.103580668584013685e-02 3.134340883775939557e-01
6.504210578236399587e-04 5.903777051246990037e-01
3.327532366444445333e-03 5.189880702281441938e-01
8.147341337035041153e-06 6.079395291023199643e-01
2.110566053968142980e-02 4.490465227515799684e-02
1.136780532831382223e-02 3.045807912449623456e-01
2.483506467348399471e-03 5.414954275373735637e-01
1.217288856476394371e-02 2.831119049396242926e-01
2.056579635168419989e-02 5.930103062175079431e-02
2.148870335235263801e-02 3.469017727059392486e-02
1.413239118384345544e-02 2.308585017641736070e-01
2.249344258177565087e-02 7.897131152648395602e-03
