3.002944813603615482e-03 2.386158410944416719e-04
3.924235821922486545e-04 2.921938106061509888e-02
6.285183663745316784e-02 8.180939267441594831e-05
7.071360984375116288e-02 3.915091894915456727e-06
1.231921839795827034e-04 3.056351602327386785e-02
2.735869646747005057e-04 3.028696294386697130e-02
1.968931433543243126e-03 2.571876459606520227e-04
1.206449959421450335e-03 2.816527860990209603e-02
9.224485467723121668e-03 1.611281364500838365e-04
1.030340755087476301e-03 2.852301957425504297e-02
