7.321323472018248513e-03 4.672422923585402010e-01
5.630367284421337881e-03 9.741477444295960630e-01
2.390991464052637239e-02 5.575890691064816496e-03
6.766145439195292433e-03 6.666700684204047711e-01
6.236278581310400471e-03 7.901319800487578426e-01
3.098467144616104396e-03 1.662843049054138600e+00
5.794747409062266097e-03 9.642854992933176383e-01
7.536227315012980488e-03 4.206513559223341581e-01
4.243089502567687354e-03 1.451904361055919690e+00
5.078933928343021265e-05 2.907042614618994936e+00
2.953054497243451371e-03 1.709209130093642504e+00
3.169454945150002034e-03 1.661607506839199555e+00
2.846704507829975195e-02 2.246902098827635585e-03
9.252509074609130413e-03 7.339759020687647295e-03
9.261736061857983593e-05 2.403125432820143015e+00
4.141366647922167799e-04 2.283118063966722122e+00
1.141807889963944445e-04 2.336109879487544116e+00
5.043657201063728168e-03 1.145786851302034837e+00
7.102387862878548064e-03 5.828034923368226039e-01
8.949998853394716680e-03 4.844922025090750428e-02
1.525925495121649433e-05 3.569550213303127162e+00
1.083002563597001977e-03 2.135872453623494760e+00
6.221079481579031012e-04 2.225793638547055142e+00
1.440565645385041837e-03 2.050601586243474106e+00
8.414209898449480363e-03 7.596514700109538443e-02
2.416895107954251942e-03 1.952113012330145114e+00
5.900684817039369978e-03 9.514608442004930389e-01
2.931513412345376768e-03 1.720009725423845115e+00
2.864803201889386253e-03 1.742771437857446148e+00
1.802848280997401686e-03 1.990459241375641231e+00
3.090281499518732211e-03 1.694501627818296274e+00
4.320329143567565311e-03 1.438964183576789235e+00
3.469065949978394903e-03 1.575414753639469811e+00
8.344311358736367090e-03 1.322379289092441568e-01
5.404611813593890313e-03 1.054637951221088610e+00
1.264080731758487897e-04 2.331151759382858568e+00
5.326832670237285905e-04 2.275947161712496669e+00
4.449457260357982114e-03 1.344281070825136926e+00
1.052863904425792307e-03 2.206580460198721116e+00
3.301474237340895623e-03 1.634808419457711270e+00
1.892963003336065042e-03 1.957068707022159959e+00
5.348483879076326719e-03 1.060364939413295904e+00
5.182026080411468449e-03 1.138335714827895639e+00
2.670713492589973925e-04 2.330447282793989938e+00
2.788342665406319532e-03 1.891858121090134848e+00
6.225166874963605768e-03 9.234418150655083757e-01
