3.531790607626001527e-04 1.143774888028938674e+00
4.253370953577565242e-03 6.968316907284941575e-01
1.480265267873525151e-03 7.287173841627800908e-01
6.909048723822107385e-05 3.216103169309665333e+00
6.074889208402631940e-04 1.034256461103270963e+00
9.604735256997683213e-05 1.862847096268045233e+00
7.693268003781342929e-04 9.818542217163759300e-01
3.525378067737505727e-02 1.135167514323393023e-02
3.642095227588752759e-02 1.113953886354507317e-02
4.311890478673129426e-03 1.395751567487407696e-02
