2.300948281567717288e-02 2.431916315819396823e-01
1.734643822083138318e-02 3.942061541111622214e-01
1.248644913904983084e-03 8.234806422958632632e-01
1.494584009427847235e-02 4.582221041525716965e-01
5.419093111846861460e-03 7.122686903507494671e-01
8.271828340378328120e-03 6.361957509232422092e-01
1.412604427758957712e-02 4.800833259309437162e-01
6.399582221011123478e-03 6.861223141063691466e-01
1.050260130898140673e-02 5.767084717604934463e-01
2.890379963976087360e-02 8.600984960637581000e-02
2.454619532379343980e-02 2.022126313655073782e-01
2.519804909482438113e-02 1.848298641380156093e-01
1.939649929928223202e-02 3.395378586858047720e-01
3.185725808611088172e-04 8.482825711770362043e-01
1.352713681548868216e-02 4.960541915869646212e-01
9.628535603080422972e-03 6.000168905845196798e-01
2.795281968936115177e-02 1.113693149503683921e-01
2.939403770884431097e-02 7.293683443081599993e-02
3.635718006050569356e-03 7.598253598386476293e-01
6.991245733852912564e-03 6.703446204305866241e-01
2.138912198650401095e-02 2.864012536932240005e-01
1.214505100846873659e-03 8.243910373107491418e-01
2.114580715102877193e-02 2.928896493058955608e-01
1.598505541991935772e-02 4.305096954688162336e-01
9.933478547750184545e-03 5.918850787266608515e-01
6.614129500307590337e-04 8.391401613325092379e-01
1.824085839580259424e-02 3.703549494452632596e-01
1.872972418469388486e-02 3.573185284081606961e-01
1.841699730240765540e-02 3.656579119357920016e-01
8.243937523966803765e-03 6.369395060275510057e-01
1.902868275651193805e-02 3.493462998263444641e-01
1.083051271034595614e-03 8.278964727724084094e-01
2.901134358011104794e-02 8.314201119703634735e-02
2.884321306653404512e-02 8.762549155908827547e-02
6.393830764014462459e-03 6.862756862929467738e-01
2.242011802713562638e-02 2.589080259430490694e-01
1.155830092696498099e-02 5.485564819475966525e-01
3.208700939896948212e-02 1.124256027479675346e-03
2.000577078761790403e-02 3.232906189968535182e-01
2.335385602892138188e-02 2.340083458954259621e-01
9.991854498500828824e-03 5.903283867066436708e-01
4.479931407998065385e-04 8.448313562453361181e-01
6.282770684875049055e-03 6.892372884033296510e-01
2.105514865573855296e-02 2.953072091803013999e-01
7.003042757994470263e-03 6.700300331201450854e-01
1.652192507584205813e-02 4.161931713108760755e-01
3.194671035882680477e-02 4.865563764614777575e-03
2.166496143620290013e-02 2.790455350345869556e-01
1.196384333015399967e-02 5.377420178625561542e-01
1.596063277894311724e-02 4.311609658948493129e-01
2.475944903765981905e-02 1.965258656624039313e-01
1.124397767504871012e-02 5.569384353320320225e-01
1.815859604732040708e-02 3.725486120714519567e-01
2.086884149415636422e-02 3.002754001558264330e-01
6.612639397321717211e-03 6.804407894047518335e-01
1.342864785996823393e-02 4.986805637341765740e-01
3.657345828934965154e-03 7.592486178950667020e-01
3.417165628269890759e-03 7.656534232461323919e-01
3.212864789886728245e-02 1.389603020351959373e-05
2.368070547998780626e-02 2.252923605336546453e-01
1.116824204600542700e-02 5.589580521065210528e-01
1.846674199987042783e-02 3.643313866701195503e-01
1.424202882324755379e-02 4.769904047133947111e-01
2.272981338758895895e-02 2.506494829976239069e-01
2.451486298179318332e-02 2.030481604855142175e-01
3.495864633882416611e-03 7.635547830964665161e-01
2.252072009873907696e-02 2.562253040336207599e-01
2.546539663192838240e-02 1.777005964819059480e-01
2.623033792938301786e-02 1.573021618831186297e-01
1.645584447704296835e-02 4.179553206121836562e-01
1.862846411380137887e-02 3.600187969652927089e-01
2.768908217438216177e-02 1.184023153498051650e-01
1.914315297542680192e-02 3.462937606552843883e-01
2.435392774043820124e-03 7.918340326921639027e-01
7.167954515313278846e-03 6.656323862583116702e-01
1.813421240864710945e-02 3.731988424360747070e-01
3.590792670708047030e-04 8.472023928781095004e-01
2.200616419902024987e-02 2.699467946927894824e-01
2.821354135240906544e-02 1.044167372690877338e-01
2.831140194744475799e-02 1.018071214014707460e-01
8.897984051660656063e-03 6.194982652890482777e-01
6.536222696519666114e-03 6.824785680928050491e-01
1.176510337373194368e-02 5.430417500338139414e-01
2.055105460317364560e-02 3.087497172486989294e-01
8.842954561024140431e-03 6.209657183726872143e-01
3.060649805283434041e-02 4.060455859108336174e-02
2.250226723368952547e-03 7.967717940434907442e-01
3.007561346513066766e-02 5.476148092984500781e-02
1.659339787484882464e-02 4.142872300040304490e-01
1.637587226531679249e-02 4.200879129248816790e-01
1.428790922707124864e-02 4.757669272780976621e-01
2.953407066866763769e-03 7.780203182168824450e-01
9.340837923015220950e-03 6.076888287195917338e-01
3.117881661113498445e-02 2.534273036972989335e-02
3.677249589122088408e-03 7.587178509567419349e-01
2.400581874231900656e-02 2.166226735381574509e-01
2.852027322684403884e-02 9.623722061749140355e-02
1.087999029713361196e-02 5.666447654097664932e-01
2.189010058730723671e-02 2.730418243384727939e-01
9.170130411930387665e-03 6.122410290151872880e-01
2.421900162393509845e-02 2.109377966950601868e-01
1.759418711967420876e-02 3.875995168086868725e-01
2.002821769860963982e-02 3.226920347037390835e-01
9.930408454159499881e-03 5.919669478890791092e-01
2.949731987885207893e-02 7.018264323060885435e-02
1.544244230317175226e-04 8.526598553858170115e-01
2.006725108044772263e-02 3.216511445213902087e-01
8.262640113787866197e-03 6.364407702989863802e-01
2.963645156436757119e-02 6.647246495019720758e-02
4.660975753478097117e-06 8.566535473132367295e-01
2.331815149013206565e-02 2.349604669298092086e-01
1.249862637555966202e-02 5.234811366517414521e-01
2.042646939721394148e-02 3.120719894076243728e-01
3.949779412549713625e-03 7.514503889986704488e-01
1.415969058345213291e-02 4.791860911079407481e-01
1.953696954667748925e-03 8.046792545421924681e-01
9.542396957001996610e-03 6.023139211466125298e-01
1.809659271170615397e-03 8.085202594354493622e-01
2.809439318399266014e-02 1.075940217601948357e-01
2.683258422681945518e-02 1.412422606181454876e-01
3.201358334375438430e-02 3.082284166545989912e-03
6.388453588694342072e-03 6.864190776348136902e-01
2.417634284182769086e-02 2.120753642179243892e-01
7.791824724204709368e-03 6.489958473545401896e-01
2.607469672062346852e-02 1.614525941167036516e-01
2.341517265912577972e-04 8.505337939575655648e-01
1.022438066133058918e-02 5.841276890311833947e-01
6.917165971732763124e-03 6.723200807537891288e-01
1.391724387598059984e-02 4.856513366405149634e-01
2.016069168347590576e-02 3.191593951073082858e-01
4.201451249456488596e-03 7.447391400144912632e-01
2.590552308279504487e-02 1.659638911254616156e-01
1.635309305284094947e-02 4.206953585909071203e-01
1.193400880067952904e-02 5.385376053152116649e-01
2.890989142088041738e-02 8.584740210985464248e-02
3.159551732124445123e-02 1.423071143347753864e-02
6.760974527082141278e-03 6.764851859444723781e-01
1.064937958653423486e-02 5.727943843590846962e-01
1.008768288192908244e-02 5.877729631485554274e-01
2.650973704332460976e-02 1.498515188446761792e-01
3.120311515724772874e-02 2.469476914005819257e-02
2.936561930400450812e-02 7.369465855987888947e-02
3.080360249884618248e-02 3.534844003076609287e-02
2.016766849051731397e-03 8.029973906919499749e-01
1.169111515462385384e-02 5.450147692100296704e-01
1.140540058819529065e-02 5.526338243147913554e-01
2.762546002782330021e-02 1.200989059247096202e-01
2.076973277084569885e-03 8.013918859444105758e-01
3.017373239414433000e-03 7.763145536156127458e-01
3.249431695186221630e-03 7.701263281283635687e-01
1.051089141104467536e-02 5.764874023721381358e-01
6.660232980368340633e-03 6.791716271901752089e-01
2.109330711494873320e-02 2.942896502680328874e-01
3.000414812609010148e-02 5.666722330426010590e-02
3.616922680940947571e-03 7.603265685082375436e-01
1.810964838815655106e-02 3.738538829824881171e-01
3.095440709360176498e-02 3.132698417061574592e-02
8.023160070666956328e-03 6.428269047822136040e-01
2.524771849238972507e-02 1.835053468696049572e-01
2.871880932367866165e-02 9.094292470190146194e-02
2.283975791689031240e-02 2.477176288829211481e-01
2.162012226908628307e-02 2.802412461576967440e-01
2.698401399276916662e-03 7.848204693526131814e-01
1.318217034303382704e-02 5.052532975190940912e-01
7.737874124791221248e-03 6.504345300055650592e-01
8.438273593273197537e-04 8.342757770846024323e-01
1.114967455220162648e-02 5.594531852746223999e-01
2.891203835222623184e-02 8.579015060729811015e-02
1.326039998013762641e-02 5.031671738629942547e-01
3.158038693156352272e-02 1.463418849163711233e-02
3.163447396915843035e-02 1.319186748910772256e-02
9.453072192975430638e-03 6.046959148539846618e-01
4.023635360361887264e-03 7.494808970570124851e-01
1.796150527194096888e-02 3.778043660815703086e-01
2.929002745907917024e-02 7.571044109121827237e-02
2.221994889173329810e-02 2.642458695537778235e-01
1.162381621363784909e-02 5.468094076363231304e-01
8.687385110443545527e-03 6.251142370548349314e-01
4.415065295397046369e-03 7.390427654560763893e-01
3.110656328304063287e-02 2.726948578558074932e-02
1.141961935849801144e-02 5.522546571067158405e-01
1.319995330092494853e-02 5.047790853086656648e-01
2.857996388576767785e-02 9.464546971286103005e-02
2.458459981532768943e-02 2.011885115912607214e-01
1.273462906764345412e-02 5.171877315295040356e-01
4.732632573850936025e-03 7.305743046973059984e-01
1.000026165169199885e-02 5.901041959548761762e-01
5.527200583344559631e-03 7.093858244441412220e-01
2.317534950772771538e-02 2.387685197939252157e-01
1.342023813339688829e-02 4.989048231094154184e-01
3.935507473174958831e-03 7.518309740486653903e-01
7.989816259903147894e-03 6.437160730692484956e-01
3.091268551912408277e-02 3.243955949002208516e-02
2.276151861651988170e-02 2.498040102261326334e-01
2.914739010263435112e-02 7.951410392974678221e-02
1.552604807158054420e-02 4.427498914245179273e-01
2.519248220057012516e-03 7.895978874651424784e-01
9.388977985498658113e-03 6.064050937200319291e-01
4.818596880608604777e-03 7.282819231837681651e-01
1.061429818480686890e-02 5.737298884051492687e-01
2.052256342784398654e-02 3.095094819241565043e-01
4.858902372829054100e-03 7.272071100578895164e-01
1.661017043075630958e-02 4.138399618464975172e-01
6.284912219196258504e-03 6.891801808214307323e-01
3.541417323771455655e-03 7.623400446994269553e-01
2.813702599745261310e-02 1.064571467345946099e-01
1.047869710621797054e-02 5.773459171675169310e-01
1.840504533993948463e-02 3.659766309349447022e-01
6.539965639655320045e-03 6.823787562758557579e-01
4.256131654172611717e-03 7.432809958887279800e-01
1.495893122018666574e-02 4.578730074616880197e-01
1.412130531138678854e-02 4.802096983630180782e-01
2.412247699226356332e-02 2.135117868729677904e-01
2.268161337962205579e-02 2.519348165434079911e-01
2.992488297941443484e-02 5.878096054894454969e-02
4.668662135338574187e-03 7.322801830576356474e-01
2.433314690757927209e-02 2.078939224645518502e-01
5.134466677517168093e-03 7.198587285995398100e-01
4.390712076169821926e-03 7.396921846354690411e-01
1.545429654033047412e-03 8.155663825591178417e-01
6.720300689028301661e-03 6.775698216259110618e-01
1.651380677264614391e-02 4.164096593960989745e-01
2.567510948093721865e-02 1.721082538416732755e-01
3.074121803177044462e-02 3.701202581945095549e-02
2.080953097973859897e-02 3.018570138736335062e-01
1.365432075519791219e-02 4.926626198613851537e-01
9.247182544120612774e-03 6.101863054901160988e-01
1.357733611672519089e-02 4.947155435539910551e-01
1.110150751043049652e-02 5.607376397218525321e-01
1.004604020080502799e-02 5.888834346451968793e-01
2.769161493205730615e-02 1.183347751451361285e-01
6.040739133278526934e-03 6.956914631125702408e-01
2.592083313650740337e-02 1.655556230264668693e-01
6.889972474082194792e-03 6.730452406911405783e-01
5.416638402225070620e-03 7.123341492739957426e-01
1.405345553758052118e-03 8.193019585664510496e-01
6.840109480753652632e-03 6.743749205132335556e-01
2.238779008580750116e-02 2.597701043784642616e-01
8.439480898043149465e-03 6.317250160521817870e-01
3.322003022151142487e-03 7.681910927426353064e-01
2.571770284538400439e-02 1.709724307897589890e-01
3.179792628915158181e-02 8.833138955954056293e-03
2.045710310886040759e-02 3.112550904303882371e-01
1.761208601258580295e-02 3.871222129977095472e-01
9.328426864222982146e-03 6.080197902873832883e-01
2.159096837073327599e-02 2.810186834471087858e-01
9.215534209323538589e-03 6.110302610847032634e-01
1.669259681492573505e-03 8.122642484935275187e-01
6.351451574964649821e-03 6.874057980009388169e-01
3.242363627646304564e-03 7.703148099294280238e-01
7.373305924269667883e-03 6.601563486861398156e-01
2.931836771215569001e-02 7.495470100917922540e-02
3.043290440613143771e-03 7.756234282503152722e-01
1.100293670495723283e-02 5.633661945344728972e-01
1.173977285237927035e-02 5.437172306032170832e-01
8.583616274934324081e-03 6.278814060017504639e-01
2.830995146111304692e-02 1.018458010369830413e-01
1.051841140354404722e-02 5.762868692388215530e-01
1.323869191804062304e-02 5.037460555189158251e-01
6.217094964419477704e-03 6.909886409488100734e-01
4.726469544259159078e-03 7.307386521530881973e-01
1.715185148238352816e-02 3.993951338031035414e-01
2.068829454809718513e-02 3.050899853840741693e-01
4.486158463718924877e-03 7.371469476341611093e-01
1.125377803756778469e-02 5.566770923315248476e-01
1.104613169228708600e-02 5.622143282056738522e-01
8.852114052244074854e-03 6.207214652734874827e-01
1.767859761430469120e-02 3.853485702852058603e-01
3.018192718157298657e-02 5.192644849138317031e-02
5.271513263140580746e-03 7.162041529829169528e-01
2.361161938543511127e-02 2.271346563883961389e-01
3.209564275690159063e-02 8.940331492871544938e-04
1.731921841651463609e-02 3.949320155596073301e-01
4.153448736937803004e-03 7.460192070149910260e-01
1.423141476139145808e-02 4.772734463628905965e-01
1.157591730920904879e-02 5.480867117544244715e-01
7.419809896680350930e-03 6.589162427551867873e-01
2.890371650607449425e-02 8.601206650467629888e-02
4.484357771044399782e-03 7.371949661054802982e-01
5.864701141603211737e-03 7.003858095572438325e-01
6.138154259173533162e-03 6.930937264220352612e-01
2.304910175116704416e-02 2.421351266355445953e-01
1.482603246252035475e-02 4.614169743327881656e-01
2.217799779593211326e-02 2.653645654418094191e-01
2.394843643819689546e-02 2.181528683147485603e-01
2.947638985916113327e-02 7.074077708903259154e-02
9.278197837935608233e-03 6.093592309883814062e-01
2.828747298797461979e-03 7.813445786987319730e-01
2.711763470033202658e-02 1.336409146578102503e-01
3.093617115332526410e-02 3.181327591132243615e-02
2.556169915295493020e-02 1.751325292545328205e-01
3.947600244415771370e-03 7.515085001489089089e-01
8.091318261070356427e-03 6.410093530381214544e-01
2.890602511112273440e-02 8.595050370339285539e-02
9.864027107299954550e-03 5.937371171386655044e-01
3.005446879941143720e-02 5.532533868236078067e-02
2.280144947863694746e-02 2.487391872363456935e-01
5.796630814166696399e-04 8.413201578288879157e-01
4.460356579026780038e-03 7.378349978926183050e-01
2.231273309203863839e-02 2.617716242123006021e-01
