1.476680650096252705e-02 3.273937961325801282e-03
7.693238103739959144e-05 7.796028586250922654e-01
1.428753420414635017e-04 6.052156288520913474e-01
4.223371371545513175e-02 2.998671497005167552e-03
2.039830399503655273e-04 1.161500920175659868e-01
4.271722407429268814e-02 2.390407263570315521e-03
5.762123864516350072e-03 4.837586985839470444e-03
8.843069223061477552e-04 4.354963468678829663e-02
5.025068867483932500e-05 4.433084233337338809e+00
5.225641476209299044e-03 2.853491592775392327e-02
