1.033360784239658464e-02 5.732214798740160183e-04
2.606617746460229007e-02 7.139406428873472377e-05
1.375688635170126822e-02 2.308366833922385203e-04
1.652857507916285357e-02 1.952574646930816532e-04
3.872140847005697828e-04 2.232005549218605070e-03
9.616788271060959514e-03 6.090663271064392786e-04
4.808680724602186485e-03 9.239577521219666939e-04
3.964252027109281540e-03 1.208889286785372677e-03
2.655740591065235134e-03 1.251864192072358120e-03
4.806853001759550659e-04 1.631028206844605324e-03
1.921936864235520431e-02 7.141668967299182047e-05
1.527120822361963115e-04 2.307265083147854237e-03
1.114963769601475668e-02 4.405768575488442501e-04
5.489853354261123308e-04 1.347649342538568065e-03
3.457070351140650866e-05 4.963453441389558199e-03
2.835475199793741075e-05 4.995280730126965343e-03
3.214623205813518098e-02 1.295539142515469977e-06
