8.700022679280050575e-03 7.943895219201024815e-03
7.008642048817903536e-03 5.304737869819309282e-02
6.283456488708205612e-04 2.231886160301153055e-01
5.196495210193385894e-03 1.013712943948439360e-01
5.976781571318867670e-03 8.056365809816590229e-02
7.807459630656432559e-03 3.174557651583231888e-02
2.141414945587949425e-03 1.828401014509903888e-01
3.022772073618673616e-04 2.318837744703525772e-01
2.208144621659635654e-03 1.810606434224135697e-01
2.484391479162684213e-03 1.736940605556656081e-01
1.502665442131401186e-03 1.998734215431650085e-01
6.269822747531184071e-03 7.274922673250561189e-02
3.207248124052708427e-03 1.544178833585982957e-01
3.955485576590089813e-03 1.344648846242666451e-01
4.767112659437300337e-04 2.272321995748347589e-01
8.684591559191434662e-03 8.355391754895968859e-03
6.907027594787451541e-03 5.575709747233847935e-02
4.686789083056308591e-03 1.149634577851674777e-01
8.428943161961188757e-03 1.517268234770252633e-02
3.230942379681134291e-03 1.537860365418373121e-01
7.728984362691426746e-03 3.383825032822951329e-02
3.935183052528157255e-03 1.350062852659181800e-01
4.818213548952732239e-04 2.270959305361284208e-01
2.572138222950992592e-03 1.713541473879773847e-01
7.637701244340600049e-03 3.627246681758489188e-02
7.242050781556819139e-03 4.682314582515534340e-02
2.414863544912715376e-03 1.755481388023314437e-01
6.995827339158711133e-03 5.338910428910192962e-02
5.316612037657875156e-03 9.816817899579088902e-02
1.166232129380273541e-03 2.088449765498632260e-01
6.674056842435382997e-03 6.196965086839067993e-02
6.253328889484044417e-03 7.318906294709304206e-02
5.370919838360577181e-03 9.671997097705364865e-02
8.868855348062587574e-03 3.441690718331891219e-03
2.578129242279181277e-03 1.711943868725560591e-01
6.214643454311885584e-03 7.422067455168690486e-02
8.477491965622641068e-03 1.387804758339861166e-02
6.308812070533464933e-04 2.231210011452464670e-01
5.509235896908326602e-03 9.303154274911218380e-02
8.877298533150557169e-03 3.216539115987515629e-03
1.262246865521121642e-03 2.062845835861057964e-01
4.777761647427491987e-03 1.125375227352707341e-01
1.464405822323100459e-03 2.008936780713863612e-01
2.836797874404273223e-03 1.642965566825536072e-01
2.174975847479276858e-03 1.819451440672201770e-01
3.431254831817165396e-04 2.307944871151565991e-01
9.463543536517571297e-04 2.147083839026207031e-01
5.446354006337306153e-03 9.470839316434087607e-02
1.261225531645759901e-05 2.396081731915620239e-01
5.788159646918922263e-04 2.245094076082185808e-01
3.066094433509580774e-03 1.581819817730787392e-01
7.729391889303882657e-03 3.382738295189735567e-02
1.187043460024184149e-03 2.082900077326907962e-01
8.892297938009385838e-03 2.816554986418751128e-03
1.727471651426948362e-03 1.938785892952852308e-01
4.821309087653546932e-03 1.113762576625729750e-01
8.534148950361752917e-03 1.236719465702229570e-02
3.394128556905129379e-03 1.494344051491989234e-01
1.238973925884123695e-03 2.069051953097575947e-01
2.485556393983512358e-03 1.736629961604405636e-01
3.360973434528014003e-03 1.503185417459205198e-01
8.522246401508559721e-03 1.268459595977411425e-02
5.424128955881291070e-03 9.530106117650127828e-02
6.760312393147338561e-03 5.966950284940519822e-02
8.583955004264232080e-03 1.103903321962285133e-02
8.823215621568736289e-03 4.658750091502739110e-03
7.228467338798005848e-03 4.718537096538888420e-02
1.908495613289429294e-03 1.890512836456190726e-01
8.243139137103283609e-03 2.012745634391333027e-02
1.572537248234473495e-04 2.357510673380422972e-01
1.926429540264673612e-03 1.885730455929444105e-01
3.520490124312991576e-03 1.460647633516574118e-01
4.038668607420192735e-03 1.322466704687972339e-01
7.113077776414011844e-03 5.026242596229391069e-02
4.895728052366488114e-04 2.268892251936902582e-01
2.427244946308859674e-03 1.752179680984342625e-01
4.545379122602111188e-03 1.187343900639445948e-01
5.091453365213216564e-03 1.041724102609817848e-01
9.284121075514573107e-05 2.374687343798651540e-01
6.457358356945941402e-03 6.774827714811060275e-02
7.682776335648511257e-03 3.507046438271022026e-02
3.172935903245854838e-03 1.553328759134462445e-01
1.830901392313788456e-03 1.911204628716332010e-01
2.152513486465279513e-04 2.342044640360949614e-01
8.989865231512350618e-05 2.375472026049338936e-01
6.757539573619686379e-04 2.219243944703483962e-01
7.421260106342253415e-03 4.204423049754080211e-02
4.742797552060973310e-03 1.134698986117097519e-01
1.169810814068972249e-04 2.368250044958184475e-01
1.483818478231202498e-03 2.003760072471703069e-01
5.154727800800062987e-03 1.024850919786688408e-01
5.136213572078385248e-03 1.029788047445787669e-01
7.076991770200824483e-03 5.122471946131224030e-02
2.531713590816164761e-03 1.724321375782364996e-01
5.687373568699416460e-03 8.828120483468460122e-02
6.065229773610236741e-03 7.820503937039458009e-02
4.435151857615227122e-03 1.216737837969281699e-01
4.221710647865806187e-03 1.273655493902490221e-01
4.483804760696208369e-03 1.203763730481020033e-01
7.966311538204595699e-03 2.750952564787834120e-02
4.277414712481886205e-03 1.258801076671520747e-01
3.614546165504939346e-03 1.435566022532039909e-01
6.571091747070711975e-04 2.224215886744804749e-01
5.841880367635110538e-03 8.416102352973275913e-02
2.950462649732310538e-04 2.320765996007176923e-01
3.035630078673801080e-05 2.391349986456878796e-01
2.255006893481792396e-03 1.798109828404879096e-01
3.389190188170299045e-03 1.495660949821262520e-01
4.277808632925372834e-04 2.285370103122028596e-01
5.390563029863959521e-03 9.619615253696345292e-02
6.293754075079927013e-03 7.211105799787098647e-02
2.878849389483462140e-03 1.631751829471115300e-01
7.274456463073231127e-03 4.595899431804806312e-02
5.139733668219070850e-04 2.262385435514167042e-01
5.553898243924604294e-03 9.184054682867959229e-02
6.543200763667100794e-03 6.545914630221449926e-02
1.986309838340694078e-03 1.869762376442505314e-01
2.656774729284938630e-04 2.328597673885743902e-01
5.441475199040590738e-04 2.254338994692259845e-01
7.317733182961583260e-03 4.480494845435867290e-02
6.895360917644866028e-03 5.606820886280594607e-02
3.907348229707952036e-03 1.357485472077888389e-01
2.554449263596381137e-03 1.718258529707670235e-01
6.783469873442027342e-03 5.905197004154683071e-02
5.571116254451391470e-04 2.250881899881305159e-01
7.964984704726618681e-03 2.754490787396068896e-02
4.787389639140493536e-03 1.122807762895892125e-01
2.277300746833854639e-03 1.792164800844329164e-01
9.571308569263914379e-04 2.144210104819652685e-01
1.221636947701276732e-03 2.073675147279683273e-01
7.612336301155986362e-04 2.196449365302530765e-01
4.752234629976537228e-03 1.132182432006265671e-01
6.186744021216106226e-03 7.496465943424102107e-02
2.786902304447669287e-03 1.656271052147326728e-01
2.806894573039397933e-03 1.650939780522850953e-01
7.701614582688032229e-04 2.194068611128328072e-01
3.891251168386955506e-03 1.361778021763502267e-01
1.611815982305864203e-03 1.969627404718474750e-01
8.250261060734565000e-03 1.993753838041545379e-02
4.547420773997390420e-03 1.186799460267371487e-01
2.997206451173295427e-03 1.600189946353811621e-01
1.234868244790798819e-03 2.070146801389158853e-01
2.921193905248142819e-03 1.620459958600504180e-01
2.368374646625537316e-03 1.767878427566547117e-01
3.554280139406285066e-03 1.451636962825029187e-01
7.300455886538714800e-03 4.526567635896849850e-02
8.674760097885036991e-03 8.617564056399906747e-03
7.559519087806054749e-03 3.835732432517424684e-02
8.052751789307976971e-03 2.520445228512446789e-02
6.856071866166879580e-03 5.711591690222039830e-02
1.748758872770150852e-03 1.933109300594635371e-01
2.671093706775207188e-03 1.687153344859968485e-01
8.758566344616913746e-03 6.382730810218006923e-03
7.813664687965515832e-03 3.158010832092195130e-02
7.034605731495946479e-03 5.235501382677565374e-02
1.214161878446806675e-03 2.075668499080860485e-01
4.572321602575146748e-03 1.180159239313303132e-01
2.340676907089833669e-03 1.775264491442749559e-01
3.994782979159228198e-03 1.334169538890881412e-01
5.209692911930408066e-03 1.010193556818581584e-01
5.811831137981782192e-04 2.244462836320524346e-01
2.454211564652308830e-03 1.744988582759408047e-01
5.455688329998653607e-03 9.445947786670494395e-02
3.461096005536012932e-03 1.476486065190405483e-01
5.304441571093554408e-03 9.849272477084092259e-02
3.517788991546644262e-03 1.461367935587585265e-01
2.777059368098688807e-04 2.325390083517406836e-01
5.071854335442327333e-03 1.046950510548736446e-01
6.988763828625788044e-03 5.357746456998135898e-02
3.160261502077044149e-03 1.556708599446130492e-01
5.062568619607632492e-03 1.049426701438003207e-01
1.939363393581694517e-03 1.882281428378238530e-01
1.347912347119395449e-04 2.363500670743521326e-01
1.898959570185376755e-03 1.893055781283923267e-01
3.644822164057148761e-03 1.427492422918117398e-01
5.930212326827777325e-03 8.180550461792979178e-02
8.135806162338221625e-04 2.182490169004323022e-01
6.794710815718363328e-03 5.875221158084453776e-02
4.930946092910670764e-03 1.084526041890496728e-01
1.213120357890118406e-03 2.075946237896006963e-01
3.809877899542124524e-04 2.297848256012233747e-01
4.797627931318326766e-03 1.120077551648455128e-01
4.839294646686975732e-03 1.108966427550148737e-01
2.031421632818219969e-03 1.857732564581846546e-01
9.598057911731627811e-04 2.143496789020513660e-01
1.829161376606713851e-03 1.911668632904914844e-01
6.612197188919810564e-03 6.361924162880594480e-02
3.661955873243916137e-03 1.422923433801646098e-01
2.582750985952064759e-03 1.710711403746154602e-01
6.153791584995071950e-03 7.584339106680193510e-02
6.534264727648841919e-03 6.569744059603177533e-02
7.094936339506641154e-03 5.074619761315712907e-02
5.751001829719659675e-03 8.658445120747959578e-02
4.026813269514151195e-03 1.325628128129583416e-01
1.036822137936987964e-03 2.122959096550145475e-01
8.146028878942890294e-03 2.271706322819344592e-02
5.475905627652433161e-03 9.392034992926934223e-02
6.876145291365154399e-03 5.658062556359677586e-02
5.630378448712280992e-03 8.980107470100673339e-02
6.944530474265353526e-03 5.475702068626109309e-02
2.996543401755369374e-04 2.319537175953199082e-01
8.297920116123735923e-04 2.178167130236738913e-01
2.759102415297642885e-03 1.663684355920667102e-01
2.288716211701014025e-03 1.789120676879738525e-01
1.031292134704764329e-03 2.124433764078768050e-01
1.430005956279845059e-03 2.018110078325383583e-01
6.759140569785659913e-03 5.970075147238329549e-02
3.332355048036306222e-03 1.510816987190342076e-01
8.890194929523920209e-04 2.162373135212733999e-01
4.849284731799463621e-03 1.106302404853485299e-01
7.406864205209973129e-03 4.242812119440309004e-02
5.996594324288007094e-03 8.003531801899033127e-02
7.528216018560796030e-04 2.198692572838387704e-01
2.470362932952219204e-03 1.740681551212750477e-01
7.041222287611614838e-03 5.217857233035783082e-02
6.607141841067254440e-03 6.375405090487706872e-02
3.611560126841939500e-03 1.436362299508839868e-01
2.894297707619508664e-03 1.627632277968169561e-01
4.434198189242288812e-03 1.216992149535398582e-01
6.298077219065834065e-03 7.199577415824531812e-02
2.430405674272662075e-03 1.751336820193980515e-01
8.463141087133307927e-03 1.426073767644897572e-02
3.074467408960002146e-04 2.317459202427771814e-01
6.856840552348364426e-04 2.216595918604067350e-01
5.374184347592847466e-03 9.663291739752644105e-02
3.863529232235651811e-03 1.369170538070516585e-01
2.584822918274221060e-03 1.710158888460231452e-01
1.006689779467717649e-03 2.130994392141980498e-01
6.765225748146197482e-03 5.953848004943562700e-02
5.374211427459640866e-03 9.663219526774380341e-02
1.302991879331583114e-03 2.051980498844949707e-01
2.572900952506729233e-03 1.713338079331547803e-01
3.154725489201704036e-04 2.315318986954659763e-01
2.499281792854080031e-03 1.732969855238950529e-01
3.208596610695280127e-03 1.543819237147934231e-01
1.878929463790535159e-03 1.898397142989214359e-01
7.441743267924016969e-03 4.149801285536192097e-02
7.622433944397544181e-04 2.196180094816089223e-01
3.232565959813138434e-04 2.313243241071658574e-01
9.967283247588332173e-04 2.133650780064320074e-01
6.102938510907374159e-03 7.719947304247387621e-02
3.014759858305127160e-03 1.595509037785323159e-01
3.470482624264081828e-03 1.473982966862950050e-01
7.860516700903930065e-03 3.033072130922942478e-02
1.342882765663744316e-03 2.041342929156373387e-01
3.274196081844205075e-03 1.526326044841583851e-01
4.637743735791399757e-05 2.387077683371261472e-01
3.998482664960723021e-03 1.333182956010512399e-01
2.628935321752234877e-03 1.698395580866094434e-01
1.036407743637557388e-05 2.402208753983057221e-01
2.201475600392188703e-03 1.812384839895440081e-01
2.623164148695678044e-03 1.699934560347857726e-01
4.924422153650964695e-03 1.086265759026447952e-01
2.526202234920504885e-03 1.725791070687874296e-01
6.444005411774589298e-03 6.810435568601480583e-02
2.008913818625335246e-03 1.863734648366586200e-01
2.678837088354701912e-03 1.685088443105451361e-01
3.902760472930366653e-03 1.358708873885259294e-01
5.226105031775563070e-03 1.005816991526540249e-01
6.455988553496161408e-03 6.778480524010621622e-02
8.967198666168907373e-03 8.192022354966965736e-04
6.963996282545958927e-03 5.423793246544494906e-02
5.416751233533578791e-03 9.549780043910693905e-02
5.911045692193028778e-03 8.231661487485641970e-02
2.901721339777840747e-03 1.625652642725947672e-01
4.128967730911869971e-03 1.298386938423510273e-01
5.493873581919772597e-03 9.344120448214177088e-02
2.317308519239724696e-03 1.781496061536111952e-01
3.801094168549457031e-03 1.385819888386849996e-01
6.913020328086161292e-03 5.559729125103807235e-02
5.754266878271185881e-03 8.649738324610556361e-02
5.982591569592021763e-03 8.040872481088179313e-02
7.229675189245221567e-03 4.715316162013127865e-02
1.938568800738615927e-03 1.882493319803044685e-01
4.987704578606200201e-04 2.266439544570539866e-01
4.989516161343354739e-04 2.266391235697549078e-01
4.795668839837285979e-03 1.120599976043399337e-01
2.179174407819339798e-03 1.818331824581518319e-01
2.768361564731480762e-03 1.661215249404977001e-01
4.877717275682535991e-03 1.098720393151362273e-01
2.756914012691846771e-03 1.664267929948879399e-01
7.673525341579501280e-03 3.531715755788233935e-02
1.072006720826856885e-03 2.113576541112847096e-01
4.709308652112720317e-03 1.143629359436646453e-01
7.193791255705073162e-03 4.811006651453375582e-02
4.584666364385481252e-03 1.176867302830562068e-01
1.581117960002154099e-03 1.977813543999449308e-01
1.496109881659379859e-03 2.000482364890840969e-01
7.146095789566375700e-04 2.208882445611601852e-01
4.701818031476512338e-03 1.145626858272938975e-01
4.402102225603221619e-03 1.225551073172512773e-01
2.499242726261230452e-03 1.732980272997028948e-01
2.839546205485876662e-03 1.642232678537123292e-01
3.923682479384793531e-03 1.353129672164063990e-01
4.360770256899404451e-03 1.236572931493515881e-01
8.036898868875597124e-03 2.562719682998793047e-02
5.837961114161349663e-03 8.426553695569971580e-02
1.362467472987183292e-03 2.036120340536760054e-01
7.015678146160220230e-03 5.285974943572835372e-02
8.178003626128416137e-03 2.186440330324312953e-02
