4.670563970395752440e-05 2.514645297406798541e+00
3.961429001936654648e-03 1.278261109919986760e+00
1.264256367870454645e-03 2.168353525164247841e+00
2.431664462448336617e-03 1.795112928404132058e+00
5.958069179996937359e-03 5.267750882700215076e-01
3.853746358851231624e-04 2.418687818262760914e+00
7.156642682012860635e-03 3.389202946135072558e-02
2.633053259499376630e-03 1.733323457776558607e+00
6.159488166802243314e-03 4.462361476941121285e-01
4.067280872050417495e-03 1.241968862158484344e+00
5.653058280045031303e-03 6.632799110524321140e-01
4.637570931035138455e-03 1.054587001161142235e+00
5.106680848769008796e-03 8.567852155079445087e-01
4.670332867691792678e-03 1.040646719596242997e+00
7.270621977369592925e-04 2.316928306395784176e+00
3.730194851581603022e-03 1.366387819735896736e+00
3.623807911390032610e-03 1.399337038375685127e+00
3.304164473719464756e-03 1.504398575605636390e+00
6.827828063890872823e-03 1.906809811912355546e-01
4.556971021465391902e-03 1.063077570706021158e+00
3.469884679299407859e-03 1.448035364786350643e+00
7.264087203999271269e-03 8.514598878248902381e-03
4.386814212614754960e-03 1.123753371500872733e+00
4.412984119063510791e-03 1.122865961710985738e+00
5.837608639998270732e-03 5.898721056331999169e-01
3.601763865895793448e-03 1.402447677773446033e+00
3.375754778143370827e-03 1.491079801991383791e+00
4.561971582549027848e-03 1.059789567962156953e+00
7.258192916946258622e-03 1.967202091068132042e-02
5.448590753078463855e-03 7.490339304099944417e-01
7.098285043395866079e-03 7.627235078152971859e-02
3.103797021666909739e-03 1.572941520162089768e+00
2.352400142302445152e-03 1.831937096394164799e+00
6.621708774780375728e-03 2.592306482291359959e-01
1.350402977959817841e-03 2.135059953531907695e+00
5.498151575903595378e-04 2.370821278025385226e+00
6.577743513417333432e-03 2.778716344877649735e-01
3.766337527292884513e-03 1.344898588603109291e+00
2.124276487347774578e-03 1.892367290041880645e+00
4.808700786847287800e-03 9.731841321043541715e-01
4.054414197055176972e-03 1.261499811434221074e+00
4.859722066619463765e-03 9.496238071159555094e-01
4.950666438121108237e-03 9.318570961461800639e-01
6.232027548846184872e-03 4.199864822026386779e-01
2.093209379233497425e-03 1.909107819202431111e+00
6.843698623528571279e-03 1.709810347216242921e-01
3.253124169638244023e-03 1.526503685301980662e+00
7.887348211056827152e-04 2.299584292915596961e+00
4.818603868832899151e-04 2.390919959222889801e+00
1.861945879179004171e-03 1.975290970942486846e+00
6.431822747733684231e-03 3.361348303581499497e-01
2.226211673661548929e-04 2.465614146097274251e+00
2.389606439575697738e-03 1.807545995241796932e+00
5.339018279166482528e-03 7.711761471679265956e-01
6.065657286761304279e-03 5.011973452506854887e-01
6.990399207213261745e-03 1.255583556794823696e-01
5.535558041837626564e-03 6.993866515848143894e-01
2.266332637185439203e-03 1.866100837528288148e+00
4.822474523482458975e-03 9.678219543318864471e-01
1.766175608320798285e-03 2.007259212853311325e+00
4.771171180892583297e-03 9.913128495845600074e-01
2.027774508128604714e-04 2.472928156610262995e+00
1.648729569433980691e-03 2.040898058640838286e+00
6.409143816249754377e-03 3.916428665794156050e-01
2.492836612795458484e-03 1.775229954838868140e+00
5.266881101370121665e-03 8.016813139561771440e-01
6.303705594489318609e-03 4.044551752585177073e-01
7.714427495058920337e-04 2.308171001890537255e+00
6.005684886697670866e-04 2.354244538559250977e+00
1.031904207752190605e-03 2.229248945009307370e+00
4.283845198778037100e-03 1.162983427288801552e+00
5.346558328497397206e-03 7.708506885156227728e-01
1.624072244173456470e-03 2.051678127961508835e+00
4.293568213451191828e-03 1.159692502767832645e+00
5.690355880866193594e-03 6.321879303622977009e-01
4.206739457966256202e-03 1.194574641083503197e+00
4.086138946395034832e-04 2.409332512265997650e+00
5.028586272954230219e-03 9.148851655000431737e-01
6.783484545080077643e-03 1.907976572964973361e-01
7.237162458901963413e-04 2.321693217410018661e+00
7.214792719772586405e-03 2.823389385967911558e-02
5.927599245661996363e-03 5.405837910466468887e-01
5.193568013373693615e-03 8.238310634405652255e-01
1.029583917938191318e-03 2.231092364903892289e+00
2.285428751137116854e-03 1.850599971736170746e+00
7.721419107209567811e-03 2.399982711833947846e-03
8.790115012562646490e-04 2.275034528552135171e+00
3.853375840538894592e-03 1.328666170429404270e+00
1.894819166040992431e-03 1.967291503363714833e+00
1.360632582849387318e-03 2.130409059417994300e+00
3.546036517806119837e-03 1.421728749693509153e+00
8.324140715603306484e-04 2.287298883165897578e+00
1.312023942015738687e-03 2.143529004583346165e+00
3.882162906360633881e-03 1.305786246159585717e+00
5.736970356574777608e-03 6.213952006664744676e-01
5.242035065722072673e-03 8.089781316000286271e-01
2.558785701996760253e-03 1.766912915896103664e+00
2.404378498430503885e-03 1.806731037671049700e+00
2.744364124999953969e-03 1.692002334178950074e+00
2.882304727684435741e-03 1.647240232431938844e+00
6.770395804669593343e-03 2.179992478698731251e-01
5.113809224499644979e-03 8.558750351713160232e-01
4.565058098251542629e-04 2.399936486915376754e+00
6.429121295085805932e-03 3.369637774059539570e-01
6.096270854972316022e-03 4.727333880340831573e-01
9.012668412599483814e-04 2.269035754077763478e+00
5.496975935966860738e-03 7.434988697180264783e-01
6.075970263900262736e-03 4.879196123727356227e-01
1.943994504055399086e-03 1.949861072040113052e+00
1.054214230931924123e-03 2.221606290899275749e+00
2.033775329878126370e-03 1.938347508578030842e+00
2.795961780931305318e-04 2.446598920853643833e+00
5.583720084207752232e-03 6.807488805002057664e-01
1.851540975465339189e-03 1.984036279801373093e+00
1.037781197198862915e-03 2.227766257751675028e+00
1.498386308278268353e-04 2.481598941229840705e+00
5.885488953060215300e-03 5.670365644553341244e-01
3.946818635030199807e-04 2.412629724782926033e+00
6.995973122341236916e-03 1.095474082096112856e-01
3.906510417346041597e-03 1.296874520030823819e+00
1.666871886359867772e-03 2.036277931657457074e+00
2.725961834782561488e-03 1.700468735405708864e+00
5.106002137183277001e-04 2.379206874042549380e+00
1.647616953252828420e-06 2.884839904023068335e+00
1.267775745819078870e-03 2.159982048394885723e+00
1.065704686990520678e-04 2.498919361019937391e+00
5.517418203970794743e-03 7.276999809580939615e-01
2.991167382223866578e-03 1.611607242465426859e+00
3.070520255419206812e-03 1.583519539968947010e+00
6.654074689430439227e-04 2.334593799411856629e+00
5.764197383249125561e-03 6.104467704986158427e-01
2.928722475941634984e-03 1.644544312105466810e+00
6.464366509258870352e-03 3.275295625594341065e-01
6.649939943084298699e-04 2.338542895765002960e+00
2.345264374953283382e-03 1.840440165740553136e+00
1.951921229100275768e-03 1.946838924163160955e+00
1.416284107707180273e-03 2.119065572938529485e+00
5.123576886152184096e-03 8.506595818208160242e-01
7.252865388271897973e-04 2.317989842070515394e+00
4.092421253237311929e-03 1.230461191203479965e+00
4.361099678194965690e-03 1.144821872375640703e+00
2.433854278495600765e-04 2.462297230171561324e+00
6.783309128355577422e-03 2.086249314424668544e-01
7.133486507057619497e-03 4.392196726118879901e-02
3.394973056883299201e-03 1.480400049825585151e+00
2.430613092949118759e-06 2.666429703379582072e+00
1.456699818159767901e-03 2.108317275825137393e+00
3.758090280033613007e-03 1.366101729776884932e+00
3.293300130500539935e-03 1.516482658548936380e+00
2.363674634577393741e-03 1.831059578733757798e+00
8.466719629176139295e-04 2.285047993393811261e+00
9.744575406343131130e-04 2.244250406657288366e+00
5.814041499424410508e-04 2.359189020587690422e+00
2.454558975974754920e-03 1.792127395550535462e+00
3.393929361277449319e-03 1.481611144238359268e+00
3.242958285166894217e-03 1.533402294184569081e+00
6.679839113559737918e-03 2.500184183972218310e-01
3.407807163915560489e-04 2.428456617844735987e+00
6.586812198280812825e-03 2.725040567210543774e-01
2.608413963989274220e-03 1.743713496032126331e+00
2.234732902781290387e-03 1.873087341185535104e+00
4.685174816935443187e-03 1.016857189516995108e+00
1.732970480357455545e-03 2.015352156202673939e+00
1.721845933481770674e-03 2.032580919580972534e+00
2.434706442267821347e-03 1.793071646142660791e+00
2.821791130476078435e-03 1.674279502513955409e+00
1.637183061815969398e-03 2.048932935815763301e+00
1.688146198201109782e-03 2.033391823953320632e+00
2.770220576312348859e-04 2.459858984814868421e+00
1.775783699384969605e-03 2.005959911438017329e+00
1.989930259155302250e-03 1.940079111206680418e+00
5.489677103380913303e-04 2.375085860616807487e+00
1.518391575287769690e-03 2.080884377568954058e+00
3.501797577948162488e-03 1.436947922376601072e+00
6.970734982746175368e-03 1.419382851152992675e-01
2.418573652374120253e-03 1.798562101662637192e+00
8.212069330074608930e-04 2.294202839431826568e+00
6.998312524435779114e-03 1.035315624661079514e-01
1.523125538730393802e-04 2.481179884994728191e+00
4.375924871676449557e-03 1.127652551482147603e+00
1.169862645802155487e-03 2.187132913682294344e+00
2.722529949678573202e-03 1.702829960355438432e+00
1.383034832626625632e-03 2.122966556782849956e+00
1.947609333562271006e-03 1.948028622463462201e+00
9.365548151533120702e-04 2.255574298232631669e+00
2.295024442907543649e-03 1.841550251667946947e+00
3.031699158611324274e-03 1.596453490045363965e+00
3.802258226239044192e-03 1.339325131947816994e+00
2.024807607884947236e-03 1.938708435756606230e+00
3.511118142535130104e-06 2.527147240619617818e+00
1.326681756212824692e-03 2.140040209005975136e+00
9.329691101132575604e-04 2.263331978896247598e+00
1.468929942800081823e-03 2.096546469168012017e+00
7.060176529043171723e-05 2.508545073820102722e+00
2.805087148791129970e-05 2.515342082109725652e+00
3.317017003419200916e-03 1.503963716647353843e+00
3.787563561343867957e-03 1.344349652460203659e+00
8.691412187073616069e-05 2.499433530574421525e+00
2.149921494537909705e-03 1.887472850473594699e+00
3.168729016551283251e-04 2.434632326023391080e+00
4.568833220136236939e-03 1.058046796254676680e+00
2.041848493750386684e-04 2.468076605556796643e+00
4.186329257740775689e-03 1.221261386841285601e+00
1.955337975544368945e-03 1.945622726459312668e+00
7.299247732813998746e-03 3.498495678464275116e-03
1.510063261958016767e-03 2.084077371114025468e+00
1.467167764247837014e-04 2.482592524336403983e+00
1.305876724346136109e-03 2.147405003312756300e+00
1.912586960855909568e-03 1.961144656231106120e+00
3.159097742080473059e-03 1.556233860230620047e+00
1.038894593671103872e-03 2.226113734069310013e+00
7.141487519141634377e-03 4.076931481946854952e-02
2.126354627714523160e-03 1.891760605990431054e+00
5.991406857772017813e-03 5.133122878147509116e-01
8.040590201345149124e-04 2.295862784541943924e+00
4.529512158882448292e-04 2.401478727600478535e+00
8.551087248819949638e-04 2.279884416204948749e+00
3.408672058999070997e-03 1.478366724896222673e+00
3.526274137051407798e-03 1.432578413004696793e+00
7.041159303817802473e-03 8.881412552192302634e-02
1.132318080347083367e-03 2.197480960574453412e+00
2.193035183131145094e-03 1.876393643575260173e+00
3.753777513669370736e-04 2.426458555467172040e+00
1.451114076635083572e-03 2.112880712844173559e+00
7.545858917658021525e-04 2.312992692899038083e+00
1.559904013954414859e-03 2.068241305149840059e+00
6.958838126871612351e-03 1.684733553411474904e-01
2.864521285694462960e-03 1.654121840398590004e+00
3.995207682134335747e-03 1.268565596719543942e+00
1.745197499598657997e-03 2.011222015320567991e+00
5.357944849516807495e-03 7.626566822076272789e-01
