4.759016286542259999e-02 3.407833960138231810e-04
1.146133685790308027e-01 2.196823415322179951e-05
1.008339243476162744e-01 1.240405909768496628e-04
2.590900426352321650e-04 3.793689827410786503e-02
8.199928923890729970e-02 2.654494962158054916e-04
9.097707906162808000e-03 8.201550313572877893e-04
8.345938935456885532e-02 1.313092805380403072e-04
6.443411061466536305e-04 3.715113679557893733e-02
3.565219655204607263e-03 8.730284212346145489e-04
1.295986881787657141e-02 6.623925842976427503e-04
2.223129787850011696e-03 1.261691212089424696e-03
2.894019920513600519e-02 3.672063384475565684e-04
2.106899117254844300e-02 5.749368920762720769e-04
1.444862965131923915e-03 1.356038162822086057e-03
