4.172016822002529157e-02 2.441844141326550699e-01
2.503380513761339909e-02 6.891540963303084411e-01
7.952874733200124280e-03 1.144645573781326142e+00
3.545306910218577745e-02 4.113070572750450737e-01
1.310588057862112354e-02 1.007232084570099495e+00
1.662839517622900776e-02 9.132983619672225828e-01
1.769840420862658914e-03 1.309526488776994846e+00
4.871879511461132961e-03 1.226805446361034058e+00
4.808339146789337992e-02 7.449846085617567448e-02
1.363347354609929785e-02 9.931629387706815137e-01
4.780207676241128578e-02 8.200018633569522430e-02
1.605349867565067368e-03 1.313912903531597287e+00
9.781640818024531225e-03 1.095878478186011584e+00
4.152591358155695300e-02 2.493645378251470590e-01
2.466269986870857356e-02 6.990502368344371220e-01
3.049343397438855630e-03 1.275406409401626640e+00
4.647310501332542476e-02 1.174394329779878121e-01
1.485549467381915012e-02 9.605757086981521198e-01
2.192768816388020181e-02 7.719838822965270353e-01
3.079663312621312710e-02 5.354786833009823610e-01
4.223698416286854329e-02 2.304026556568379847e-01
3.652872659856878923e-03 1.259312295737148979e+00
4.087152615980096937e-03 1.247731496907193538e+00
6.094158026259080541e-03 1.194211352633087309e+00
2.102629007634922165e-02 7.960211646306865063e-01
3.859741603407920718e-03 1.253795790575786384e+00
4.896197095703065660e-02 5.106967447918014241e-02
1.009647958200535212e-03 1.329798287781318145e+00
1.432493392489700423e-03 1.318522409533604112e+00
2.725019376321664855e-02 6.300503996475521618e-01
2.472215130888535950e-03 1.290796496509638125e+00
1.081396248226303147e-02 1.068349900472981950e+00
3.662983686055805432e-02 3.799265837184480632e-01
2.956261169982428438e-02 5.683859213380166864e-01
4.688719034180739709e-02 1.063971575518004031e-01
1.400436257855448841e-02 9.832725645718793928e-01
1.773947511903697927e-03 1.309416966349232325e+00
3.717877130019971166e-02 3.652883319946705343e-01
2.896226187039270539e-02 5.843952501228573126e-01
1.329104363904239083e-02 1.002294402958867181e+00
6.834047499501075262e-03 1.174480966679968930e+00
3.806200969450153349e-02 3.417353081466219522e-01
4.647053910530003773e-02 1.175078571919981330e-01
4.731308473076463461e-02 9.503997384627554945e-02
2.081796721766407399e-03 1.301207654086226739e+00
2.215468790333148530e-02 7.659305559111579953e-01
3.440175085667347699e-02 4.393422104887064195e-01
2.071463451696360647e-02 8.043319795476362444e-01
1.584249086639906434e-02 9.342558102293558875e-01
2.149702501696955370e-02 7.834682328808080243e-01
4.855317386425357651e-02 6.197093028656746466e-02
1.286771725867892624e-02 1.013583106435224757e+00
3.814485131178531330e-02 3.395261983523907845e-01
1.213969263155141587e-02 1.032997096491958366e+00
3.427909665452573418e-02 4.426129892126447474e-01
1.939027774826421191e-03 1.305014826004626372e+00
1.728337331036707003e-02 8.958322783902090691e-01
2.021424217073326812e-02 8.176757754471104533e-01
4.510364950728147637e-02 1.539582464724916222e-01
1.250702407074906486e-02 1.023201591446689207e+00
1.078794890623176184e-02 1.069043595833815807e+00
1.478528328616020293e-02 9.624480123690588584e-01
4.645599675627838654e-02 1.178956531659088314e-01
6.650732499226055805e-03 1.179369366687301302e+00
2.437992869198886414e-02 7.065908015469597458e-01
1.143091237426425988e-02 1.051897903352949193e+00
1.259008489363740158e-02 1.020986636169666895e+00
2.322525150309269482e-02 7.373821932508590749e-01
1.903774900244473156e-03 1.305954902660146466e+00
2.073389073988643472e-03 1.301431858026968591e+00
4.518212841454023743e-02 1.518654756122579941e-01
2.859062300386246147e-02 5.943056198969971504e-01
2.635894216247398891e-02 6.538171090006912323e-01
3.349792192499741195e-02 4.634443153333985266e-01
3.395283589575399941e-02 4.513132761132228610e-01
2.526128753219961109e-03 1.289358799914130493e+00
1.918459118981725997e-02 8.451331349382025238e-01
3.670620674117171245e-02 3.778900535687519935e-01
4.758935061687215307e-02 8.767288355007357703e-02
3.132488516658644973e-02 5.213919622243574636e-01
2.708020085522251652e-02 6.345835438607290158e-01
1.415962903082863822e-02 9.791321258445657705e-01
1.909182245702541192e-02 8.476069678126547657e-01
4.596816286378942185e-02 1.309045569656115959e-01
3.054246802465938881e-02 5.422564193424124213e-01
2.787605114493237057e-02 6.133608694684662410e-01
2.855237800289696370e-02 5.953254865894104242e-01
2.379646718040857867e-02 7.221497751891021721e-01
1.525475890783674349e-02 9.499286624576859239e-01
1.631307657285192836e-02 9.217068580572780334e-01
2.900172074337510619e-02 5.833430135099932912e-01
1.882557039810979493e-02 8.547070227170712187e-01
2.595010033366669522e-02 6.647195577688842505e-01
4.699497675785709039e-02 1.035228531238071015e-01
2.672379755299243709e-02 6.440876319201978006e-01
6.749076605456164057e-03 1.176746857187833228e+00
3.909000184648554754e-02 3.143221840937178713e-01
2.510408690035006996e-03 1.289778001599064083e+00
1.509234406368216430e-02 9.542597249684732219e-01
2.069435466152975966e-02 8.048727756925373455e-01
8.787349372339631204e-04 1.333289301673758587e+00
4.524407466844089509e-02 1.502135755082419366e-01
2.802782829240453577e-02 6.093134788692085024e-01
1.663357263192784263e-02 9.131602964819203194e-01
3.887558266748876445e-02 3.200400288669654203e-01
2.143847219418433536e-02 7.850296414884168072e-01
4.012381312881714568e-02 2.867538832315404407e-01
3.530420299888022140e-02 4.152768200298569412e-01
1.096962242702199941e-02 1.064198968612745766e+00
2.505781702085758955e-02 6.885137794437952152e-01
2.874967144640845629e-02 5.900643280957735826e-01
4.340144343988312781e-02 1.993504082697823976e-01
4.017440245516541719e-02 2.854048345289213473e-01
9.794089188398108492e-04 1.330604662164269314e+00
3.355764348508179229e-02 4.618517403978180114e-01
1.969323430601328806e-02 8.315693185063084414e-01
5.450492190600300657e-03 1.211375774917324399e+00
1.069593442233414404e-02 1.071497315404418949e+00
2.888675942826342269e-02 5.864086485796411452e-01
1.630260278418667330e-02 9.219861590883544622e-01
1.978025776123278068e-02 8.292486930337901185e-01
1.581437872301390268e-02 9.350054673862935317e-01
1.784451106164326728e-02 8.808686050228438091e-01
1.870305662048050988e-02 8.579740567871825263e-01
1.824832215304279803e-02 8.701003092521881754e-01
1.610381669606322785e-03 1.313778722143827515e+00
5.073506552537628000e-02 3.787152656628704761e-03
9.579709256134119610e-03 1.101263319836422561e+00
4.299332308026400373e-02 2.102336178596227456e-01
3.926229627638962161e-02 3.097276659629396023e-01
3.330976993058135105e-03 1.267896180185112520e+00
2.433511243902437837e-02 7.077859016260141800e-01
6.880388350820901278e-03 1.173245210644775050e+00
1.022619378189799921e-02 1.084023732482719105e+00
3.532057349522961520e-02 4.148402734605412534e-01
3.081837741875410874e-02 5.348988354998880368e-01
1.758541377773299719e-02 8.877778659271191586e-01
4.306069809068897858e-02 2.084369509149582300e-01
4.675329094511633532e-02 1.099678081302287169e-01
9.493949428715023342e-03 1.103550248567596981e+00
2.706317326748160224e-02 6.350376128671548770e-01
1.961377510581015227e-02 8.336882305117283565e-01
1.189992598820428793e-02 1.039390873647884739e+00
1.256470673710004260e-02 1.021663387010664614e+00
1.111127174200217393e-02 1.060421653546607779e+00
1.511159525331569331e-02 9.537463599115776347e-01
2.781869041481928317e-02 6.148904889381485717e-01
1.557066958424753456e-02 9.415043777533966818e-01
3.544770892657818362e-02 4.114499952912460956e-01
6.317155278984312727e-03 1.188264759227084078e+00
3.506801551523455740e-03 1.263207525292703970e+00
4.151800646716703735e-02 2.495753942088781430e-01
4.477989706443515072e-02 1.625916449483951198e-01
1.231935492838578949e-03 1.323870620190967351e+00
1.867930270639035772e-02 8.586074944962547306e-01
6.291662694712776838e-03 1.188944561474325035e+00
1.051881879916811979e-02 1.076220398688849222e+00
5.126006576420552574e-03 1.220028724628782868e+00
1.415467190192772062e-02 9.792643159485932003e-01
1.784011429472671939e-02 8.809858521406184195e-01
9.057393607108846223e-03 1.115191737143763184e+00
3.337061730236585977e-02 4.668391052702399180e-01
2.541345395918333250e-02 6.790301277551087367e-01
4.465769026551676124e-02 1.658504929195521727e-01
1.531639573413497157e-02 9.482850137563998416e-01
5.559711900349942337e-03 1.208463249324000621e+00
8.447441596001706299e-03 1.131457124106620249e+00
1.907692195378125899e-02 8.480043145658306969e-01
6.564764043449217157e-04 1.339216195884131544e+00
3.451084170684033670e-02 4.364331211509205333e-01
1.350310402019989919e-02 9.966394594613321445e-01
1.889181813196152970e-03 1.306344051648100191e+00
3.498582686566827082e-02 4.237668502488452504e-01
2.663785475044384843e-02 6.463794399881601649e-01
2.846897120903608969e-02 5.975496677590337313e-01
2.033386294682178186e-02 8.144858880847500870e-01
4.202756568199308984e-03 1.244648724848016030e+00
1.071215610333771384e-02 1.071064737244326714e+00
2.133961600954872861e-03 1.299816590641202474e+00
9.319246904231873185e-03 1.108208982553812838e+00
2.138663385056911725e-02 7.864119973181544765e-01
2.882319636993220524e-02 5.881036634684706499e-01
2.678698101743999527e-02 6.424027395349325431e-01
1.588777884000454332e-02 9.330481309332112616e-01
4.148898169134287994e-03 1.246084948823084737e+00
1.414573242491126703e-03 1.319000280200232744e+00
6.064437760046129111e-03 1.195003893065435641e+00
4.380872513542202751e-03 1.239898966305538863e+00
4.238276004525694252e-02 2.265152987931458584e-01
1.526376877102049445e-02 9.496883994394496042e-01
7.347432520623378704e-03 1.160790699450042318e+00
4.642882172703884092e-02 1.186203206122967146e-01
1.007312909407349910e-02 1.088105457491372441e+00
1.131598668137792640e-03 1.326546268849654986e+00
1.690223154530164085e-02 9.059960587919553276e-01
4.772549439817710959e-03 1.229454248271523831e+00
1.748972360027430117e-02 8.903296039926829053e-01
9.319236010369838508e-03 1.108209273056803390e+00
1.053730685782656995e-02 1.075727383791289071e+00
5.024528444810856531e-02 1.684798138376924354e-02
2.701852214015712517e-03 1.284672840959577123e+00
1.724991904699796352e-04 1.352122254920799627e+00
3.970791877956088289e-02 2.978443992117059680e-01
7.667903188071784060e-04 1.336274491498474326e+00
2.033145108294183434e-02 8.145502044548820209e-01
8.661787289399550116e-03 1.125741238949344414e+00
1.938326256592033670e-02 8.398352315754538111e-01
4.367413704986862488e-02 1.920785786701691422e-01
2.494823964747878986e-02 6.914358427338980206e-01
4.413898020472369066e-02 1.796827612073644276e-01
5.112107993015674312e-04 1.343089945351955805e+00
3.135705177826693391e-02 5.205341859128793658e-01
1.248768992812195056e-02 1.023717168583410775e+00
5.120033998160591904e-03 1.220187993382381819e+00
4.240490101713108306e-02 2.259248728765035907e-01
3.087158797866547399e-02 5.334798872355834831e-01
2.780736390901664135e-03 1.282569262909285079e+00
1.804103003620285972e-03 1.308612819903458124e+00
2.505906388486962844e-02 6.884805297368075117e-01
8.720469552500345611e-03 1.124176378599989867e+00
2.376348421797576382e-02 7.230293208539757543e-01
1.553021259484006766e-02 9.425832308042609853e-01
1.324918028231809874e-02 1.003410759138183117e+00
2.099686743111812970e-02 7.968057685035141446e-01
1.317485994577889674e-02 1.005392634779227024e+00
4.835875264952507746e-03 1.227765559601265544e+00
1.028751426919922995e-02 1.082388519488019618e+00
6.308496107507347017e-03 1.188495670466466869e+00
1.135110056291369074e-03 1.326452631832226281e+00
4.075839842398194801e-02 2.698316086938108982e-01
3.192388585979973048e-02 5.054186104053366435e-01
9.562675579963667016e-03 1.101717551200966483e+00
2.124140647692714101e-02 7.902847272819419899e-01
1.194479920034947906e-02 1.038194254657344828e+00
2.930879859605564630e-03 1.278565437077181066e+00
2.241045297473827358e-02 7.591101540069784548e-01
5.902458134640367615e-03 1.199323349742919653e+00
1.616161894661589937e-02 9.257457280902388064e-01
1.002952532324810631e-03 1.329976832471337467e+00
3.707569790314708957e-02 3.680369559160752702e-01
4.078900545063726679e-03 1.247951552131631558e+00
2.280192832821532900e-02 7.486708112475888299e-01
6.760319144589813090e-03 1.176447056144269254e+00
1.719085142536920519e-02 8.982995286568202786e-01
4.756084298202008231e-02 8.843308714612879706e-02
2.160316092950471945e-02 7.806379418798732317e-01
4.860677195059961986e-03 1.227104174798398617e+00
5.138239080722264984e-03 1.219702524514072017e+00
3.016958258822713401e-03 1.276270013098057099e+00
2.603574221346674489e-03 1.287293587430752950e+00
3.857734323203382276e-04 1.346434941804790064e+00
2.338175605913608845e-03 1.294370883842301367e+00
5.373831238932938459e-03 1.213420066961787391e+00
1.014283985087266471e-04 1.359426990626896981e+00
3.259649789528958064e-02 4.874822894589421751e-01
1.218296075868725847e-02 1.031843279768335897e+00
3.502965379711760197e-02 4.225981320768630867e-01
1.297502046062451453e-03 1.322122178771667045e+00
1.024126746320448700e-02 1.083621767647879430e+00
4.144041863517536339e-03 1.246214450306195154e+00
1.255702573636192920e-02 1.021868213697014305e+00
1.640642893027084714e-02 9.192174618594401991e-01
1.563167862755883430e-02 9.398774699317620218e-01
1.984250846401176827e-02 8.275886742930156359e-01
1.869246689190025290e-02 8.582564495493256729e-01
2.752584616081084345e-02 6.226996690450432581e-01
4.255447066167386549e-03 1.243243644902200629e+00
1.722160459847479896e-03 1.310797954404063326e+00
3.832742581453121855e-03 1.254515764494581020e+00
2.779811064778499319e-02 6.154392827257311183e-01
2.919721045005958804e-02 5.781299546650737753e-01
3.288906847667874556e-03 1.269018050728855762e+00
4.227670241363126746e-03 1.243984360230314223e+00
6.165878447350017777e-03 1.192298808070663796e+00
1.408855438489726997e-02 9.810274497360689239e-01
3.948931036892917856e-02 3.036739568285514168e-01
8.302440293083648837e-03 1.135323825517768448e+00
2.330335003093278456e-03 1.294579966584176844e+00
2.219918584453524357e-02 7.647439441457244413e-01
1.914663402632428568e-02 8.461453259646818381e-01
5.362237989226928403e-03 1.213729220287278032e+00
1.862091895094193650e-02 8.601643946415444830e-01
2.233603058008289122e-02 7.610947511977856905e-01
1.231045847798169224e-02 1.028443340587152477e+00
2.442069023960054264e-02 7.055038269439846133e-01
3.114761453968746541e-02 5.261191789416637121e-01
6.942493038867805777e-03 1.171589085630190930e+00
9.908344844989508404e-04 1.330299980413360394e+00
1.198801077866747111e-02 1.037041945902196893e+00
2.269032506164155027e-02 7.516468983562214490e-01
1.307616191908785030e-02 1.008024582157653448e+00
3.401562146863115754e-03 1.266013909416982663e+00
1.987699370949586042e-04 1.351421701677463894e+00
1.414251098296255560e-02 9.795886071209976009e-01
4.921031056618770105e-02 4.444728490166043738e-02
