1.607030527778382026e-02
1.029081128005297253e-02
6.845733290295660453e-03
1.109962994329786621e-03
6.875285416271887080e-06
1.824608415657014149e-05
3.544527344274683855e-04
7.424370903922036472e-06
1.940816746355267242e-04
2.604825604014353660e-02
6.856622979588186109e-04
8.587965480785313133e-02
3.271611934889568502e-02
1.900950836725865886e-03
2.070927983540417627e-01
7.998721684998599812e-06
1.913507892750203609e-01
3.163683379859845001e-03
2.185739360942048730e-03
1.244616193883468259e-02
1.071021138726185595e-01
1.210076075430303530e-02
1.399701206431597234e+00
1.415688009389365620e-01
3.274676899309270084e-02
1.753603497156177582e-01
2.095147320524878148e-02
1.605520692537538707e-01
2.978753415906491148e-02
3.017499712238229099e-04
2.188302337951124159e-03
6.166906324885228219e-02
6.516667768058444395e-03
3.905484689554820227e-02
6.248111339490947103e-02
1.553602956313018812e-01
9.486895860921974732e-03
3.648508067302005942e-02
7.509136630911102117e-02
1.131062665227015526e-02
1.070649403269878118e-03
1.006989000133575243e-03
1.590216468282467099e-01
9.489551120118862315e-02
4.488676767186916550e-02
3.817625958621626708e-02
7.279401295079424017e-06
2.944319672811464972e-05
5.871506987342868349e-04
3.249406722716230433e-03
2.011499953258669704e-01
1.822873369269473187e-02
9.525872606404432480e-05
1.695802304329294130e-01
9.290287152907694690e-06
7.148020533901272566e-02
1.798077286366606131e-03
1.239837742887933275e-01
3.665895102071634049e-02
2.634741876946381303e-02
8.774886567236576951e-02
1.432743195012638714e-02
7.339286301851705510e-03
2.686998862538365166e-05
2.001595149439791395e-05
5.585025296602797590e-02
9.894433796095351841e-02
5.012072410462244804e-02
7.707898441367433406e-03
1.896907281960125147e-02
3.414190358792741908e-01
3.362363216297126201e-06
5.589889001767419340e-03
1.618754881849332750e-01
6.242480023612381485e-04
2.968511468498036265e-02
3.126093328211771577e-02
2.240297705493503877e-01
1.853440342143364823e-05
1.684947892499621958e-05
2.459535316319261256e-04
2.401510617073654430e-02
2.561493393538209588e-03
8.667406269441098668e-03
3.194733106694928604e-01
4.666678054564481204e-02
5.313853142485669423e-03
2.430654027799998213e-05
1.301871576296517383e-02
7.596589357294725176e-02
3.079039793116559662e-02
8.393214850610775102e-02
1.021394110163479805e-03
4.139924703518242373e-04
1.883228856957320230e-01
4.460477085240199813e-02
1.975264739261027025e-01
9.395276675028678415e-02
7.841002643544927111e-03
5.431010467873420566e-04
