8.182566593795140841e-01
5.371116079490629858e-01
8.274446532531167797e-01
1.093239125137620338e+00
1.293727945230506826e+00
5.589097894104380071e-01
1.046553264931775029e+00
9.704519883776916434e-01
1.191995243222092826e+00
1.302594201557456755e+00
5.833341166666369641e-03
8.117615563382909460e-01
1.148708447452362114e+00
1.040643816197686089e+00
1.082592833189112813e+00
3.693480268914687281e-01
1.457490608472253868e+00
1.907399381742717726e+00
1.318116508988890434e+00
1.269000235509986751e+00
4.290489056478029584e-01
1.396170090391376961e+00
1.025832505053139609e+00
1.296026821572813903e+00
4.945132397145076686e-01
1.014238615016435752e+00
6.747103132124212532e-01
1.240450338375276074e+00
1.576410353208942183e+00
7.615122362965380809e-01
1.211096068042823326e+00
4.869116171834825257e-01
1.214784589623776778e+00
9.865873462080356759e-01
4.835878243797939735e-01
1.300108084413402754e+00
1.152086501449572253e+00
1.148641121741549531e+00
7.625992332148165964e-01
4.923614264929447870e-01
1.065422815260859579e+00
1.321180429977348858e+00
8.481605006327207485e-01
1.146612893529862731e+00
8.737040000130522621e-01
6.946798057274241600e-01
9.724344107219995426e-01
3.614779329052910661e-01
1.529814990289321663e+00
4.498936606192168730e-01
6.092784079162429922e-01
1.311824353543574961e+00
1.336047679561464641e+00
1.070549534057416263e+00
3.684372088179266314e-01
6.560273201616726446e-01
7.569593846662595604e-01
1.358769419363012432e+00
1.024680909023438335e+00
1.348978742962279931e+00
1.231926578648190329e+00
9.125027891210256703e-01
1.863380873484218769e+00
9.914685985369309229e-01
1.152700760251306633e+00
8.650149670550756342e-01
1.352831156234057808e+00
1.133627919180870913e+00
1.150223292007725995e+00
7.073789852683276536e-01
1.548521057816399704e+00
4.107590221600722069e-01
9.626028899007813555e-01
3.309026744832632705e-01
1.043699374142707637e+00
1.294052768159156042e+00
1.880799183684177089e+00
7.980286381014822794e-01
1.275325672619342932e+00
9.735506721338371694e-02
5.434535868501402245e-01
9.356301300146588895e-01
6.913343284274583445e-01
2.010096020985830734e+00
7.535528629648738930e-01
1.007178751426067942e+00
5.130119697470523210e-01
6.431266376703530518e-01
1.047194686094900851e+00
6.242427152818458280e-01
1.161503529771548804e+00
1.027657683458075066e+00
1.241436093465301038e+00
7.292083985368371657e-01
7.997785554775147521e-01
6.667201490464388369e-01
1.122798633366839827e+00
6.341713616728894554e-01
8.268890395490893219e-01
8.045173075398517337e-01
