4.566108491083251467e-03 1.146713539915689140e-04 1.955960451814017231e-01
1.822696889702555070e-03 1.825477820816756580e-02 1.328779504433340364e+00
2.793846120149965501e-04 1.273106422918657277e-02 2.027239082536281600e+00
4.015949651557668490e-03 1.042823733636885075e-01 3.712768338577443483e-02
3.069224781351251666e-03 1.311766837743709724e-01 3.485351079109885175e-01
2.793846120149965501e-04 8.812809409474253730e-02 1.735214545215667314e+00
9.578539771197356473e-04 2.887173327427861036e-02 1.891113979664394762e+00
2.543584218160874558e-03 2.379115644355286330e-01 1.714950480371565389e-01
2.860258186013939566e-03 1.245096849358665603e-01 4.654552783454998233e-01
3.373945074573534569e-04 4.134883994738350887e-01 4.686072074708088619e-01
3.259698664361996082e-03 9.702596114490857904e-02 3.959017818499840358e-01
1.330236596090947701e-03 4.224363435688266444e-01 3.160958912330147363e-03
6.887262492538213238e-04 4.416601619161545367e-01 2.098399332465258338e-01
1.068318185240399801e-03 7.749195686010124096e-02 1.430630707166399063e+00
1.007764705531719387e-03 3.541590226304626166e-01 4.007101995890546275e-01
2.040644060376137561e-03 3.363610462966880599e-01 1.807759890642823830e-02
1.503036070821892750e-04 5.564649965016320587e-01 1.388848083355564977e-02
1.330236596090947701e-03 3.481723374876258825e-01 2.828916267944644458e-01
5.043653037470428174e-04 2.140141775622060871e-01 1.153006975482680829e+00
1.920764783835912995e-03 2.996884685653077307e-01 2.089299267366991897e-01
4.035981053306556335e-03 1.211133578148567702e-01 3.593225001434252608e-02
2.320672847493619739e-05 5.033578162036468351e-01 2.876707986883938473e-01
1.761205676467045636e-03 2.323041648416867000e-01 5.343349736226751245e-01
8.730491281103234386e-04 3.642868273830052184e-01 4.211097573418650652e-01
1.050252086943117419e-04 4.753787583662832938e-01 4.281385546383073004e-01
6.650710916771516990e-05 4.700750730524211329e-01 4.313206180818393021e-01
9.644883163241833174e-04 3.232534230886733306e-01 5.364894457538990080e-01
2.080389247919043130e-03 2.136256026372370664e-01 4.660875074696643194e-01
1.445878056021318928e-03 2.195054025527346520e-01 7.207841295121094616e-01
2.958266757294667273e-03 7.062307063208650426e-03 8.739899451272189479e-01
3.040533847681967800e-04 3.842033584135796653e-01 5.935932820132147070e-01
1.696113195888313344e-03 3.941327170224729892e-01 4.959141236422415222e-02
9.125051097824219554e-04 1.753739129646666450e-01 1.122523657703494493e+00
2.970811818823146724e-03 1.616003728375906556e-01 2.753646825981500568e-01
1.225484638220451089e-04 5.067163473134291829e-01 2.118146588033605893e-01
3.340875829418396906e-03 1.762203540051535677e-01 5.789089704113148382e-02
1.912933453731511038e-03 2.933544797604531462e-01 2.363283073545526802e-01
2.459359233725597407e-03 1.007523853818581561e-02 1.081169885052771562e+00
3.558334902313118123e-03 1.403507112836527293e-01 9.956607737092137977e-02
3.328696617103285918e-03 1.755061790997279880e-01 6.593289644155031493e-02
3.475879292649206379e-03 9.422299451462434750e-02 3.120080362743901103e-01
3.747614123174656045e-03 8.892389164097436183e-02 2.133452483275685152e-01
3.324329111376653559e-03 1.359713936160465986e-01 2.186285312508980949e-01
2.314538875882685490e-03 7.902340676846419942e-02 8.788450871128058450e-01
6.086176796642004533e-04 3.910296945089447584e-01 4.352726675739101436e-01
2.681582518121847572e-03 4.327440882352162621e-02 8.556400376871361457e-01
1.948424709198712593e-03 9.286517035905517137e-02 9.859459444760839686e-01
3.559800227571361178e-03 4.372444516730011888e-02 4.690360086936048445e-01
3.224660060676407328e-03 1.818698219815010342e-01 8.716292221312282873e-02
3.672981090978530774e-03 7.614452287977313549e-02 2.949902737713169243e-01
3.729029288950866730e-03 1.940468460070887691e-02 4.884199672681840410e-01
1.896137340576318012e-03 2.314157654896865646e-01 4.788089825966731494e-01
2.207570619545441704e-05 3.134166263031877842e-01 9.845978557335096637e-01
3.118265045038490571e-03 5.871157911480073821e-04 8.333459554209506903e-01
3.092154838884872761e-03 6.010563984963168682e-02 6.109640879823937665e-01
2.628572282969707588e-03 1.707420506910827251e-01 3.900800923839805590e-01
6.820380666615786028e-03 2.055509915574725843e-01 2.420764873941605444e-04
1.289225396789059688e-03 1.909988942971457826e-01 8.980607646761437080e-01
6.580646333115922758e-04 4.042161159694407369e-01 3.640468408463400918e-01
1.732488286622710719e-03 1.375278720979699054e-01 9.089657024722849199e-01
3.884133912580753703e-03 1.023231832574117428e-01 1.023084521010683146e-01
6.159192505567710058e-04 2.548794976340579277e-01 9.482959625488670552e-01
7.811461118296201406e-04 3.134290346676641414e-01 6.536351478276410942e-01
4.587987676395852490e-03 1.183862849547578922e-02 1.409103145067244212e-01
2.855332607507985246e-03 4.051852591821669680e-02 7.901054322110619976e-01
1.423015069827069171e-03 3.933532765172677026e-01 7.215442060708976424e-02
4.384600849784489954e-03 5.729104906252813212e-02 5.557948430887715840e-02
1.445166403958040094e-03 2.664004419867614937e-01 5.425896249292757600e-01
1.810029932508292264e-03 1.547749058071948847e-01 8.089709116307072234e-01
3.698157232414154422e-04 3.906480604164178638e-01 5.406378069396974295e-01
4.115475609167227461e-04 2.633846570048495872e-01 1.005084031708106451e+00
6.506594525045959060e-04 3.428414654484163160e-01 5.990547205442861012e-01
1.796640788391987500e-03 1.765043383772427754e-01 7.317007889465240167e-01
3.150053692496832328e-03 2.470382193388387382e-02 7.218450289025620803e-01
2.138017680232315657e-03 1.324370602755864379e-02 1.312376521544292629e+00
4.012975525390547263e-03 1.040858908127409999e-01 3.918037378785566016e-02
1.045294355622458995e-03 2.309635610028811792e-01 8.520197202439713235e-01
4.496666520171508155e-03 1.212014576663789089e-02 1.798708493604247449e-01
3.231180197888570277e-04 2.400523911888049478e-01 1.132681864716117204e+00
8.352928215035835408e-04 2.540139375673865496e-01 8.558434487384810607e-01
5.613489761890442381e-04 2.409119140522341107e-01 1.025380011619644094e+00
1.332477905581394909e-03 2.771267761762393755e-01 5.510017382970441302e-01
1.156944188934258891e-03 3.734231605233452322e-01 2.630326830969361707e-01
6.013217141495694890e-04 7.913546599049026131e-02 1.628892705331251634e+00
2.453003419104569233e-04 2.007497608596372496e-01 1.316971129172555877e+00
1.475264503099713367e-03 1.234580418452735362e-02 1.504043237697883839e+00
2.237756221757212019e-03 1.641629624673163201e-01 5.860427736563574852e-01
2.961703356606235418e-03 3.037629011191766981e-02 7.825562178343100639e-01
3.755916971619720213e-05 3.216779120774196921e-01 9.792123826203588122e-01
2.262839534336211558e-03 1.709148639858574237e-01 5.492811464744259409e-01
2.094184667273022230e-03 2.447969125238158572e-02 1.185657544097123761e+00
2.467295819068524368e-03 1.652535980072903365e-01 4.815301431234483287e-01
1.414203510746900663e-03 8.295663487724935781e-02 1.258042542538403197e+00
1.545848895458454622e-03 9.201430411096667150e-03 1.485257215347855819e+00
1.561411480888572414e-03 1.516002864900377611e-01 9.298576165383972691e-01
2.606655773668984169e-03 2.783634621300790091e-02 9.480013872300626643e-01
1.899216495320163803e-03 9.549925134143733008e-02 9.973643004536522083e-01
2.995152033958567786e-03 7.660409618247909780e-02 5.900658323389204041e-01
1.535459544079695662e-03 1.443296504315304540e-01 9.690764664922520977e-01
2.297501399261167934e-03 1.784103655998526827e-01 5.055112292818771946e-01
7.315033118455247646e-04 2.084307411029945323e-01 1.075119270467551402e+00
1.602316409345225581e-03 6.684170697071167844e-03 1.470234691216672829e+00
1.377075673079939180e-03 1.388302688240946603e-01 1.059456644127335423e+00
2.760324315086612815e-03 7.450027300735284630e-02 7.009922649976071396e-01
2.623593423333800759e-03 6.905005321968915588e-03 1.021385718880095439e+00
2.121395275180357545e-03 1.605485153086816386e-02 1.206284172710963887e+00
3.864737956128469834e-03 7.144934402197178347e-02 2.290136842057374222e-01
2.445163070947617770e-03 3.230098024320027239e-02 1.001576591958480478e+00
2.075997688957229373e-03 2.168202737165648708e-01 4.558384462023620243e-01
2.318107121838950194e-03 2.372236293595675338e-02 1.090395172947721036e+00
1.730178209505115264e-03 2.539429649328047711e-01 4.655724753083897438e-01
2.113874992226658436e-03 1.922266793503416560e-01 5.330300223059633025e-01
2.591293594030605676e-03 7.863900358020059489e-02 7.591160667830062492e-01
2.169296846181676189e-03 1.585694502929813066e-02 1.308774224986605006e+00
3.043730344243609012e-03 9.500847283341884442e-03 8.270953206827565962e-01
1.638045322546364049e-03 1.101058982423387400e-01 1.055556607893036514e+00
2.237723758821761125e-03 2.252972111235762576e-03 1.226069420016143496e+00
2.313359161649717124e-03 1.678833767635415919e-01 5.387774419953624827e-01
2.849093309164694304e-04 2.244757929215529524e-01 1.208878253129666902e+00
1.483985509151694929e-03 1.110544782815813258e-01 1.119348951179302887e+00
2.325364730224552604e-03 7.708075425566873751e-02 8.815749141456715732e-01
1.681556965867645262e-03 2.829494408020712948e-01 3.766546195676719888e-01
2.151350495939350141e-03 1.249442971398556645e-01 7.739554808141643205e-01
3.357774577910930050e-03 6.411777856737244097e-02 4.791907971439409719e-01
2.223954198583519629e-03 2.799030804316571253e-02 1.115197308752980732e+00
3.855978056479922658e-03 4.025565800343910983e-02 3.525750974370519542e-01
2.512652334698948012e-03 5.429244639930230765e-02 8.872301290723479950e-01
3.685722665947863477e-03 2.404696329521116560e-03 5.729042431690752890e-01
2.277838043544153437e-03 2.970271078978404811e-01 6.334546305684607415e-02
3.654356274482581726e-03 8.496250808318761560e-02 2.693488422779618530e-01
4.304063225295038167e-03 7.713403933958373759e-02 1.484827065763549836e-02
2.503955871301985839e-03 1.202543524015032839e-01 6.376463888328184337e-01
3.908866619453063920e-03 5.915197753424250582e-02 2.568464555262702786e-01
2.539849090966004100e-03 1.798486730427276692e-01 3.941119363411312859e-01
3.394626835819989155e-03 4.491924938458480288e-02 5.368235202270862372e-01
2.964445548811986755e-03 1.128991842828602765e-01 4.643195859885603793e-01
2.125701814308997642e-03 1.221092758235192699e-01 7.960491405177502200e-01
1.502141559238842974e-03 3.194592467701851124e-02 1.416404018258146991e+00
2.419059391146791485e-03 1.463937145259143202e-01 5.747077309752465224e-01
2.379919929862814656e-03 1.534480274308981373e-01 5.648451451834953785e-01
1.562117382695136017e-03 9.951319744128339639e-02 1.129525266837033470e+00
1.714932651079867712e-03 2.208498563933650738e-01 5.981620566587916299e-01
3.212357381645556190e-03 2.126605404578120195e-01 2.456029241268897767e-02
2.662923841294026830e-03 4.856041102009867050e-02 8.434556586498284103e-01
3.566450800010787306e-03 1.985702692862800767e-03 6.421500541720045474e-01
2.521735877319472921e-03 8.464313728062988762e-02 7.665051287631693411e-01
3.637127655934999440e-03 6.954969387243237211e-02 3.359834272233238606e-01
1.194253994326330628e-03 1.266022230374096447e-01 1.186405810350349199e+00
2.517103540815754728e-03 3.087112871971753325e-02 9.755544112165334125e-01
4.714153681994079706e-03 7.454663443439257797e-03 1.597885562950248639e-01
3.950235922425446647e-03 5.793394536999640909e-02 2.433970617224597843e-01
3.479019274936276732e-03 2.897313284531632949e-02 5.611880043409608332e-01
2.381276231853088690e-03 1.425120786546122398e-01 6.060829445695911089e-01
8.702626895508800559e-04 3.611558354353461286e-02 1.677352332857578787e+00
1.541073250532274189e-03 1.737901824733262268e-01 8.537935738491294613e-01
9.110636947775117150e-04 1.304620410760014559e-01 1.295503858714935674e+00
4.784586414463285267e-03 4.071285763377174849e-02 5.612127201057337533e-02
1.327515749484262444e-03 1.054604825993413764e-01 1.209361345200830939e+00
4.640583997103717509e-03 9.075724284463015934e-04 1.598813725636157868e-01
1.854690400399048103e-03 8.809687185163339596e-02 1.045331832689099016e+00
2.463268762412604632e-03 1.600071384186974033e-02 1.056562225437899016e+00
3.734522511674007519e-03 1.219945806037762148e-01 9.258734432425608230e-02
3.389924832036326011e-03 2.947835337694526547e-02 5.982981679078543946e-01
1.127053967115052360e-03 2.735828145011401924e-01 6.540751533913587989e-01
1.888574965066289538e-03 1.505078848822810622e-01 7.909591281353253178e-01
3.778338123134836538e-03 5.163916771830712182e-02 3.428677965149925511e-01
2.144111388872669069e-03 5.889783162152950613e-02 1.030975466945603713e+00
4.292609702295677523e-03 5.952741531992544743e-03 2.930771753719748629e-01
4.015537139696110161e-03 8.092220665759541909e-03 4.063471373728030356e-01
3.804470091005993440e-03 8.885292115136478319e-02 1.887258822890610643e-01
4.424352030566189656e-03 1.527853002922852088e-02 1.994349793796298398e-01
3.069879099006420434e-03 8.403343897513393390e-02 5.288241042464799646e-01
3.970180012369215264e-03 1.231314730954180536e-02 4.099854804541943620e-01
2.989764507118361850e-03 1.094663386738338184e-01 4.663878910023963043e-01
3.793548617871464815e-03 5.833533363016896178e-02 3.104973379164429614e-01
3.572039675249391935e-03 8.882624426010521379e-02 2.905851567985403561e-01
1.596588798583773242e-03 1.842793779750385719e-01 7.894200169950645884e-01
3.987803140150745010e-03 4.397010912217125256e-02 2.805377102146574542e-01
2.296470420088911682e-03 9.962830234262354256e-02 8.075765854668456312e-01
3.215929643720147682e-03 4.178727261215497979e-02 6.271826246257868887e-01
3.434333841348677710e-03 4.508991584478450054e-02 5.187671728908024305e-01
4.012456201758671584e-03 5.968791738774881228e-02 2.094121723035565763e-01
1.305415042032584752e-03 8.018890854324978168e-02 1.316362429758127561e+00
2.501300007488002977e-03 5.895696949679618548e-03 1.078927036796853756e+00
2.454099644641558400e-03 2.298715859269867545e-01 2.411003465301017057e-01
4.992331905935240913e-03 3.083495100356103968e-03 2.752692803328682380e-03
1.997431857730222818e-03 7.223332293796203007e-02 1.043871158181032044e+00
3.474793757657754570e-03 6.311034341766996736e-02 4.318002305420928222e-01
1.649211391667690721e-03 2.595827156291369286e-01 4.794700446084884105e-01
8.290499853024855398e-04 1.233556913528209842e-01 1.358725379715549408e+00
2.021706122616382176e-03 2.006434328161793568e-01 5.411956145184556588e-01
4.142664907547286349e-03 3.698142373741630795e-02 2.395137779560182478e-01
3.364786145818096999e-03 8.617344833027884565e-02 3.914909729685386308e-01
3.318410078222597606e-03 3.205317026370890776e-02 6.197332295319720741e-01
4.171780471429140449e-03 2.503733222175563711e-04 3.680234910687526506e-01
4.791127275724569104e-03 3.254737767984805519e-02 2.767172818014007607e-02
3.396245912918824730e-03 5.119252974522281452e-02 5.119956003485678364e-01
2.627596221249370659e-03 9.675442413202839376e-04 1.042575939044537492e+00
4.468767842921337122e-03 4.252890313058854677e-02 7.530977240034342213e-02
3.674881128108384645e-03 9.408620971925629739e-03 5.506638203954546951e-01
4.004629008167401652e-03 5.706642477717649431e-02 2.228970003398397237e-01
2.582786795458378096e-03 1.445321254054127147e-01 5.102246650702521036e-01
4.536495679694893882e-03 1.126382267755743349e-03 2.133599424896867047e-01
2.018483537036883449e-03 1.513250508376208225e-01 7.310187603598147232e-01
6.329117929723524286e-03 1.492595079464175134e-01 2.005585890673455829e-03
3.157831437257738530e-03 5.220729416228009345e-02 6.125570503266838385e-01
4.737976907655159012e-03 8.100338736682588525e-03 8.951014394452083689e-02
4.419949255643327093e-03 5.144714138232642231e-02 6.249624949110266225e-02
2.161040454702287464e-03 1.950827155962342463e-02 1.175549773307450252e+00
3.051582365812552725e-03 1.986519222629899994e-01 9.890756474729112124e-02
3.442310774340382254e-03 5.359645175578775511e-02 4.825739595326136167e-01
2.531413333588925299e-03 2.980560029507783870e-02 9.733916126213822961e-01
3.438919699909124064e-03 1.053973397273522128e-02 6.497800988752241436e-01
4.767260712724883179e-03 6.792875249616359135e-03 8.169439311377668655e-02
2.630192554363428373e-03 3.183452497795313807e-02 9.222612658943470931e-01
3.958247351384122995e-03 1.142645497779981589e-03 4.582408904795850502e-01
3.089845061634963544e-03 5.850692111499056214e-02 6.181217579867545053e-01
2.384935340322644551e-03 2.055717011822585372e-01 3.637520097808940589e-01
2.647951020432201888e-03 2.766146113342016211e-02 9.305713554221436423e-01
2.367124935655337895e-03 5.714180500793075712e-02 9.400228185998978914e-01
3.770134249154686104e-03 1.746714308182517605e-03 5.518861014454453651e-01
3.672649983575035706e-03 8.697994950505771872e-02 2.536103469291058898e-01
2.481168588918289744e-03 1.796016184662937443e-01 4.206983009508443727e-01
2.296258777648893870e-03 4.447823265678663152e-02 1.019880308081694054e+00
4.354904548641467046e-03 1.964447964622506593e-02 2.130987374118528122e-01
4.664904046691906517e-03 1.223631399951641274e-02 1.056551678211244960e-01
4.236660869051342773e-03 4.689958790145765111e-02 1.602465394482218697e-01
3.651755462936676425e-03 1.163643214759757516e-02 5.522209009734221352e-01
4.263856419035547476e-03 1.883158734553858071e-02 2.561413559312039068e-01
3.253125817086430574e-03 1.562442182174861305e-02 7.116497564899456618e-01
2.372348061772508801e-03 1.654765511961434621e-01 5.221849685974840893e-01
3.095785583865537718e-03 4.218325090351326967e-02 6.783121627817630950e-01
9.342363330808265559e-04 2.045506871762731160e-01 1.001374793527572749e+00
1.237031071450853462e-03 6.948483182034037586e-02 1.387604561472782549e+00
4.098454686296945995e-03 6.334927437936299643e-02 1.577016426948015804e-01
2.177402780962853571e-03 1.255161431680710260e-01 7.603641099494903299e-01
2.227157469863747311e-03 1.627814865901774377e-01 5.959563480884763065e-01
2.162008721597394670e-03 1.204862239023191117e-01 7.863862320513400617e-01
4.455356983918476801e-03 1.878921984451464855e-02 1.723458648141881211e-01
2.539881665019014592e-03 6.370276413338926691e-02 8.390746908487453082e-01
2.530333198275733567e-03 1.111304971093011185e-01 6.610766369953021693e-01
4.015385507230859533e-03 3.132857408213907124e-02 3.170192641983201609e-01
3.812251274732900500e-03 2.958992341564281592e-02 4.127434831176354235e-01
4.076368635123015297e-03 1.137553835198501506e-02 3.670315965179024031e-01
3.179917802117635320e-03 1.072361090334942313e-01 3.917107717072506601e-01
2.096422094928615878e-03 2.083884968153937312e-02 1.198745028484365704e+00
3.320195703879711205e-03 1.516079027330482498e-01 1.607434777431090422e-01
3.818018342514004418e-03 4.730323246271539439e-03 5.059184037871896633e-01
3.599362045568496940e-03 3.521263120808137970e-04 6.186969661633109352e-01
4.184836284277302157e-03 1.273017501864670553e-02 3.142565286536277425e-01
2.262917388786209530e-03 9.879079685535485655e-02 8.254816116150162086e-01
3.343486637010293153e-03 1.265048990285754238e-01 2.464206045993629912e-01
3.485527820608244967e-03 4.431144976159429039e-02 4.993265469279303259e-01
2.925155912279773021e-03 2.032393745189919887e-02 8.373354966814313682e-01
3.986719308774542073e-03 8.837245715007979729e-02 1.107779381591863510e-01
4.855936665774504904e-03 1.679429586165126498e-02 4.383727070701115558e-03
3.616675069359540431e-03 7.662080418583683272e-02 3.178212703738533262e-01
2.133995571470934452e-03 2.556936229587881693e-01 2.827186245718545932e-01
2.670661300023755361e-03 1.830687405232878096e-02 9.567108441995183510e-01
3.821571721885861153e-03 3.569455537829979708e-02 3.851845104879155768e-01
2.143222425369859310e-03 1.666439741036077615e-01 6.178878520205851599e-01
4.492526556394824469e-03 1.271512257474027852e-02 1.793985050598631004e-01
1.814005256749193565e-03 1.201713347616438776e-01 9.398834841980326926e-01
4.189907563049552822e-03 2.839857319058636254e-02 2.517827340059549668e-01
2.415502447682580170e-03 9.294538853117073618e-02 7.811284691670702385e-01
3.390982755367264248e-03 2.306620279526383488e-02 6.225277137408066208e-01
1.067820114808390800e-03 4.708021149611441025e-03 1.712406833823690633e+00
3.563053507844313531e-03 4.656122414124352904e-02 4.567059779752876691e-01
3.185310097036661917e-03 4.481131719680375713e-02 6.289653043441897351e-01
1.430357533597390388e-03 9.830136406756706524e-02 1.191880026628068023e+00
2.615526545292243613e-03 1.125888121947303810e-01 6.182018024040710769e-01
2.860635704318112774e-03 1.266635964720356222e-01 4.570469123598693839e-01
1.372398188662813170e-03 1.558777079940091292e-01 9.961302666777224202e-01
1.986113801638331525e-03 4.126924098823592235e-02 1.168202760029656062e+00
3.707008582896917717e-03 8.707122216057294750e-04 5.694823418501878676e-01
4.396581553143217094e-03 4.705122112034898496e-02 8.959291399552948842e-02
2.216716750234224223e-03 8.107708974694871618e-02 9.137892386511178300e-01
2.199319330340629777e-03 1.573777799622751994e-01 6.287868148038152638e-01
2.444463481691092413e-03 5.457353810587817211e-02 9.160267776426119779e-01
2.125283307282408232e-03 1.164216504440253042e-01 8.180488245910008116e-01
4.339982857501431882e-03 3.210811044544270576e-02 1.717503180671949847e-01
4.250782840168063417e-03 2.607244324565327620e-02 2.340376952519259701e-01
4.873451668509118720e-03 5.309609693539996123e-03 8.165898437259311304e-02
4.037813594511116891e-03 3.297246446640456075e-02 3.008706474281960253e-01
3.104622777894980659e-03 4.724366790836909136e-02 6.549652243230194015e-01
3.254196567545395227e-03 1.034374477769622880e-01 3.737492684593898273e-01
2.362813650060810802e-03 2.054516538429695949e-03 1.154526697888696773e+00
3.204143931340339493e-03 1.056518398378193391e-01 3.871751703249212140e-01
3.933324906063748530e-03 1.090481941063203841e-03 4.693727518011722166e-01
1.641237185824937286e-03 1.072215871941045728e-01 1.065245009708887025e+00
4.239463279097363882e-03 4.895029173850018456e-02 1.511502620345036574e-01
2.819151976523890171e-03 1.760231126520095390e-02 8.943164714610370991e-01
3.157837132239335945e-03 3.288194818896583715e-02 6.869269323269530103e-01
2.694229408001633588e-03 4.097501914236412190e-04 1.015501989090564550e+00
1.689865240546619546e-04 1.795714047919722001e-01 1.579308669029485301e+00
2.725850837164098608e-03 3.247293261952022281e-02 8.778653573233138330e-01
3.278602102926029063e-03 4.766330775616778315e-02 5.771131764410294407e-01
3.051200465890200123e-03 5.800761868278825339e-03 8.829029321370692740e-01
3.771225341394133027e-03 7.591632329570840998e-02 2.528426388675039105e-01
3.817950531669509276e-03 4.671403345322799883e-02 3.444267319823220985e-01
