6.031143162934884429e-04 9.564795217305022135e-04
2.403527156132159205e-04 6.502102431771961122e-03
1.469800352689931353e-05 1.012178358402902045e-01
1.270039119330248524e-04 2.033456767380203978e-02
3.807429997800073664e-04 5.355715185603626693e-03
1.049008180469083399e-03 2.472402807758289356e-04
1.193407649217404290e-05 1.452981902808001546e-01
1.034807567971496658e-05 1.663678620987762979e-01
9.240405059265412169e-07 2.223586546147753307e-01
2.712824882406021047e-03 1.838030419532010740e-05
1.211506680405629623e-04 7.189186909805544978e-02
1.549523153588174863e-04 1.405864702843007130e-02
9.491370943231305403e-04 8.103171373978756975e-04
1.813836737401245628e-03 2.340596690710849970e-04
1.834682766616949848e-03 4.064558874961043955e-05
