2.377278447369211151e-04 1.248601570776774583e+00 2.199213365489116612e-02
7.674985476037819027e-04 3.845212164137135069e-01 2.947647213201378680e+00
5.663513927236050322e-04 3.325255288084361105e-01 3.231285595517008336e+00
4.658775957640812551e-03 1.535945166246119875e-01 2.128715689639506525e+00
1.609082321336365029e-05 1.148449032041992002e+00 4.717685336906218829e-01
5.751501098377473711e-03 4.401275379378999375e-02 2.406016976145253228e+00
1.694439127432676231e-03 1.110486000042382404e+00 1.088339978801111663e-01
4.763341661034601118e-03 1.500633559697459596e-01 2.096574381443716550e+00
3.111366521627753970e-03 6.969215208636514447e-02 3.123323575591741008e+00
3.248470059800580984e-04 7.433070279983522433e-01 2.084651528369108053e+00
1.886138039283344683e-03 3.922265002766676112e-01 2.433302096982814522e+00
5.312288359289076001e-05 4.405829267937773075e-01 3.046707429022277314e+00
5.134817036950021021e-03 1.773108837766739221e-01 1.831667237541154680e+00
2.832599727630788836e-03 4.542353315111609113e-01 1.791316825752204966e+00
3.994014805481513677e-03 1.929585132564115568e-02 2.931094966556770931e+00
3.279113532182751159e-03 1.168836984319097105e-01 2.869636745163746117e+00
8.552410001740848658e-03 1.728962092656769478e-01 3.618697011297489219e-01
2.908600912104007674e-05 5.254189394859918316e-01 2.764496674920764452e+00
1.367895265707488178e-04 8.103668065983566926e-01 1.757770392250421754e+00
3.666520236804202484e-03 3.608306147960971266e-01 1.778904684517812473e+00
4.172429086044046956e-03 3.606465627515520467e-02 2.788859994844614665e+00
1.475421963571263775e-03 5.431277967904120096e-01 2.047687073731936369e+00
1.153704524499627772e-02 2.174939995863933717e-03 2.796213924688539798e-01
5.226191834574797981e-03 1.866394226458010230e-01 1.756648705004721922e+00
4.142221014819156069e-03 4.439183886700392989e-02 2.770154669432145500e+00
2.461842922874832654e-03 3.926958670323981160e-01 2.181891009481191634e+00
4.142221014819156069e-03 1.209223417521454458e-01 2.477930220366559855e+00
1.617577988414615336e-02 6.057853452929395921e-01 7.994819165735300714e-04
3.601440334151948322e-03 3.118278062201622625e-01 1.990971101684551048e+00
3.711447559441258606e-03 3.315436956054580442e-01 1.869186852922297692e+00
1.865870124210886744e-04 7.865833199453757807e-01 1.705707707118080396e+00
4.142221014819156069e-03 1.973603657331719496e-01 2.187724103349240057e+00
3.132551901728850355e-03 4.643940750237587345e-01 1.623676412637522493e+00
9.737268996392109757e-03 5.030913632993305740e-02 3.072516990885110211e-01
7.907723297913846552e-03 1.254562193731243447e-01 8.206996110205300177e-01
1.278039515936833098e-04 1.119775560387044511e+00 5.263742872322585420e-01
1.461269118680783366e-03 7.672473083449316000e-01 1.228166080351116296e+00
1.851824314709380262e-03 6.105648329556996323e-01 1.635347991157687364e+00
5.570836377847452128e-03 5.965047844410134026e-01 8.333760004968882029e-02
3.237306033970497113e-03 4.379547962414318540e-01 1.676783780943253976e+00
3.089504373111793059e-03 7.069868304749218346e-01 7.478997355069627595e-01
5.776990357934750492e-04 1.055439238668111290e+00 5.643428052287480234e-01
5.065842438888698909e-03 5.324729529972072051e-01 5.361776768723847120e-01
8.911409428754299769e-03 1.760850066045844819e-01 1.938417803458780675e-01
9.716446052670366443e-03 1.051735884345217364e-01 1.096838389541976433e-01
3.983808190838964564e-04 1.074721238572689419e+00 5.719021874058261012e-01
9.524102500297650098e-05 9.486207500943462101e-01 1.155319130757306301e+00
4.107304955862598264e-03 7.806268270683713872e-01 4.256681968189512943e-02
3.859422518477326550e-03 7.823028393434054983e-01 1.429236293763413990e-01
3.840062367168137897e-04 1.101698938232435143e+00 4.815769143065584679e-01
1.343445299676513174e-03 1.070238852709917143e+00 1.843456608183946521e-01
8.791396073696453387e-03 1.694698765497375526e-01 2.708081911457616009e-01
8.143616966015574180e-03 2.142197743458607029e-01 3.847254859431648022e-01
4.168177297572081899e-03 7.585321702267262545e-01 9.651840819283608042e-02
1.076053263531615359e-03 1.102889567835074747e+00 1.819867876143921315e-01
6.601813741331039737e-04 1.043965945739995238e+00 5.702127939895551556e-01
1.005247147564733781e-03 1.204181092981518209e+00 1.475286625826011111e-01
2.397188850490958659e-03 9.650196252416134435e-01 1.106556355711352246e-01
7.938939452534678892e-04 1.375882568527221128e+00 1.199533915840378384e-02
2.337955855757443274e-04 1.121166071566559896e+00 4.761826314995976084e-01
3.665720766754041252e-03 7.466774227851300516e-01 3.554589903323379652e-01
7.060701856707660498e-03 1.532830049003917061e-01 1.084409749346406659e+00
3.572215036288881734e-04 1.235856093522674559e+00 1.620963565076793955e-02
2.401617086147342719e-03 8.490558630297440068e-01 5.267634093901851777e-01
1.429281765138188179e-03 9.988374535419919376e-01 4.032837338398853610e-01
6.144415840205261561e-03 1.384020277016699829e-01 1.539403766667775120e+00
2.789491637006544580e-03 7.274353860271358663e-01 8.022958027523974245e-01
6.552489478003751047e-03 4.149331238393370036e-01 3.275978145212410375e-01
8.526653343665178270e-04 8.830940993516844806e-01 1.067897475727079826e+00
2.934454509455151211e-04 8.658111798064109799e-01 1.370675734428019599e+00
3.083278063534986360e-03 7.267373839839703642e-01 6.784827630959289202e-01
2.079505361984377090e-03 7.189129373091245334e-01 1.138923827736093575e+00
2.186880427164703336e-03 9.463461543531050957e-01 2.677296959469122051e-01
1.519503177141509967e-03 9.776772376373483731e-01 4.406931396275415302e-01
3.005842329415872941e-03 6.185619456266846505e-01 1.108079286403864661e+00
4.668167344376670386e-04 1.072329351932449715e+00 5.512313782223832170e-01
1.009980292576238142e-04 1.099893046216881221e+00 6.088498143087694991e-01
5.815705847148586530e-03 5.228636946928486573e-01 2.478492958499889376e-01
4.546857216372665947e-03 6.832907901448135313e-01 2.073268853198162454e-01
8.195584815982656993e-03 3.017634755279101633e-01 3.568165529461042595e-02
6.121375908834722837e-03 4.802340130092912496e-01 2.727999518517099098e-01
3.518673405395531320e-03 5.396945300597235651e-01 1.177554999112999656e+00
1.575193934712124447e-03 8.964879891723680494e-01 7.095376945445086569e-01
4.838645740778699592e-03 3.798426494433297940e-01 1.199862480335440740e+00
2.904743467424928186e-03 5.953057081686634611e-01 1.237320231784082569e+00
5.162277836574699977e-03 5.870855624358495284e-01 2.939374618176349152e-01
1.675076024729669003e-03 7.379291513812273884e-01 1.243376088866654516e+00
3.265164586178046294e-03 7.617729484178608068e-01 4.727001828885879497e-01
5.815705847148586530e-03 4.479432755117440657e-01 5.241436251111086797e-01
7.657183240057771970e-03 2.190506630583084480e-01 5.779511461169595243e-01
2.081190351623971382e-03 7.701172323564091649e-01 9.511584337304701542e-01
1.105222441461559471e-03 6.706267152016818223e-01 1.735878899087055505e+00
4.360085576158254442e-03 6.780856033428546148e-01 3.066739343147451002e-01
6.927409203407239660e-03 2.119388929700649626e-02 1.643046731168056329e+00
5.913148795388909265e-03 4.413452235037209626e-01 5.064125573415201309e-01
5.072161319783450098e-03 4.001935232126467845e-01 1.022957126753099022e+00
7.857879178257263023e-03 1.936002097892992602e-01 5.861364772300992065e-01
9.435201441187099705e-03 9.795983578478884013e-02 2.592696216955236999e-01
1.696492822567960759e-03 8.218067717681489803e-01 9.282630451064766142e-01
9.534864639628890318e-03 1.068739965857941066e-01 1.823454266955626402e-01
5.085024696228354971e-03 6.237182617784111649e-01 1.931176677097146133e-01
4.921669441048723628e-03 3.951952611163247475e-01 1.106718833342228425e+00
5.446475237854639731e-03 6.363285119925916611e-01 8.608892857935313003e-03
8.506625565916478907e-03 1.577650200432545446e-02 9.746009417117140750e-01
8.038529284965598848e-04 8.694536891710566984e-01 1.138346447164082509e+00
6.624099470909869738e-03 2.162278921168234724e-01 1.037387312976207898e+00
5.680618461694162194e-03 3.311912524501292587e-01 1.016432151280739493e+00
7.695924129064344102e-03 2.712978811357058539e-01 3.658402795341975100e-01
9.239534696795679083e-03 1.333358945926161887e-01 2.114572478723464322e-01
7.183838873066014999e-03 2.594355914407953101e-01 6.323745646114109498e-01
9.434456090103357853e-03 3.414705972917575494e-02 5.003248617719013858e-01
9.733565516488471361e-03 1.037755580020811585e-01 1.074852156347394505e-01
9.309926539266630968e-04 1.018074023668976924e+00 5.473202598977455757e-01
3.778354269394721202e-03 4.517033734805377954e-01 1.391431437809516058e+00
3.471359103754243294e-03 6.185460496022625598e-01 9.074341583041278803e-01
1.543566232420754206e-03 6.820694879271909095e-01 1.504850416002938562e+00
5.576846492119933232e-03 5.757044030040785465e-01 1.569157957110012269e-01
3.397097404941271451e-03 5.810130760554028662e-01 1.077562486644183526e+00
8.924535471390247082e-04 7.953965830186189301e-01 1.369940926704160677e+00
9.351129864044469345e-03 1.108507727674901133e-03 6.701891318123931462e-01
6.178836538166929473e-03 4.811935834681873025e-01 2.444384733158533329e-01
9.644255998508330721e-03 4.274300989837742648e-02 3.763648732141011699e-01
5.037051903463882555e-03 5.467910931843431577e-01 4.959109961319119186e-01
2.885125723701651226e-03 7.301984980814890669e-01 7.510784773375012158e-01
3.495880935881110277e-03 6.435566888640420480e-01 8.050720129158439597e-01
2.591027652748276525e-03 7.552772679192725214e-01 7.860850564047017208e-01
8.900877164163165448e-03 2.174328225584400975e-01 4.378047761551373540e-02
7.142481132541298253e-03 2.485493220093997202e-01 6.910462590639387948e-01
3.690919916154508998e-03 5.583456428705528829e-01 1.034326649545278531e+00
1.169262124573086994e-03 7.306766399550750357e-01 1.487632100279683289e+00
2.591647545909079101e-03 6.612851218484121496e-01 1.129613517469565398e+00
8.660652426748469482e-03 3.762535264965949366e-02 8.245742033342229327e-01
1.011301498300060976e-02 4.336558502100462675e-03 3.171241085334775001e-01
3.398883289896079476e-03 6.613536644281379218e-01 7.816358200642814502e-01
5.836020794452133342e-05 9.353872028710878972e-01 1.269055778338412654e+00
8.386722155042167573e-03 2.315976752174546682e-01 2.141713522972854555e-01
8.819863448799878172e-03 5.476581676137737276e-03 9.186196887577868786e-01
6.720282715829870371e-03 2.767979114060890033e-01 7.686558539460297546e-01
8.663975665312359867e-03 4.511969290371498076e-02 7.947455163712935367e-01
4.792341326245572533e-03 6.915514603569445917e-01 7.163307929761275616e-02
7.537137761568033639e-04 6.858733942187993371e-01 1.831255826083293403e+00
2.505328843454177404e-03 7.480364412493156756e-01 8.493313479285835577e-01
3.226427352364733339e-03 5.138077565702343641e-01 1.399608816886612761e+00
3.565096882073468323e-03 5.578109891832281342e-01 1.090613000219946560e+00
2.459176128000792674e-03 5.348212799860587729e-01 1.653307614184058583e+00
7.780958623490217066e-03 2.862395258976531132e-01 2.732525945298225345e-01
7.551971637740748436e-03 2.809865476446842258e-01 3.921618091510770121e-01
4.145321938702381873e-03 5.893800459328599750e-01 7.240090156436029822e-01
1.101524657405001696e-02 1.217455719062909836e-02 1.413839148047157934e-02
7.398412651084627228e-04 1.008564541215630772e+00 6.632224874595071817e-01
8.698774826800323781e-03 3.821928490042525439e-02 8.057013637155852059e-01
1.008125644236952147e-02 2.288588014968384599e-02 2.608356644219900211e-01
7.698016494838319859e-03 1.589172472461979346e-01 7.859336079202994263e-01
5.645215806831369379e-03 2.605742870635592290e-01 1.296107271457203058e+00
4.353365772852899399e-03 3.346455175457063724e-01 1.579079486306824709e+00
5.615513878915743065e-03 5.309051954741943469e-01 3.046883979849046575e-01
1.389127594385317424e-03 5.958255531805503047e-01 1.889565542418012445e+00
1.395036518418499641e-03 6.577150445289743352e-01 1.658488866883403023e+00
1.014236415502596002e-02 1.757252317180446610e-02 2.542643425654778078e-01
6.422119595094375258e-03 3.733905633262577517e-01 5.380256308608299953e-01
4.864053572827440122e-03 3.609548421273527374e-01 1.259300547163733075e+00
4.339930084251217637e-03 3.823472273656105536e-01 1.406589247498530870e+00
8.698579340455434364e-03 5.874703413033843802e-02 7.281007890068313948e-01
8.748560313544160097e-03 4.990736085074276573e-02 7.397506968929978832e-01
4.610911492112410373e-03 6.344389611329899203e-01 3.581317554750573784e-01
3.880132247427068096e-03 5.316356557874581945e-01 1.051223627648341097e+00
7.801729851043279554e-03 1.450757063804855029e-01 7.929100234270980430e-01
6.944379424732314079e-03 1.601295346399962405e-01 1.109210314677284703e+00
3.032792616788080112e-03 5.262199445527540043e-01 1.437303934022253760e+00
3.234564761612943387e-03 5.008815407491806759e-01 1.444013196597524473e+00
5.894320533221761652e-03 5.025200943081640226e-01 2.887668812529686768e-01
6.252721144462245265e-03 3.173552548691671582e-01 8.200114190005369785e-01
4.948803877121441333e-03 2.129021511259492350e-01 1.778131520952215272e+00
1.050321975080032756e-02 7.408049486261036876e-02 1.160717718051951231e-01
3.766296400015309645e-03 5.930104006671368388e-01 8.741258016660258257e-01
5.267193574228510103e-03 3.961410198993218224e-01 9.535824776225187982e-01
7.801630834912873583e-03 5.221377437707586111e-02 1.541378194350244701e+00
1.158707097171205250e-03 7.287830675831128424e-01 1.499118330223609963e+00
5.037076493256307033e-03 4.565803840910871436e-01 8.288633264548228574e-01
6.642808681650744576e-03 3.003946070947987046e-01 7.141317555066284406e-01
6.479688664923386257e-03 2.752107537711521168e-01 8.790018808557964469e-01
8.793049914707704376e-03 1.650755370417127388e-01 2.865654198920286611e-01
4.830508415130505342e-03 4.605651109426003309e-01 9.034281963372881030e-01
5.687916276801516929e-04 8.132215680377226086e-01 1.444003743080799484e+00
4.919801258217846099e-03 4.592719038311767754e-01 8.696067120164063802e-01
6.033513778888674808e-03 1.926782806575286777e-01 1.382719084209995675e+00
8.597311394983495406e-03 5.587439109794134495e-02 7.831056565364069577e-01
8.103813570373439093e-03 3.024200092138866758e-01 7.303076554417531341e-02
6.886748410449736527e-03 1.646588876254182487e-01 1.117211466228298367e+00
4.395546113078416597e-03 4.075468260924322017e-01 1.288564421564928342e+00
3.200440172111693529e-03 6.110750199339745059e-01 1.051708432233724455e+00
2.908902086592621630e-03 8.146663047353652765e-01 4.336717133594025775e-01
8.319448973794727267e-03 1.657517717377641198e-01 4.899737378538593369e-01
7.888490054561223333e-03 1.122529656155433209e-01 8.788729614505119692e-01
2.610891272857938233e-04 9.248715833889673554e-01 1.170187271095770587e+00
7.126170375371507562e-03 1.885584820320969079e-01 9.231366732658163876e-01
8.372755577764798632e-03 9.454594579871811177e-02 7.348162325311169418e-01
3.801594810251393911e-03 7.958566968401510344e-01 1.186480033114212240e-01
2.067583099638123714e-03 7.635596559653063942e-01 9.809216704266821019e-01
4.813725752623685197e-03 4.109728020027429984e-01 1.094757776835948437e+00
3.031009664902170955e-03 6.107399154462638258e-01 1.126007296193336504e+00
2.276151309158655836e-03 6.192218663483157748e-01 1.420340742814503177e+00
8.154475905507172287e-03 2.309966884952570076e-01 3.172677279658420169e-01
5.685195429061937547e-03 3.259202105927241355e-01 1.034126875362446629e+00
8.117559414551009725e-03 7.851662799887693112e-02 9.065406110465379363e-01
6.783846254162237757e-03 2.023531159787421707e-01 1.020094187591198409e+00
6.566440402487170105e-03 4.294920164062188128e-01 2.677189997919104947e-01
7.153215398511167736e-03 1.762875757015049949e-01 9.575267787572561140e-01
7.546611443649273512e-03 2.776966550813679824e-01 4.067563254566697317e-01
2.358474271463470787e-03 7.061211282474570972e-01 1.065673389514245617e+00
4.531843108163078129e-03 4.380681742438992110e-01 1.116063682840320315e+00
4.762760098489813090e-03 3.919818186252723713e-01 1.187503928538859999e+00
3.633960417258783396e-03 5.959605585196610100e-01 9.203496443378189618e-01
9.670222370676337734e-03 2.577753707935270810e-02 6.245205902075956494e-01
7.229466465017384338e-03 1.567321445231084631e-01 9.979858139269315309e-01
4.552494295840989538e-03 5.767854556220481932e-01 5.946862375652561816e-01
5.664202285107175841e-03 3.982155806106288942e-01 7.739904969365629661e-01
7.013894161825582133e-03 2.977908420117967303e-01 5.628980853949916430e-01
6.433964874088269129e-03 3.422246468579328571e-01 6.487658918619421122e-01
1.785010344693424914e-03 8.982413011475114395e-01 6.132617252964966958e-01
5.745188026366096837e-03 2.177955478365487529e-01 1.413466590524052879e+00
9.050232988786219637e-03 1.613950424149068752e-02 7.360754628037402547e-01
9.520727451580454984e-03 6.516330040200957185e-02 3.455784815480034133e-01
2.463463157441789578e-03 7.679943634156711774e-01 7.945829276978888522e-01
4.134881306479829335e-03 4.197744646425047854e-01 1.355900207336475649e+00
6.738647025539232574e-03 2.450296565259746373e-02 1.899868730780369663e+00
8.488484545169547660e-03 1.808426180473543532e-01 3.598675847122057014e-01
5.177997023594291606e-03 4.331205926722074828e-01 8.548588283635472074e-01
5.981543512694151646e-03 2.469395928911137794e-01 1.201218547248246171e+00
8.284587149780706442e-03 1.714735872394936855e-01 4.836548557867392795e-01
7.034450988936355800e-03 1.607280716060341952e-01 1.067769853594981999e+00
5.808422125660636995e-03 4.468950754814255966e-01 5.311699604093722549e-01
5.364343711197381084e-03 4.242935259872422371e-01 8.069746817855905086e-01
1.935990581594279961e-03 6.969406654252066069e-01 1.281208645231786125e+00
7.090361911384632579e-03 1.806964430177910863e-01 9.682717265413320895e-01
1.651779577332710205e-03 8.680713112768398965e-01 7.795505619196352320e-01
3.562953222893525465e-03 5.189352023400570779e-01 1.235196905203850282e+00
4.918156093135237286e-03 5.102551628379541349e-01 6.818389551445425134e-01
4.737127367745628051e-03 3.609015635743344497e-01 1.314510343223986855e+00
5.774075586325764023e-03 4.867188348637125905e-01 3.989330855737738268e-01
6.033916135415881912e-03 4.963281506670154108e-01 2.512813700151927954e-01
9.747744316775672560e-03 3.056717142684872712e-02 6.088599510260483960e-01
6.905685264184622044e-03 3.569193631188167792e-01 3.897604492229622686e-01
4.009258314490568922e-03 6.376662993831030413e-01 6.054872535615207774e-01
4.087473108310655037e-03 3.507545122996202913e-01 1.634086240270022916e+00
5.806907312324536066e-03 5.119160279728700580e-01 2.919227495332710198e-01
6.415229783762252738e-03 2.370709195677034309e-01 1.049882484625641599e+00
1.056327451911484930e-03 6.931674876764941651e-01 1.673994828248581701e+00
5.027730224072832557e-03 3.782475170722361391e-01 1.123893974354246428e+00
5.973904625312395980e-03 2.572432301844895797e-01 1.165873821958200995e+00
3.771791876016237013e-03 5.614789841315510621e-01 9.878653163827810779e-01
8.371723820531371332e-03 1.013618939845071232e-01 7.095469284945044031e-01
4.419491377035409188e-03 5.644101695641023930e-01 6.975665573161937694e-01
8.807631601177543304e-03 4.297159619226365024e-02 7.402446442793864101e-01
3.817883884473302972e-03 6.643184138924635995e-01 5.903538566154797884e-01
7.246275080605000043e-03 3.030753316744889680e-01 4.424230898260650413e-01
7.593943168039582817e-03 2.157348450373715032e-01 6.178461708706639577e-01
5.628112699930418530e-03 5.114596902889627650e-01 3.708025976287676606e-01
6.697629581328776865e-04 8.797048983688111612e-01 1.158669156307852166e+00
6.036179023125984658e-03 4.572004322378870889e-01 3.946110523621659816e-01
7.167529593275998381e-03 2.405128056463081698e-01 7.102508636460247438e-01
3.331221371131351874e-03 4.825650852071459163e-01 1.470194493714302997e+00
4.958475785201208255e-03 3.419813778279174876e-01 1.289227404880819439e+00
9.239847476863303002e-03 3.920429351179821609e-02 5.660531050900208250e-01
5.936750413452826849e-03 2.994371914091016329e-01 1.023981690113402454e+00
6.292231022070058147e-03 3.951155179193119871e-01 5.136372186928928052e-01
5.495929791889462082e-03 1.711954742607884050e-01 1.697651507245609981e+00
4.010083429218666909e-03 5.888316802909696612e-01 7.843495026993996255e-01
5.267193574228510103e-03 4.715036273846178183e-01 6.741540379813248940e-01
8.602438563798784146e-03 1.775210682666821249e-01 3.227798961725913962e-01
3.177478465968117463e-03 5.466921194116776128e-01 1.299044592924716301e+00
3.272636028268169697e-03 7.115976930678695744e-01 6.522732572725264966e-01
1.143875532615718817e-02 6.673508646438675029e-02 7.495406516355718196e-03
6.253049641664129923e-03 2.613409720376194123e-01 1.029307635380150021e+00
7.687855240478611366e-03 1.055027172139344493e-01 9.917263621339178492e-01
5.740867396622781685e-03 1.701896526229842443e-01 1.594872152294286582e+00
9.777988115566358177e-03 3.922933008215467865e-02 3.313333708919974363e-01
3.314248274639062034e-03 6.249112587537237751e-01 9.517771722844092785e-01
4.757094943128101563e-03 5.130477497699996725e-01 7.410983032885387622e-01
6.267287587533096685e-03 1.771594285115338785e-01 1.339549527696448639e+00
4.547592722216695776e-04 6.772459219210245074e-01 1.991940361895772060e+00
4.218700762374136617e-03 3.537926722622413145e-01 1.565816156825292627e+00
4.521999850493460885e-03 5.084396065395080377e-01 8.596635840226274361e-01
7.333782992345170074e-03 2.029419221212305224e-01 7.788654752657753200e-01
3.492000043850260541e-03 3.516138569680689052e-01 1.889121164538878350e+00
5.003605801266750377e-03 3.613682405526259522e-01 1.197278289242291738e+00
6.167748258039071688e-03 3.478339478461305312e-01 7.432455290623640742e-01
7.534522700962617905e-03 3.155088195686031050e-01 2.711677947550872325e-01
1.881447393189803266e-03 6.423365985633933128e-01 1.505401910419721379e+00
7.179234272942156339e-03 3.830936514079792410e-01 1.742447652810175107e-01
3.151916913886452024e-03 6.932962322845850345e-01 7.710746530659240427e-01
6.507796013126962778e-03 1.008194555264378955e-01 1.523457596724029361e+00
8.063894994781281925e-03 1.251395806684638679e-01 7.539154569233663672e-01
7.219973513660391320e-03 1.425742493702455427e-01 1.055483746639140907e+00
4.979257821666702513e-03 2.935277086943597347e-01 1.461599211472475179e+00
2.726887661931029841e-03 5.822551827321800211e-01 1.362210152474745417e+00
7.891233022395202981e-03 3.196201139194099206e-01 1.012683911100542566e-01
6.367517482148208133e-03 1.979883779770301722e-01 1.217492932483026369e+00
6.448870868117803981e-03 3.053567132157763986e-01 7.797256915749817274e-01
3.871558803969230370e-03 5.740133234110698091e-01 8.986295534140542607e-01
