2.019012978447740081e-04 2.529428265414072285e+00 9.469544455909693070e-01
3.653577885581661688e-03 2.181426049192328520e+00 5.376249134515740380e-01
5.081660486633866880e-03 1.665335237725439788e+00 1.792096414457838627e+00
7.882692232098177654e-03 1.202687195479174909e+00 2.305145013915216090e+00
1.750670308596117414e-02 1.847685579934752464e-01 2.032493946953018771e+00
6.209186761817621358e-03 1.494615928771526603e+00 1.936723948875461510e+00
1.029605297249217705e-02 9.315778583211515862e-01 2.285494936168142921e+00
1.688457289329107353e-02 4.344698935982227450e-01 1.321905914096000778e+00
4.738402615124849560e-03 1.759339824224337212e+00 1.595039070933276015e+00
5.548982963338312813e-03 1.824862198621705067e+00 1.008365601342938511e+00
9.746354368775168864e-03 1.002771728303652798e+00 2.253106504716023473e+00
1.811181041878421466e-02 1.942466444325068320e-01 1.727173322845097836e+00
1.741382201733735618e-02 2.402188341932463000e-01 1.853342940180731979e+00
4.501604029588580913e-03 1.755127871118805194e+00 1.712229902753215960e+00
1.458908182999305025e-04 2.809753232300078452e+00 4.824131800209038867e-02
1.044314716089759371e-02 1.518214748729189045e+00 2.363279826912736969e-02
1.439718177577679198e-02 6.712432317233625323e-01 1.493655117070354699e+00
1.530369579376614914e-02 6.142655406886523561e-01 1.316696535029927340e+00
1.886307270217694315e-02 1.163582072306217352e-01 1.704610453431208761e+00
1.334842263480608138e-03 2.605599899527067720e+00 3.184339912419267837e-02
1.707930159186502733e-02 2.770072783840509256e-01 1.855437445433843813e+00
1.920898811382724253e-02 8.732780640576343067e-02 1.667195236424029225e+00
2.426583063688626807e-03 2.232964390518919373e+00 8.768015576057672789e-01
4.719841974651153849e-04 2.458325721308344924e+00 9.108493903249490486e-01
1.709173533916454046e-03 2.460434222060367659e+00 3.792186046323218207e-01
2.182625809629502867e-03 2.455008994508173004e+00 1.977375754957586829e-01
1.269396530391390249e-02 9.374526312086748359e-01 1.217081482352605271e+00
7.332452912873911599e-03 1.917411472086808066e+00 8.897642035538574912e-02
1.707930159186502733e-02 3.513484380433060661e-01 1.562173470427731026e+00
7.844426854663057169e-03 1.612222294810340406e+00 7.978271835134274070e-01
5.841193184236516400e-03 1.690862321741153584e+00 1.371512723795441424e+00
5.888093671221200642e-05 2.463052127543388536e+00 1.119362805017481755e+00
1.972440209331242228e-02 2.584340710416233033e-01 7.607415753964028582e-01
7.308407720563549204e-03 1.816219782979036301e+00 2.855960226083107401e-01
2.796476534832427474e-03 2.070295041404332181e+00 1.300215901071092084e+00
3.535592811391298496e-03 2.220560919485318863e+00 4.489464062518431220e-01
2.620049735882291897e-03 2.373520539288382025e+00 2.980139583228345046e-01
1.933931121757474086e-02 2.217879638336091030e-01 1.075413765383538056e+00
2.098246291816955461e-02 7.378914189663610124e-02 9.351932147472661327e-01
1.454908116597245643e-02 1.057305183645030899e+00 4.323803775786580483e-02
7.107318458789216309e-04 2.477008082387794019e+00 7.440740012585331797e-01
2.538702378268732629e-03 2.304149470754676798e+00 5.769352929399582663e-01
6.526780326567095669e-03 1.936740964633880457e+00 1.859615255576949899e-01
5.102010580422179642e-03 1.895499744574575152e+00 9.440170361256514653e-01
2.776999728229791187e-03 2.353667125559741891e+00 3.012350613002832134e-01
1.489067802268177060e-02 7.401678514809721943e-01 1.011992366910484442e+00
4.764586683903816733e-03 1.867243269157011332e+00 1.190895119345079856e+00
2.715073777514646208e-02 1.795177963723748604e-04 1.509453875611618479e+00
5.950651488503856668e-03 2.007207633336324903e+00 1.795494099545545119e-01
1.894929562456418998e-02 3.679248233439016413e-01 6.729452346112561045e-01
9.347270067208070243e-03 1.467910331997014373e+00 6.809122825056954653e-01
1.431270203856686157e-02 9.122713264180821735e-01 6.071513117123226166e-01
1.220505306503631010e-02 9.914491253675767890e-01 1.224920126964158307e+00
1.949376314866616694e-02 4.505034522116522222e-01 1.114045435486241964e-01
1.113697710335951468e-02 1.116797007658863583e+00 1.215440035554743226e+00
1.254075861535667441e-02 1.281507306898330034e+00 9.080726359761620570e-03
2.334955656759333392e-02 7.491342918910737225e-03 1.490971383811166284e-01
1.278727819907114066e-02 9.509546818229102083e-01 1.125061417301830069e+00
7.691513555851882400e-03 1.425746184974261643e+00 1.552051984861614109e+00
1.165046164482800434e-02 1.379482450738674038e+00 1.319076257676335406e-02
6.045809909841638741e-03 2.011084421569808711e+00 1.250809431433106689e-01
1.618292213836484278e-02 6.893256184295102340e-01 6.417768799520837675e-01
1.727301285367125600e-02 5.517272340180274792e-01 6.947556827934073809e-01
6.849443452079086170e-03 1.598095978961207697e+00 1.278066527539786001e+00
1.149246651246641632e-02 1.020577688929559690e+00 1.424685538346929015e+00
1.053354869622628170e-02 1.323974590111742122e+00 7.014849869618808853e-01
1.874265569998204845e-02 4.407553968833501923e-01 4.797337635876539608e-01
7.932321255565456808e-03 1.328448623986925758e+00 1.810755457043279115e+00
1.185764061870756697e-02 1.353030358377050879e+00 2.140714705387217198e-02
2.120739562399257677e-02 2.156826183883244763e-01 2.738697816267086083e-01
1.907719559782653646e-02 2.272447394131409393e-01 1.169681777111827081e+00
2.220054405941743886e-02 1.220816159072375395e-01 2.038544121947092613e-01
1.062143991652134828e-02 1.295819481284514074e+00 7.682156419189221097e-01
1.189746031626707362e-02 9.760810475488417293e-01 1.417284400637904618e+00
1.435052674367579689e-02 8.931701752297447339e-01 6.632343258339910008e-01
8.663098333235121074e-03 1.218770631840530916e+00 1.905584395656100050e+00
2.143049881953876939e-02 1.660243404067889283e-01 3.710252503024600301e-01
1.811873920967813772e-02 4.579989785049212170e-01 6.870761579842019628e-01
8.835016974642430354e-03 1.179317349881290999e+00 1.979675122564224843e+00
7.653764880121739778e-03 1.803531270387342067e+00 1.835042063797596434e-01
1.227240686282674714e-02 9.998631293689006494e-01 1.163674383548888080e+00
6.977533258451552867e-03 1.794705369373719384e+00 5.052366118603766054e-01
1.954616412192314995e-02 3.643718230682215786e-01 4.238306721510207709e-01
2.206834924950255156e-02 1.435036974026693279e-02 6.904649566240204095e-01
2.177927748697953275e-02 1.423302101375971684e-01 3.103007507261077436e-01
1.987867422537929057e-02 1.552951628349708013e-01 1.100145025728843429e+00
1.244681620329571997e-02 1.053019714530630813e+00 8.866767491171509974e-01
1.581312876899946401e-02 7.384780079795765229e-01 6.149538038799926554e-01
2.163731895665758215e-02 6.287621933180864708e-02 6.883271399376775790e-01
1.510854911942131201e-02 9.133461737243881995e-01 2.561888365272233514e-01
8.771469587339021656e-03 1.655102127328109907e+00 2.425501584437848301e-01
1.262911423383165227e-02 9.192862414739015886e-01 1.314541554611531105e+00
1.467768145503215577e-02 7.030542748638841655e-01 1.248005172128437756e+00
1.552491851017660102e-02 6.240377888784711669e-01 1.181845681428691286e+00
1.155831776687447215e-02 1.167202186086089943e+00 8.429488806006100177e-01
1.648648015418411467e-02 5.967314201280833341e-01 8.657378495948728769e-01
2.248493111080211021e-02 1.301243573092027983e-01 4.611123908187500509e-02
1.768555895485560830e-02 5.984720929812643586e-01 3.330800847430390732e-01
1.730471710563367266e-02 6.729227661066052857e-01 2.135810707154570942e-01
1.118387234366650246e-02 1.337008575173175506e+00 3.718811675912911952e-01
2.323469775495016348e-02 3.900458685318519692e-02 3.855474490938002319e-01
6.598169670547195109e-03 1.752403910683728361e+00 8.215657962138687154e-01
2.257208979841399815e-02 1.541670904751080151e-02 5.856580710168310944e-01
1.542253262016838461e-02 9.231541267111997850e-01 8.223509304645751361e-02
2.091910263142563592e-02 1.802809912816092375e-01 5.409459305564121578e-01
8.490769444854308345e-03 1.353258729272649452e+00 1.476274255708283967e+00
2.112710669679655068e-02 3.340256840959161533e-01 1.545546858439541260e-01
1.607130958089367928e-02 7.408978874837506279e-01 4.927598736940206336e-01
1.136325361310201038e-02 1.402346281292881747e+00 5.283517818927754850e-02
1.003259978918583789e-02 1.556654628604061008e+00 5.964754051614654107e-02
9.695646551251581313e-03 1.324800427676169567e+00 1.060934166115964139e+00
8.718201237112678526e-03 1.189335312837048297e+00 1.992610189099260687e+00
1.479272397050649529e-02 8.891269624650879333e-01 4.857611727045361150e-01
1.317500449209433461e-02 1.196039694207793991e+00 3.410263865678422879e-02
1.588119857012163655e-02 5.884624873825534674e-01 1.163310837846048607e+00
9.787935168517426787e-03 1.350561518371943270e+00 9.251413605239742211e-01
1.419303971306577067e-02 7.222887271566340583e-01 1.386074395621542443e+00
7.864397629756027241e-03 1.771743041120810380e+00 2.082198818089518177e-01
1.645855904616225912e-02 8.060804464274757830e-01 7.463007671052770964e-02
1.142984728127364319e-02 1.283568908530806629e+00 4.639340677227830056e-01
1.649430002472166562e-02 7.535693768252433866e-01 2.593172055356172123e-01
2.088769419533768185e-02 2.162349927933779892e-01 4.130030270609461596e-01
2.101563129859310847e-02 7.076237332094215127e-02 9.325421471612935775e-01
1.350032033373752688e-02 8.958028705071574560e-01 1.024033708599781711e+00
1.126146756050597914e-02 1.412833194368548595e+00 5.810627251687441874e-02
1.240221977871228815e-02 1.127987263784379968e+00 6.238414941436696282e-01
1.732247352215391528e-02 5.976503605739826863e-01 4.954938895473413041e-01
1.554602031805566581e-02 9.188558945364240227e-01 4.469205607794271562e-02
8.718201237112678526e-03 1.267225876288580855e+00 1.699563182629867164e+00
1.075454170188187147e-02 1.416150931078579367e+00 2.646399432700627941e-01
1.866182755488813433e-02 5.549643129419086218e-01 7.258092522615647302e-02
1.512095161184216080e-02 7.230506819587281253e-01 9.770038654153632152e-01
1.009183141716577664e-02 1.472490471857095917e+00 3.429207899418083016e-01
1.566538074179694290e-02 7.472549424303200905e-01 6.459398595197649584e-01
1.176820498391065867e-02 1.247408863298300252e+00 4.520801395178262183e-01
1.645393424168554303e-02 6.992532576906318464e-01 4.850057022929741279e-01
1.434454775074148897e-02 8.456058006126914162e-01 8.470123322096521079e-01
1.367404598379887842e-02 1.144673032214587272e+00 9.445650311868752924e-03
1.641234344374834647e-02 8.420569374507171911e-01 4.198207304444331878e-02
1.225730279727958033e-02 1.222883110358164549e+00 3.316515162546460616e-01
1.798860121670734641e-02 4.176137914534086004e-01 9.018236444289948750e-01
1.429303712728439285e-02 7.270438700655394992e-01 1.323987744350852758e+00
2.167318431810964091e-02 1.721135910975097882e-01 2.396135333046709726e-01
1.030203952487155489e-02 1.309384483391699439e+00 8.559332364030689533e-01
2.065061407125671350e-02 3.655750564107227429e-01 6.754973047076526238e-02
9.416140193932255598e-03 1.315408270145265623e+00 1.216928909825335303e+00
1.321976736426459104e-02 1.105948844984378843e+00 3.516021219038032442e-01
5.918094309637446371e-03 1.815898255845059373e+00 8.826191132109437731e-01
1.155199278482613862e-02 1.313979179908638661e+00 2.981222304149264701e-01
5.218825635784497818e-03 1.912867253451967064e+00 8.312689478639265772e-01
7.429459039429854583e-03 1.890721045285214563e+00 3.464431440523349504e-02
1.033790487445421930e-02 1.462152402679254726e+00 2.748641689339956784e-01
1.446728601233152750e-02 8.667154595771540126e-01 7.129696643746905593e-01
1.667931213661769801e-02 7.554958034873811012e-01 1.710719858124685466e-01
8.399075602756690684e-03 1.641658254339038114e+00 4.516141685959604857e-01
2.072955783368161248e-02 1.656035208197612629e-01 6.828152474121305104e-01
1.447835541225620665e-02 8.639953891534621899e-01 7.184999217928487170e-01
1.646910300413565592e-02 7.808158854380200520e-01 1.662998126882451466e-01
1.142207632199802175e-02 1.193765480606824303e+00 8.024845693083557663e-01
2.008101432942136638e-02 2.960939028396187833e-01 4.553104842200292879e-01
1.960202934786928891e-02 4.498567845060639225e-01 6.629036635107701803e-02
1.062495448979775686e-02 1.439868417449897242e+00 2.331167316033964376e-01
1.666108627912202961e-02 7.784374623558425466e-01 9.148294719171537470e-02
1.756200527970223219e-02 5.714472048948342486e-01 4.916100537301923978e-01
8.703197105865236038e-03 1.670865513265706204e+00 2.144787967737835921e-01
5.176474498287765569e-03 2.048196819457583473e+00 3.633637363777006968e-01
1.828600063111310986e-02 5.496306841824070144e-01 2.581563054789990375e-01
8.718201237112678526e-03 1.345031628551243363e+00 1.408529887095149924e+00
1.004064338077418489e-02 1.546884465271421538e+00 9.193270127628586086e-02
1.408394496495938425e-02 1.098624893873942687e+00 3.851133959181601840e-03
1.397457500586699736e-02 7.535262635192159220e-01 1.361438321699247389e+00
1.493118610262681584e-02 9.448632518039834505e-01 2.141583473023809525e-01
1.308388286195630995e-02 1.188498266362411959e+00 1.017126227734275468e-01
1.153725711997025810e-02 1.306736098012560410e+00 3.313748349679110916e-01
1.059047640487468384e-02 1.330532484729086695e+00 6.524923802257740491e-01
1.495112360384679567e-02 8.788522590783534039e-01 4.557200685633597814e-01
1.475569044355277276e-02 8.670070151551205750e-01 5.860227280693317553e-01
6.484276164803105813e-03 1.880912363225927697e+00 4.049533606299258182e-01
1.779205082765159679e-02 5.311749234687288546e-01 5.464616035619593859e-01
1.529137307761577885e-02 9.649463030094869165e-01 1.852984850824321295e-02
1.926861607263178483e-02 4.914549005838926288e-01 5.160252880312390933e-02
1.652425080283485143e-02 8.348958402698902770e-01 6.362366824713824864e-02
1.780397074571552635e-02 6.898268781992091814e-01 6.979144009317558850e-02
1.829282361954868291e-02 5.989442928134101063e-01 6.494010738936942251e-02
1.356465002211219156e-02 8.072047131191089075e-01 1.334558037510725548e+00
1.888053919804325714e-02 4.660374229735315676e-01 3.207866050899008670e-01
1.873371696370532830e-02 4.560604852450784730e-01 4.241265614370712811e-01
8.814777477528158711e-03 1.521224038527311029e+00 7.140905267960926395e-01
1.328579248679321451e-02 1.199165106626192800e+00 2.554896717985052912e-02
1.051317108899289116e-02 1.405691314054191343e+00 4.074494048156305226e-01
1.910782050295948414e-02 4.245235244485703330e-01 3.822364401645836907e-01
1.356445904265594221e-02 1.006229095208343471e+00 5.772002285334218996e-01
1.358894891818877154e-02 1.111151515656036315e+00 1.718111609047321686e-01
1.403571339223522868e-02 1.090291100696109572e+00 5.602323974219650116e-02
1.091693362719096255e-02 1.221987470956751087e+00 9.158526670164599537e-01
1.287545042008268054e-02 1.243123813792475607e+00 1.140021264280385860e-02
7.881569919803523006e-03 1.874247717537681046e+00 1.687836478116002403e-01
1.516958834234297809e-02 9.762815294157112245e-01 8.272398255718876880e-03
8.399075602756690684e-03 1.719166573514289587e+00 1.694896788130871024e-01
2.072955783368161248e-02 2.379829244670721433e-01 3.972605567330242948e-01
2.130644432639409308e-02 3.098988128728341618e-01 1.394338645814121314e-01
1.803544791573089695e-02 4.565310579268986313e-01 7.294273574948215710e-01
1.547059082814953440e-02 8.017578557866860134e-01 5.226273937197243313e-01
1.245302878386037732e-02 1.123137406282001427e+00 6.199914949833749134e-01
8.411909230255622261e-03 1.642311258323960521e+00 4.437137120919141253e-01
1.436797443920549006e-02 8.960911437243657129e-01 6.445213262621871664e-01
7.124449654576515967e-03 1.693394761280632599e+00 8.105803697511158035e-01
1.085793944336269773e-02 1.350319882089624945e+00 4.634253476170266950e-01
8.662471324603883416e-03 1.681288120808030362e+00 1.940485154394986644e-01
1.835087814795192257e-02 6.107659460269905249e-01 6.008189116960743759e-03
1.864336771343114846e-02 5.247301415359719723e-01 1.975156200474623980e-01
1.222779520731435282e-02 9.670858288305017592e-01 1.307547618101772890e+00
1.383860642610327402e-02 9.318147867403288043e-01 7.395969827705437538e-01
7.664183729333785833e-03 1.639130275466516684e+00 7.768423396373345113e-01
8.118001133447995399e-03 1.527764861193727119e+00 9.903480433097309188e-01
1.780496227552889194e-02 6.622701738018184070e-01 3.537775642133403342e-02
1.403423703037069009e-02 9.482161327081219948e-01 5.921542867273297261e-01
1.666324225998120495e-02 6.478060790775008737e-01 5.911302036617991362e-01
1.684484359492747357e-02 7.818299955020540093e-01 1.738835110208974966e-03
2.238489814789172000e-02 7.787712353904985285e-02 2.973089983412444681e-01
1.188227008372658849e-02 1.268834591167578685e+00 3.229277206199663297e-01
1.406951785093283475e-02 8.921153184174845929e-01 7.898023227918224975e-01
1.246224507901830952e-02 1.291711472612465661e+00 1.295935070640205633e-02
1.520579478133680246e-02 7.639252947669381566e-01 7.830386927335917235e-01
9.492641672240433037e-03 1.516430703943423941e+00 4.396056281174418601e-01
1.224639401194519556e-02 9.399854746628084623e-01 1.402564342665152175e+00
1.514828858236320214e-02 9.929621877511711769e-01 6.185905845622749477e-02
1.661196542806601256e-02 7.203013209326021293e-01 3.351461072285752962e-01
1.055859095318215785e-02 1.503790691776987876e+00 2.678248620437620464e-02
1.973851185543732539e-02 3.925789001056860794e-01 2.290149755780755136e-01
8.820596328212561288e-03 1.559808093912376625e+00 5.698145564296561716e-01
8.543580587830813811e-03 1.575619995074877044e+00 6.310830478227922313e-01
1.224152754941690985e-02 1.239639557099795786e+00 2.760439572695014832e-01
8.406627911936505326e-03 1.641762045443090789e+00 4.479887912623690127e-01
8.722388707658103313e-03 1.571043222399413741e+00 5.708887906290636138e-01
1.284998412173413845e-02 1.041428990250512276e+00 7.550980371897617616e-01
2.055916815106987455e-02 4.120401211974884514e-01 2.080657429106116119e-01
1.712677271245813954e-02 6.753764080116615443e-01 2.820845434387928563e-01
5.909038988731664388e-03 1.963800615451287035e+00 3.528112888039567352e-01
1.447695381970951628e-02 9.747102113617136521e-01 2.991304155950667010e-01
1.185027533004304884e-02 1.320285316120855645e+00 1.457667236506319519e-01
1.169103215439851878e-02 1.300798045986897966e+00 2.869042798944230199e-01
1.030256646449682206e-02 1.307145113908329881e+00 8.640447088724210190e-01
7.906253633789640800e-03 1.591661651469859384e+00 8.466102573239817630e-01
1.408681161546036092e-02 1.081653519935531937e+00 6.622128313129230226e-02
1.241355141532311107e-02 1.068821274198970661e+00 8.415236200542262068e-01
7.120351275103388444e-03 1.805759178990459679e+00 4.039977589401297919e-01
1.415154054760573571e-02 1.071241754353419173e+00 7.716946063599386396e-02
1.353555400483533872e-02 1.129439775857658423e+00 1.264980909323663305e-01
8.966827042488891009e-03 1.577340810374973534e+00 4.425937696554536060e-01
1.821477974960875740e-02 6.216693847690597519e-01 1.172944151893154374e-02
1.604206301508918214e-02 6.744909635676454851e-01 7.605182079776904303e-01
1.526500435809966666e-02 7.326850965131617155e-01 8.769585241666186803e-01
8.076020308303823170e-03 1.823847985858822573e+00 7.064140729649800998e-02
8.875424706870228830e-03 1.562790137972573268e+00 5.352681985847960178e-01
1.917875299563368691e-02 5.356292725846605318e-01 7.972713680682994020e-02
1.285211696361791139e-02 1.125674914048221842e+00 4.372163355728639900e-01
5.253988767735341681e-03 1.962940942217460849e+00 6.358435746180299830e-01
1.930612807298640737e-02 4.046952139290274086e-01 3.721886339635114282e-01
1.408056913365200030e-02 1.067536755637259693e+00 1.219104620135534056e-01
1.296986402421566181e-02 1.146205058662704834e+00 3.091957171457346831e-01
1.074903211935410857e-02 1.319881116842051005e+00 6.234901853256866744e-01
1.910223580533002702e-02 4.386269278278580597e-01 3.298064454792291045e-01
1.357582695005913470e-02 1.181446229369203627e+00 8.521009391895170704e-02
1.198164500823854089e-02 1.135394293386116749e+00 7.786127989954048090e-01
1.125738834817339301e-02 1.373570124994724528e+00 2.047749216452041943e-01
6.319180417204618705e-03 1.691333724185351661e+00 1.164235524491169294e+00
9.315435985007537723e-03 1.431997300895847536e+00 8.273224025005641025e-01
1.390811069433964958e-02 1.075465958599234773e+00 1.670612078347853136e-01
1.867803010737737607e-02 4.820556418338985960e-01 3.476375703491294544e-01
2.871073898753552511e-03 2.247395850158238062e+00 6.364741494256884735e-01
1.550372657932844872e-02 9.247320249072108478e-01 4.089194776643359508e-02
8.382426006540301400e-03 1.511721381547882492e+00 9.354740701583006413e-01
1.426053472853398146e-02 1.074846862539270864e+00 1.629701304043698618e-02
1.022851052392274168e-02 1.191827502095339275e+00 1.327530906445454129e+00
1.419545836948669232e-02 1.081419397464759902e+00 1.991240876439184793e-02
1.544028042928517058e-02 8.161961918238238578e-01 4.807732440206899938e-01
1.456504879474033315e-02 8.238241545979183567e-01 8.338900129876600786e-01
1.124398134443486269e-02 1.254260185517484194e+00 6.535719560072204004e-01
1.427378561612272639e-02 1.021251305777727714e+00 2.119818908630231313e-01
1.006623255602360351e-02 1.339486298060346803e+00 8.459524052711850928e-01
8.020274107723691925e-03 1.715484216299234310e+00 3.454222409519411841e-01
1.286907010411156987e-02 1.082718647432006298e+00 5.912106127278713430e-01
1.458827040539382308e-02 9.523045385036075228e-01 3.353601105718349018e-01
6.711766355950977980e-03 1.689547416298761595e+00 1.001991944060912409e+00
1.837315870715975491e-02 4.590614848930234526e-01 5.710394779221781292e-01
6.851942986096627719e-03 1.606625141046879923e+00 1.245625665932089454e+00
1.708212348767716021e-02 6.962337324563951935e-01 2.216256212760124022e-01
1.695375456415685461e-02 6.318449377915660303e-01 5.252976728596445710e-01
8.967651985369341772e-03 1.673020000935995233e+00 9.307272124278490044e-02
9.247407606441639116e-03 1.657921725155379056e+00 2.784298919071040435e-02
1.807370806831990612e-02 5.884735796631905824e-01 2.013840721695823455e-01
2.057469292728778681e-02 2.930251887019215129e-01 2.494898203515925339e-01
1.070580396530155382e-02 1.345109425632958766e+00 5.485106698070660869e-01
1.626289726976441058e-02 7.779027296406473280e-01 2.675211605590641639e-01
1.670093038028134386e-02 7.133029910908452731e-01 3.230319320120509374e-01
1.510834662042973703e-02 9.956836248123186461e-01 5.473064118330392414e-02
1.161916797849552735e-02 1.213370337073182759e+00 6.436859266489500797e-01
2.040124215420694581e-02 3.184843969924846530e-01 2.263028207659454616e-01
1.772054478726940024e-02 5.588933992099744952e-01 4.705633032289933126e-01
