1.678421558717734657e-02 2.015214674662748617e-01
6.697802868111939201e-03 1.709612755547549545e+00
1.225865760863364268e-02 6.795302685318451719e-01
1.205920348490499561e-04 2.441039568113676950e+00
9.062899364398885327e-05 3.439238045695798718e+00
1.200842853779013342e-04 2.535757074154457058e+00
1.722432059867772675e-02 7.466369540099626612e-02
5.709919187061755774e-03 2.005939125863445582e+00
1.477614932393755270e-02 4.048571017631521496e-01
5.697274702338894076e-02 3.703797149758880636e-04
7.697802781388089766e-03 1.408535224197702496e+00
1.746266763401926186e-02 3.262109740643759359e-02
1.070729898232779947e-02 1.361829666173431042e+00
6.740582413146116447e-03 1.505559892296186808e+00
1.055995807557261190e-04 2.619379212909674237e+00
1.496266767269437831e-02 2.941984405495892130e-01
4.349331881000166600e-03 2.165709965991904795e+00
4.332192076219591736e-03 2.313732701132050096e+00
1.466479958337018469e-02 5.033191038021092023e-01
2.769887298217831723e-02 4.970687825387676284e-03
2.727655539339334662e-02 9.433591494836468527e-03
1.155989449117100082e-02 1.233572492142680721e+00
5.505532339957312782e-03 2.162047995162293290e+00
2.596531034634967650e-03 2.400520596176772159e+00
4.066792879691537993e-02 8.458897791039365899e-04
3.516072271456138071e-02 2.414475406429028581e-03
2.694288529736121179e-02 1.680356687112882774e-02
2.923307348967484759e-02 2.743805482456673772e-03
