9.217610529887028115e-01 6.164498459626785998e-01
7.036953334932820603e-01 9.373675608441531804e-01
5.434114535544050106e-01 1.201274471066229088e+00
4.529352883897881377e-01 1.353056751613878950e+00
8.831500573025361511e-01 6.384800737919691382e-01
8.385293429073779059e-01 7.131532942500216077e-01
7.038498924220699671e-01 9.371117788465441745e-01
1.445389424479226914e+00 1.832572462479917785e-01
1.722624401770978420e+00 4.388667106285160102e-03
4.647540912987362383e-01 1.329407156643797938e+00
1.713480564303004439e+00 3.207513660188809901e-02
6.556405184374258788e-01 1.016756941113401203e+00
2.613446531234241643e+00 7.239928509774617993e-04
7.475631856306246270e-01 8.646563670711502336e-01
1.616568264072369754e+00 9.401237284383667792e-02
7.891093329443310544e-01 7.955832665019799688e-01
2.575300456001766047e+00 2.303196447171140804e-03
8.634169692181212774e-01 6.715326402057273381e-01
8.328118166785496435e-01 7.558846586849641280e-01
6.503992394702353685e-01 1.025399285005734518e+00
3.712686268387801469e-01 1.487579494140094161e+00
8.830354507711741796e-01 6.386721706013263056e-01
7.501743840680776820e-01 8.603211037910527548e-01
6.840244586891190970e-01 9.698980924337250453e-01
3.798559852842937623e-01 1.467070111983348246e+00
8.569594329360117335e-01 6.823388961866514446e-01
5.210821466257544721e-01 1.244909753344147552e+00
6.726609691373428568e-01 9.886694618385136746e-01
6.354678055005211768e-01 1.062714589837243429e+00
7.601292356984852283e-01 8.437860736932820682e-01
6.985953645261697709e-01 9.458059917647874126e-01
7.995261337608243757e-01 7.782326335150189234e-01
4.092865737201196730e-01 1.419445212581082805e+00
5.790963837450386897e-01 1.142646895605752055e+00
6.412951819027727929e-01 1.040403220880934176e+00
5.100742617164253367e-01 1.255569475169737492e+00
8.023512513533392898e-01 7.735247925491692822e-01
7.644637762078718701e-01 8.365827251481492421e-01
2.792991457960911639e-01 1.629014807860444725e+00
4.913770548798761517e-01 1.286061379709950492e+00
4.548535883882283137e-01 1.345505029594251445e+00
2.929842356734968511e-01 1.607045998133971088e+00
2.971271834492088537e-01 1.600390886857256723e+00
1.857042025414794573e-01 1.811599180143063981e+00
1.011641560909097404e+00 4.221336504117532140e-01
3.058156783140719703e-01 1.586427305137449784e+00
3.667236418924519903e-01 1.488287776933576501e+00
9.579880899720047971e-01 5.913501289495302071e-01
1.057513966524612492e-01 1.905677341384874657e+00
2.841622325521799830e-01 1.621210600490572196e+00
1.081539727175058196e-01 1.901871761825945972e+00
1.091410367392444680e+00 2.868428747281812630e-01
3.031593916864809835e-01 1.590697269211291731e+00
2.522277196118127840e-01 1.683529328745380971e+00
9.755959354165528730e-01 4.897428616454833072e-01
7.060294525989574410e-02 1.961272295606137694e+00
4.063880836478399594e-01 1.424140153019708199e+00
1.040024803404366871e-01 1.908447118379585694e+00
3.115088406934058973e-01 1.577272753484253220e+00
1.147222881495803204e+00 1.917366034507226313e-01
3.191169442722485705e-01 1.565032972261492850e+00
2.451489076998920602e-01 1.683739269288553109e+00
1.378612637222462745e-01 1.858014665566231960e+00
5.049869827275754730e-02 1.993005292909346471e+00
3.898877867264292085e-01 1.450848112069964335e+00
3.589503473018740287e-01 1.500837269079484448e+00
5.969694198522113027e-04 2.169911718673818157e+00
3.002742044762061191e-01 1.595334238011760553e+00
