9.341571370400036933e-03 1.808278028819996219e+00 4.292179705000942480e-01
2.267502167169077598e-02 1.295734539484861836e-01 7.486782689818805014e-01
2.325036506317423868e-02 6.632432675487154317e-02 7.361219439909982842e-01
6.973248880825733131e-03 2.030076601330731645e+00 6.662424970745528530e-01
1.754354489983767085e-02 1.253651622585657543e-01 2.995261041369619903e+00
2.027108322494897141e-02 2.319049162912067974e-02 2.195784516233874939e+00
1.329671065653104112e-02 1.437900513731724228e+00 4.129681157532538727e-02
5.321685334513936994e-06 2.580866573892512061e+00 1.726672604446793935e+00
1.207818457117360023e-02 7.650988955069358832e-01 2.970106353963860357e+00
2.409840676363084189e-02 2.336457194507135515e-02 5.289018861010286177e-01
2.057904056398751624e-02 8.030935379073178559e-03 2.119240649225378803e+00
1.724410978310964015e-02 3.902679692279044099e-01 2.128247191802859817e+00
1.285730554603126130e-03 2.046460264484151192e+00 3.000838168734635047e+00
1.174271444128971442e-02 1.466603657513478876e+00 5.986957014951921341e-01
2.601189638037004759e-02 7.296016987856313030e-03 2.433112615438337567e-01
5.326684189892572086e-03 1.585766821676221294e+00 2.900084369211871405e+00
2.080003854120227036e-02 3.835238911662275374e-02 1.907837045022194866e+00
9.877826292528424368e-03 1.619158003816698166e+00 8.558429248298049519e-01
9.662390359110539784e-03 1.693428901405928055e+00 6.894732034266193299e-01
1.677761210068873243e-02 1.006825868877937236e+00 8.132163303467998539e-02
8.160149673784866664e-04 2.271958485350173529e+00 2.424751514546304776e+00
1.749075022867707663e-02 9.100927535118025213e-01 1.223978221998900384e-01
2.142627812794695163e-02 8.184252605765396371e-02 1.470820283727395372e+00
2.594688420839663667e-02 2.103729331948256398e-02 1.086142150777325011e-01
2.184276510261862203e-02 2.848612759738033962e-02 1.491236855946344031e+00
2.210033951823409115e-02 1.655107092674136249e-01 8.635476106641315486e-01
1.215176099929149434e-02 1.313149881035312827e+00 9.640038754752178196e-01
2.078103380263807143e-02 8.512042547885345645e-02 1.739074593818760173e+00
1.111424476726619037e-02 1.456304823011860261e+00 9.008168130189242451e-01
2.052189254805891760e-02 5.571854800667473961e-01 9.822500406766132564e-02
1.870668322084922952e-02 2.991687309204543732e-01 1.835048937117168544e+00
1.802276461313956357e-02 6.469667115096179311e-01 8.455928427673919945e-01
2.414882610124247098e-02 1.074714636780932375e-01 1.914101588892302974e-01
2.435212718801260667e-02 7.693551642430451754e-02 2.173915614036625588e-01
7.808602169364964318e-03 1.681703609264365351e+00 1.512506304366457721e+00
2.122858133489435861e-02 4.635665008513193408e-01 1.362772903744835507e-01
1.833796917112218150e-02 6.806214413930057328e-01 5.875524455594283157e-01
2.042751146138332974e-02 2.627839538102328953e-01 1.225359934475666046e+00
1.910461218016401563e-02 7.010911971402485898e-01 1.841119821736081352e-01
2.363411053373465354e-02 2.467926531922849387e-01 1.039995012886085757e-01
2.132728192522492794e-02 3.450723799521050461e-01 5.301624874679655708e-01
1.019856703130950226e-02 1.516856569351657580e+00 1.076678687138784563e+00
1.933096351100005439e-02 3.737583186605185626e-01 1.286969088152748464e+00
2.168050427908096989e-02 1.912442796956860258e-01 9.494192294593839510e-01
1.542412658377323442e-02 8.092094222165023831e-01 1.371050969469639336e+00
7.105916789681421264e-04 2.404402225381934155e+00 2.020028070017861666e+00
1.814259278795093966e-02 4.414851782945327097e-01 1.549437187158450024e+00
2.340009671221776610e-02 1.325723073454533329e-01 4.226407966057943444e-01
1.494944498184980208e-02 1.118473912244785762e+00 4.633446672448437997e-01
1.762408058666597999e-02 6.762370998836196856e-01 9.102214611781855869e-01
1.162854191068041221e-02 8.868753537246100160e-01 2.717349879552376279e+00
1.974679587232042177e-02 6.296610887303707438e-01 1.675754506377880038e-01
9.176541285126016412e-03 1.580438140072641939e+00 1.287054810323798870e+00
1.659449144165858758e-02 8.378623723929884415e-01 7.656226013753164583e-01
1.990607072075800676e-02 4.924006882679400343e-01 6.006179445177972642e-01
1.083717072564305273e-02 1.536742841579728402e+00 7.371104970526298761e-01
3.681352632050605145e-03 1.752916368778668410e+00 3.009990629910848980e+00
1.195098290099994021e-02 1.178114901156303684e+00 1.528559888892108143e+00
1.974899877810021298e-02 4.018331611693831684e-01 1.002251050007348931e+00
1.209242409155730780e-02 9.833979201199604114e-01 2.167687896134285808e+00
1.799121069987685839e-02 6.745413528187477192e-01 7.586425242318350914e-01
1.266885921356608602e-02 9.161325804428678277e-01 2.164466703440229622e+00
1.465521522991786174e-02 1.052000700549972745e+00 8.255534536234743204e-01
6.739555087033832770e-03 1.376792408533501710e+00 3.040853704914741940e+00
6.399083394955984438e-03 1.701298635115440216e+00 2.040075287634085299e+00
2.580611826843770551e-03 1.980692850539303773e+00 2.682148003052834184e+00
1.752023986390294219e-03 2.238162788412400683e+00 2.147216431321613328e+00
1.002377233380713495e-02 1.445237810032499848e+00 1.401867510961626317e+00
9.939473149329303148e-03 1.149781903311340781e+00 2.488530952460582313e+00
1.985195447477772213e-03 2.166668106055607890e+00 2.293217666887517936e+00
1.597232879191334831e-05 2.323540657686213873e+00 2.598162522302335020e+00
1.421838562564448072e-02 5.450076491351488750e-01 2.860617358249758269e+00
8.634290224335594566e-03 1.599934511771825552e+00 1.448387696306344674e+00
6.145300536129494340e-03 1.493865742954708420e+00 2.877342806105250617e+00
1.013147713988671317e-02 1.246263255499802991e+00 2.060961070502035142e+00
1.015465897340750434e-02 1.003235545950550200e+00 2.926130355719781306e+00
7.699152854750423991e-03 1.494169198188932679e+00 2.215965388514110401e+00
2.722268362404745012e-03 1.939336530436603478e+00 2.765617829447283071e+00
4.172663058287562343e-03 1.696307589233077007e+00 3.000430666315768491e+00
6.528799786375771852e-03 1.791259652300231320e+00 1.672510681349766992e+00
7.777565279909803841e-03 1.466973868726559882e+00 2.278720113636541811e+00
4.644007306689901249e-03 1.970960771536743206e+00 1.846427477305315756e+00
3.035383682454928511e-03 2.018647128850401540e+00 2.359479000379526070e+00
4.233680787682936320e-03 1.731239329794858062e+00 2.851966594945270828e+00
5.025720857275595144e-03 1.976316749614573265e+00 1.667437791201283881e+00
1.113923556938145598e-02 1.070095671748182209e+00 2.262525191663190327e+00
8.941692271325907271e-04 2.090885184908385153e+00 3.012506092212806408e+00
9.557348773611029635e-03 1.143656839084980614e+00 2.673910317676263304e+00
1.706134380643820059e-03 2.206475099479531021e+00 2.274442815411493513e+00
2.083203601746552724e-02 5.486316534165569525e-02 1.831341490450629772e+00
1.284609513371803846e-02 1.093315428197596528e+00 1.449822236712879908e+00
1.999270417194332072e-02 3.566610878397092899e-01 1.064263388375327191e+00
2.772576163570072971e-03 2.256551408795741676e+00 1.657195811646478001e+00
5.640034137794125435e-03 1.716326486934013129e+00 2.308713784559689230e+00
5.296509822136585832e-03 1.729205892550756740e+00 2.409077739960242326e+00
3.875401337597450535e-04 2.231931372294118088e+00 3.067062047062481867e+00
1.539386155792510369e-02 3.891251865408854593e-01 2.933671840323444968e+00
5.290473729363864841e-03 1.722718347691239327e+00 2.434304582985650001e+00
1.166346205462132080e-02 8.165469901628391591e-01 2.959631867843516062e+00
3.477320656107729668e-03 1.984229682667409289e+00 2.291957911049099295e+00
4.220064824202451881e-03 1.967284523416827025e+00 2.037537843988946662e+00
5.020583734014150146e-03 1.694780019960238970e+00 2.646392550794548271e+00
8.524582004859948547e-03 1.361528468502432698e+00 2.334865914896685268e+00
4.362945391609529544e-03 1.671289016075723222e+00 3.007707384604177747e+00
3.903994685100387052e-03 2.078339927968362755e+00 1.789307436959394204e+00
4.464022350502472314e-03 1.662764665894049809e+00 2.994826325801899003e+00
7.659225615795794972e-03 1.269009425483593301e+00 3.034270424244983388e+00
5.467711082750015272e-03 1.747373819507755055e+00 2.273239604338886721e+00
1.256465292747488416e-02 7.259920052680733926e-01 2.904532140228997861e+00
1.609819402367229646e-02 4.383158908555039313e-01 2.444949951609732608e+00
6.105598029262915283e-03 1.882569654120371805e+00 1.535421068224384067e+00
6.469495971007099833e-03 1.687422702617217052e+00 2.058724997475525953e+00
4.010918437272414927e-03 2.038123591116087763e+00 1.882086809608513045e+00
3.025771806002608422e-03 2.080160354571977788e+00 2.152119844393670434e+00
1.972822722735545486e-02 1.242812074707068115e-01 2.048950702111046240e+00
8.904904758594622827e-03 1.196301344856775639e+00 2.763337535626067876e+00
1.255341889632199948e-02 9.251509239513758809e-01 2.181225472304678448e+00
1.256405367154578290e-02 9.399950883732280937e-01 2.122826993340783730e+00
4.013985746326054205e-03 1.931308009810498216e+00 2.248491613179300685e+00
7.979191121501583162e-03 1.517459931344026014e+00 2.015027140690040852e+00
1.239182733321364527e-02 7.079388128233340405e-01 3.045552240543504041e+00
6.760975307126160239e-03 1.672706079930674772e+00 1.986802667470005668e+00
7.826591182047093476e-03 1.593243569261806325e+00 1.813644923141272125e+00
1.664848296830190311e-02 5.110425301164603917e-01 1.937104197776836623e+00
6.716234716263813631e-03 1.596090894842935537e+00 2.274117900387896185e+00
7.830549881208903606e-03 1.421933334169869223e+00 2.415683102250870462e+00
8.741978371043512830e-03 1.283673611531609193e+00 2.519735947789133235e+00
6.402858954745682674e-03 1.710368372094497769e+00 2.006844277132092458e+00
2.908922223367915727e-03 2.189326758091387770e+00 1.828293104392916257e+00
3.434807441435538955e-03 2.026497213545451981e+00 2.164321312840403522e+00
1.287369170406249541e-02 1.017795882442638966e+00 1.709195856946795766e+00
1.463021152011567683e-02 5.563781869137877090e-01 2.640527122628629542e+00
1.310604899520695366e-02 6.694415558044376491e-01 2.879769556402283825e+00
1.421834305166280732e-02 1.001282419321702033e+00 1.193766466838003248e+00
9.712489751233621682e-03 1.262136056020727093e+00 2.182902977367252362e+00
1.105422719606397042e-02 1.259765870041289926e+00 1.619798402729945019e+00
7.756179949120922679e-03 1.688974133908947461e+00 1.509365938683761010e+00
9.242792468476701551e-03 1.471318243147007987e+00 1.641387091894760397e+00
1.388723267090841151e-02 9.234543759644587846e-01 1.615856672854750764e+00
1.569061922050563052e-02 5.392585463493496656e-01 2.246145823268609121e+00
1.528286506122589206e-02 7.342637756378543878e-01 1.704642072099208372e+00
7.270178134301308326e-03 1.760767028791943911e+00 1.465363740016446537e+00
1.187227794751877230e-02 9.221708531810129950e-01 2.484153280341519832e+00
1.371414701437412287e-02 6.780746947579580075e-01 2.585828704581164317e+00
1.892929152190447883e-02 7.581994408797998464e-02 2.580191512555277455e+00
6.178948653798754798e-03 1.652449677305083409e+00 2.304056025149950671e+00
1.820003525630498054e-03 2.007040450445406687e+00 2.911824885471180124e+00
1.023892791549407821e-02 1.475282300688183224e+00 1.205148609441583085e+00
1.535049143409616956e-02 8.073530405081733585e-01 1.409381159110157933e+00
8.060672124364676172e-03 1.491530959663291522e+00 2.071795209009042793e+00
1.270001091975936358e-02 7.577380950031248341e-01 2.729486568788988876e+00
1.012689738056693489e-02 1.381749380292331519e+00 1.581870504303527492e+00
1.450404712591846224e-02 1.000053959697912997e+00 1.076094035440565699e+00
1.606110562742613102e-02 6.088204512559208803e-01 1.829631651613287113e+00
1.019850165839975009e-02 1.403020399226382775e+00 1.476391299703753157e+00
1.080476011783171320e-02 1.296418017850603288e+00 1.595797302826330588e+00
6.508472062361492227e-03 1.870953332347772058e+00 1.405802810650161883e+00
1.485411133792580163e-02 7.495134611659445278e-01 1.833203603437955076e+00
9.493472179952111567e-03 1.260651800178874904e+00 2.281565221828959267e+00
1.386275442728035490e-02 9.651353321612511360e-01 1.475862479424524532e+00
1.836425720076173551e-02 3.163342596358497127e-01 1.919234935302785994e+00
5.623849990441409652e-03 1.957887242759118518e+00 1.479162869127638169e+00
1.052164524199883378e-02 1.326747360820268451e+00 1.608683122149191513e+00
1.494125632460197028e-02 8.242628677098672307e-01 1.523523182577509738e+00
1.425975131769041671e-02 6.668114743954071111e-01 2.392248426093065206e+00
9.079277076986635997e-03 1.323831058885337253e+00 2.232797823011015481e+00
1.233532542661575082e-02 1.082006801360788639e+00 1.708452381571380352e+00
9.428258748946150014e-03 1.550199180987673397e+00 1.286168292985468975e+00
1.503614287218824064e-02 6.945830341174975553e-01 1.955951666832153046e+00
1.367372974817382403e-02 8.273061729107574758e-01 2.056406275320586730e+00
9.286830513480670568e-03 1.447770505971310850e+00 1.705619103897394462e+00
6.837403246380380217e-03 1.484696382512550539e+00 2.615556142099851655e+00
9.825729306141561814e-03 1.211011387618275759e+00 2.317373118001061272e+00
1.660753649664281628e-02 6.475126482721883514e-01 1.452307769817583472e+00
8.343825136549409827e-03 1.361326069652631698e+00 2.412534402886695517e+00
9.952395553349480117e-03 1.317430989187106771e+00 1.883876748794396372e+00
1.780422444057150333e-02 5.323405927622794076e-01 1.359876551647790643e+00
2.367660966768003750e-02 5.489843990386378270e-02 5.937461402407573363e-01
1.158410646038865455e-02 1.021684972180961548e+00 2.246891517521905968e+00
1.151353404496202604e-02 1.031097524889330597e+00 2.243096256180724168e+00
7.125959503415324470e-03 1.667000275274352017e+00 1.852323551949087710e+00
9.891914610065666302e-03 1.120166914495106081e+00 2.615487527000187384e+00
1.387305895650758902e-02 9.322265348855914846e-01 1.590219138123135645e+00
1.764035631586768904e-02 3.941319045994383652e-01 1.942410348943358622e+00
9.431668376912782925e-03 1.448493034351107323e+00 1.641606894459176624e+00
1.546085928207630023e-02 8.462553055214151465e-01 1.220989745938713122e+00
6.165890837599996566e-03 1.665025744716378764e+00 2.265537018126654090e+00
1.513479806653983406e-02 7.063000812498835268e-01 1.870578164553894362e+00
1.324846439913229812e-02 1.061253952697297276e+00 1.392907157180293121e+00
1.177717308016246189e-02 8.919321989365137648e-01 2.635084640606738304e+00
6.765794190605967096e-03 1.703808715508711824e+00 1.876262707175687661e+00
2.015478258882830165e-02 1.270479368149823873e-02 2.286342270962752110e+00
1.126904766224534615e-02 1.298207039244436256e+00 1.391979108767135154e+00
1.152704013685534878e-02 1.059082188136007741e+00 2.136361734239745402e+00
4.494420583497915622e-03 1.784476093461525803e+00 2.555446014362519946e+00
1.073571326684341631e-02 1.311679799113333100e+00 1.571045080986369635e+00
6.065221566891598748e-03 1.837219780328792407e+00 1.708958852710612542e+00
1.192187137643496708e-02 1.013223992484431957e+00 2.132884856922064643e+00
9.437677783434295087e-03 1.512300184346306420e+00 1.414846342490140296e+00
1.728748016756698203e-02 6.177422124771446699e-01 1.268758071183629932e+00
1.199946129449369625e-02 8.815365474486235309e-01 2.577553613582953318e+00
1.764070604981704538e-02 6.169317992783099891e-01 1.119704899389649677e+00
7.490179232999882863e-03 1.801242276625051542e+00 1.232658159785519070e+00
1.027441082850055754e-02 1.278630320496217276e+00 1.884731011672148293e+00
1.128257866900794770e-02 1.310666240036885366e+00 1.342111482318660842e+00
1.264306939322035195e-02 1.108135611484731609e+00 1.483420422488525015e+00
1.495288901300162454e-02 7.286079899187761777e-01 1.867161202930521791e+00
1.214591521144481323e-02 1.173568423282188800e+00 1.461687507305345912e+00
5.527583708190841882e-03 1.705753637336078210e+00 2.393261701034919753e+00
1.066234509025731914e-02 1.401141184485351854e+00 1.286138222760687677e+00
1.460436451251856393e-02 6.202192399785367849e-01 2.415485196285406033e+00
1.490018184054486827e-02 9.471932959470358293e-01 1.096708090082604281e+00
1.480306007901222021e-02 7.883834732820723668e-01 1.713336799392696230e+00
1.038955313985223672e-02 1.461668004704177459e+00 1.189070481022401760e+00
1.381606664273793417e-02 9.717336728285396186e-01 1.472056137513707563e+00
5.188793452136963857e-03 1.826601066683598784e+00 2.115483120338016221e+00
7.221508321242908757e-03 1.828102896497218577e+00 1.253189934117632243e+00
9.314825054366315804e-03 1.212763299788439664e+00 2.529160293474209453e+00
8.139351088352619890e-03 1.584447738669032102e+00 1.712003176455741960e+00
1.252960482620879556e-02 9.621821828797983978e-01 2.057221288124285508e+00
1.029017077979654804e-02 1.141817906825449480e+00 2.367310622255903496e+00
8.420462954235152786e-03 1.438445361313552606e+00 2.106438623320446624e+00
1.989711023440199344e-02 1.260368071886098784e-01 1.968895513133507302e+00
1.275898465946811999e-02 8.030149905347819805e-01 2.538109097162607242e+00
8.648836797819581257e-03 1.626437638191438051e+00 1.349803179596126279e+00
9.056912500729041859e-03 1.356084786267513831e+00 2.127657735969666675e+00
1.448571338224746707e-02 9.398113951871828187e-01 1.300604335584939486e+00
1.729486296321758321e-02 4.083566085289668246e-01 2.038905692955697901e+00
1.422234792411602999e-02 6.663116276747423905e-01 2.410202621699216508e+00
1.678948623107656690e-02 6.809790529719969010e-01 1.251647155237339826e+00
1.413940147871362019e-02 9.405512360838180763e-01 1.446140938474901327e+00
1.603272900646202093e-02 6.266135425112345780e-01 1.776429691843578462e+00
1.319730877582225848e-02 1.003074736198376282e+00 1.623814213158315534e+00
7.794833646015519868e-03 1.508331266884856969e+00 2.125404233689383915e+00
1.303798806115585851e-02 9.266001598560130725e-01 1.968278534528981050e+00
1.183721555399330772e-02 1.128041927306325132e+00 1.756078237015575860e+00
1.260928416837836519e-02 9.476811343446250868e-01 2.075594079215751009e+00
1.324040935752057724e-02 1.100242217291492519e+00 1.256775523128969008e+00
9.923767116740589422e-03 1.445491854157450629e+00 1.443392115788487695e+00
1.184482316564328119e-02 1.155653811394392161e+00 1.654031657873776817e+00
1.208420183735647857e-02 1.253542787406464409e+00 1.203572740091761739e+00
8.517122915933872385e-03 1.461738216935619672e+00 1.983105952637590486e+00
1.707548529828051276e-02 5.479117053945096183e-01 1.616719688580264824e+00
6.718243820037828051e-03 1.627143419166626526e+00 2.164304625238063551e+00
8.868586287110624689e-03 1.464238229569479355e+00 1.825092676352714216e+00
1.754388531953143815e-02 3.843433533332195617e-01 2.020609128874784943e+00
2.148637624226379383e-02 2.159152546392351102e-02 1.672519062317935346e+00
2.129439247595532603e-02 2.438611393146106199e-02 1.745527742190052800e+00
1.215647849880074904e-02 1.343561927287500790e+00 8.548003490870181853e-01
8.098046702545436126e-03 1.342353442470345382e+00 2.584769373843901263e+00
1.845269697321916258e-02 5.054235668783754187e-01 1.179386182090415014e+00
1.291031075409565521e-02 1.062486061094195744e+00 1.532908514321139615e+00
1.127512590202572884e-02 1.243074950526901201e+00 1.585099891039224440e+00
1.555758779406979375e-02 6.543599663973062031e-01 1.879103763613120259e+00
1.910959169946468972e-02 2.274198296767672156e-01 1.929184868498584615e+00
1.799228165389099576e-02 5.707264162101332028e-01 1.137710051046415538e+00
1.148065186553381967e-02 1.290488881290241974e+00 1.329338497529622964e+00
1.235317367042754189e-02 1.158580508867712577e+00 1.426805366039861633e+00
7.495185547800375936e-03 1.706541506758424642e+00 1.558539689966910169e+00
1.259426845754496593e-02 8.432463659091929964e-01 2.461826312613087708e+00
1.817870711293212427e-02 4.692829950122835436e-01 1.430972965388012108e+00
1.558178846307722853e-02 8.185061926997839743e-01 1.269694596346330195e+00
1.904775353639476254e-02 2.049614848419786250e-01 2.040433024090010150e+00
8.197307827194078023e-03 1.624142837239522574e+00 1.548737554350513301e+00
8.483828556423156364e-03 1.529592225310712816e+00 1.758385159829490840e+00
1.601122683008215919e-02 7.957133967019892618e-01 1.168196711751537942e+00
1.011056040304680881e-02 1.275653528061771791e+00 1.965107283948160921e+00
1.790545602366322431e-02 4.752683210057974117e-01 1.526809361093658390e+00
1.298463082278245029e-02 8.230533900735729214e-01 2.367871629112091370e+00
9.745804165587235168e-03 1.414319625825823490e+00 1.628733723203016348e+00
1.379460024993106604e-02 1.053839705026928808e+00 1.186284094575104087e+00
1.182854586566117749e-02 1.212835286405029134e+00 1.457010687249568059e+00
1.265976311265137877e-02 1.145902144114250287e+00 1.341337598559949607e+00
1.181685659196596294e-02 1.267360679755296982e+00 1.268308204811209317e+00
7.241087685552760611e-03 1.488699426933270953e+00 2.429838756408276623e+00
1.878502665786652148e-02 2.508085678006090058e-01 1.982205190735616407e+00
1.521233560651824579e-02 9.085399967480093375e-01 1.102391271020867203e+00
1.120468751598380219e-02 1.129507510712696838e+00 2.020875530339228732e+00
1.462272052154134361e-02 6.342156402763997614e-01 2.355938474061392895e+00
1.245268474064975539e-02 1.055014122289958944e+00 1.755269142630556667e+00
1.041711753294827236e-02 1.520922850439978102e+00 9.699731642254827424e-01
1.299789269626938637e-02 1.128199121327928989e+00 1.260348917384238598e+00
1.066686066837563285e-02 1.154008252250255051e+00 2.162637146092937002e+00
1.264534976829490009e-02 1.002588156715622514e+00 1.861674623117398619e+00
1.324935845588737227e-02 1.109851831857630255e+00 1.218620720129482971e+00
1.825155590160287833e-02 4.865988786933620469e-01 1.335570205863479964e+00
1.457625979474974631e-02 9.939711849015943068e-01 1.067068627569330852e+00
8.233543847858348919e-03 1.548590356742314267e+00 1.797775910703723889e+00
6.078928542387118661e-03 1.861831696990845497e+00 1.618164209923339536e+00
1.326165356750552693e-02 8.666646086831996110e-01 2.089974425267474345e+00
1.148315689410683849e-02 1.077871514437246159e+00 2.087456920707740693e+00
1.415904706086623666e-02 8.625334820104179068e-01 1.720059070344778229e+00
1.789211370371812659e-02 6.100647082992530779e-01 1.036651108304585955e+00
1.802609114056707984e-02 5.754472147165735629e-01 1.105826076108403777e+00
1.404587797242273783e-02 1.046595061866580689e+00 1.104949820215314071e+00
1.468436486113244843e-02 8.635221756861192199e-01 1.491258401241243314e+00
8.513288627783111018e-03 1.541315375163276880e+00 1.704756844793525739e+00
1.043708929997266832e-02 1.295551900045301519e+00 1.755318336313355099e+00
1.381837388974871406e-02 9.925500690236198631e-01 1.396121386379253204e+00
7.517815413038531069e-03 1.560845814326893954e+00 2.058116139104374298e+00
