5.234358869105233680e-04 5.180447869696236385e-02
7.187041412038790156e-04 2.970941028037843434e-02
1.627249763932119703e-03 1.416228171418920656e-02
5.318063378142983549e-03 1.096127010024039450e-04
2.148322680394759016e-03 2.534111087299506515e-03
1.721299973606576356e-03 2.964609106666515892e-03
1.661151003410226562e-03 3.224098643649697671e-03
2.168732600754324363e-03 1.156725559744997689e-03
1.566262107485054400e-04 8.258946546602230487e-02
1.091333970210800475e-06 1.809576672219291860e-01
3.166898002653222716e-03 1.715028235794724409e-04
6.442357349797193933e-04 4.365917760413096094e-02
7.177459867348592870e-05 1.385546720264591025e-01
4.533256022750502268e-04 7.248245001120123820e-02
3.006456600665879247e-03 8.112622573014371952e-04
