1.220535000745913423e-02 2.441411590465758508e-02 2.411966673753204837e+00
1.135234747816525613e-02 7.310890391684976564e-01 1.178491296906320901e-01
5.449147773331039502e-03 6.018446639867418568e-01 3.205309043631465293e+00
1.182210189240394393e-02 1.956714042744378546e-01 1.944919399505670832e+00
3.745274518852786949e-04 2.053660843252397505e+00 2.769791435739586694e-02
7.408566711667993743e-03 1.190465466319980514e+00 5.769992931406074665e-02
1.097229901635375648e-02 9.559547514699584525e-02 2.684407118032161144e+00
7.221132685683584462e-06 1.896601709077020637e+00 5.077178982352910097e-01
2.607105198619716346e-03 1.741515122686101869e+00 2.377995058864092182e-02
1.462986358993566272e-02 2.873526303001217030e-02 1.558371852017692127e+00
6.093940266172909181e-04 1.425078588293945181e+00 2.151964134761718661e+00
1.374671593470321029e-02 2.763597946343576695e-02 1.732710069360485328e+00
1.613516387163059507e-02 1.909677264156250942e-03 8.079852216451461899e-01
2.576176451223446962e-03 2.292297226530201293e+00 2.215801761430834238e-02
1.341904525760227729e-02 2.827025823205708832e-03 1.986791646162877178e+00
1.622476145953649640e-04 1.491647292871280506e+00 2.085917940297654205e+00
3.039485396029023567e-04 1.352330945788433603e+00 2.578049694137553693e+00
1.740082504704264232e-02 2.301647288468711139e-02 1.672824562739867460e-01
1.305348451141018218e-02 7.181809242347991784e-02 1.869824680225071312e+00
2.321625722861847541e-04 2.007120661430508157e+00 5.233327119490473189e-02
1.401891980688928230e-02 1.336172551712904166e-01 1.221830684893212116e+00
7.776812964389867577e-05 1.974156036682120252e+00 2.247900872728854083e-01
7.015482826709801278e-04 1.828705267260082756e+00 4.747822592771973049e-01
3.684848992814571123e-05 1.759768239365867792e+00 1.089909682182088169e+00
1.501670999040825849e-02 2.302156736752491994e-01 4.268245071197958040e-01
2.006455532412729226e-03 1.742572410373472103e+00 2.416445895465875182e-01
9.418527403534202036e-03 9.859068816235518895e-01 2.393994501338971015e-02
1.761947761351066732e-02 1.502718540887126863e-02 1.023100781861136926e-01
1.453841019669953327e-02 4.152335531478241748e-01 6.497345873028682883e-02
1.700563127708086542e-02 2.608895862949811573e-02 5.208649879871591892e-01
3.084599110475191863e-03 1.445320364674848257e+00 9.645479933428253716e-01
7.884832659373758323e-04 1.835213547138692114e+00 4.088502995122018646e-01
4.488717514176218670e-03 1.491066558285374377e+00 1.531664184111098947e-01
1.117241027607102088e-04 1.725599749170096509e+00 1.162605610321924665e+00
2.321625722864067987e-04 1.803144321586624521e+00 7.911509846107440680e-01
2.599443862388722826e-04 1.579422101933199762e+00 1.689100242534713026e+00
5.650517454697343012e-03 1.151244885036123655e+00 9.930530799243859619e-01
1.557964183893432997e-02 1.904521223390771567e-01 3.314626833341156598e-01
4.859937069221373362e-03 1.394308966367591829e+00 3.771661859863035815e-01
4.032052389987370034e-03 1.510898968153720823e+00 2.770420389428869257e-01
9.018917428232769984e-04 1.684128454073511527e+00 9.765014133076794778e-01
1.004822835747042065e-02 8.563812685309342143e-01 2.050834954264564303e-01
3.449270360540976355e-03 1.492790281423753918e+00 6.106049884853410603e-01
5.727699275854911121e-03 1.226668269793868227e+00 6.602063254673913306e-01
1.001132213786647129e-02 7.993206798357261889e-01 4.432042245512297640e-01
1.439666187377218465e-02 3.786601277737231541e-01 1.360014138421723473e-01
5.656684114260776552e-03 1.260995628505816590e+00 5.553090539483269694e-01
7.025423883441170303e-03 1.126831928632856084e+00 4.797524458153707982e-01
5.567305199676395033e-03 1.342766433055973430e+00 2.686435234220914126e-01
2.186597528081132835e-03 1.385414716712449312e+00 1.605350503548385710e+00
7.194108822179953733e-03 1.084266354687673406e+00 5.729584630714930071e-01
4.435219058830916494e-03 1.275532470121762962e+00 1.040746770096567353e+00
4.478083196962495682e-04 1.438400852109835704e+00 2.171081983680386962e+00
8.933833068236793351e-03 8.362085930291014435e-01 7.745210205883585886e-01
1.480835066288919977e-02 1.096209979037352511e-01 9.686436386896764006e-01
1.355900515915418880e-02 3.523529114251600092e-01 6.010782461230297358e-01
8.604519473149316311e-03 6.003603642912080929e-01 1.826113882016861645e+00
8.152413677408362758e-03 9.854054337418061138e-01 5.374625696467267844e-01
1.256861905193816520e-02 6.306450984701283957e-01 2.818219839681380956e-02
6.143330002373090237e-03 1.018382530494039706e+00 1.296746110033104138e+00
1.443247455368378007e-02 2.222405727138818676e-01 7.108847900143251408e-01
4.424153969109986817e-03 1.135458927057913847e+00 1.599457560890590990e+00
1.252849298755896734e-02 5.551186520153548187e-01 2.795877172867795579e-01
1.253914883350125409e-02 3.366921499250592476e-01 1.104815846621398201e+00
1.145255612426630820e-02 6.258573814983874328e-01 4.797027653202752262e-01
1.045328218448814128e-02 4.943951098045031856e-01 1.419283843043081639e+00
1.395823185304655156e-02 3.345585739786853807e-01 4.943080333284717298e-01
5.248402590141906798e-03 8.095083426585842901e-01 2.501875876740775162e+00
1.641322315658887143e-02 2.017212684637952336e-01 7.332043446893356242e-02
7.255087492318831877e-03 1.053781472042902401e+00 6.659365253636968518e-01
2.766254008292320932e-03 1.389430271168239805e+00 1.330561246216325877e+00
1.329645398272015500e-02 5.199553369066149955e-01 7.806817176885426368e-02
8.608619523340452218e-03 7.713451314701158523e-01 1.168737114029744895e+00
2.513740523010773997e-03 1.480258359292760950e+00 1.079239170365659639e+00
1.417703610057495511e-02 1.494031585218449365e-01 1.094368920396681766e+00
5.828663350410642763e-03 1.018665688270007585e+00 1.434888397677986482e+00
2.136241199316088468e-03 1.390078821578160095e+00 1.609220081134103530e+00
1.641322315658887143e-02 1.268214722245231130e-01 2.079405450119571341e-01
3.978609446050648812e-03 1.060988576442698950e+00 2.089019156141424638e+00
1.285791635189369175e-02 2.593402191680551638e-01 1.256688247508185974e+00
9.695091757054061232e-03 5.606330892058890569e-01 1.499408670396468857e+00
5.290316617928211840e-03 1.094614464814756438e+00 1.375763385101158143e+00
1.358822737598362751e-02 1.924454318345736326e-01 1.189452276836326483e+00
1.519168433591754075e-02 8.075117181008106826e-02 9.098429575092898958e-01
3.076551531660517980e-03 1.031907381752527719e+00 2.602438252147016406e+00
1.391731774171388325e-02 3.502910829425642802e-01 4.526364791623711525e-01
2.286786950134053753e-03 1.383945876840377842e+00 1.566482172070499779e+00
1.641322315658887143e-02 5.205071114242354469e-02 4.871250418622059541e-01
1.528018490752956760e-02 1.631494937023587610e-01 5.639458999076003565e-01
1.084393301779128238e-02 4.030125482440380935e-01 1.594278821747756147e+00
1.165328895784832619e-02 5.368079170047250770e-01 7.327877123299293416e-01
6.918121810210439704e-03 7.212743721994767654e-01 2.104940913377794764e+00
5.423521344614420925e-03 7.772007401629137391e-01 2.548680590371865229e+00
6.357577774903519496e-03 6.349421628935187911e-01 2.680725763313851040e+00
1.183261155261115805e-02 2.701518955741830652e-01 1.662429812281025043e+00
6.425630868116857797e-03 9.421954432863257622e-01 1.469158148127085006e+00
1.342096911897293354e-02 1.151100845886885438e-01 1.550098095220213246e+00
4.506875838465304596e-03 8.767851024269033289e-01 2.570220974694385596e+00
3.658254327136720163e-03 1.057462911180553355e+00 2.244849419493852416e+00
4.421281777452143458e-03 8.488988885436468124e-01 2.715448796871277715e+00
6.325931652865074417e-04 1.359500865224503308e+00 2.402682805174413794e+00
1.026533184522758491e-02 5.669788159133331007e-01 1.225432034962785188e+00
5.633911000040389694e-03 1.073243285064516606e+00 1.307381943735214769e+00
6.638929908942312053e-03 8.460242749499853332e-01 1.747948736828710103e+00
8.868378156025133463e-03 5.279201172627763228e-01 1.985738668600951051e+00
1.131307937420543419e-02 3.299207771120959976e-01 1.664685004172887339e+00
1.585580595342005183e-02 2.015521938738817909e-02 9.964114146814102568e-01
3.414255927535289614e-03 9.812365568536334237e-01 2.649613994366581515e+00
1.045673673837353712e-02 6.105944335579804871e-01 9.748879384633886147e-01
8.985660190314756490e-03 4.836047078195404580e-01 2.102111889022928004e+00
1.248633275809694909e-02 4.442182691435503372e-01 7.210789002781643475e-01
6.012399889459993374e-03 6.312622323186785067e-01 2.846354685080860314e+00
1.641322315658887143e-02 2.258462006560524316e-02 7.642219646168575409e-01
8.115918835526744757e-03 5.798858291451010061e-01 2.118244659105960714e+00
2.381363181111068039e-04 1.439160413745702805e+00 2.475182739545693344e+00
1.179413915921477540e-02 3.837529831438386552e-01 1.252242184567726291e+00
6.096679240799360300e-03 6.868576547046414404e-01 2.597772388853065273e+00
5.017129130970285344e-03 1.018366611250814735e+00 1.795291710710535504e+00
1.124992919358801247e-02 2.842151486578385899e-01 1.863490528932067569e+00
1.038863176396929988e-02 4.468921006021586706e-01 1.627456629241527786e+00
5.480434506906703418e-03 7.123558424405969092e-01 2.771653037431327071e+00
6.086933428389590395e-04 1.428376651585327117e+00 2.139112754057356902e+00
8.570203036622897619e-04 1.230732378606780308e+00 2.811529568425974013e+00
1.662899171161011380e-03 1.229084761035909246e+00 2.458795471122534160e+00
1.212972485500683761e-02 3.745228487558547315e-01 1.140673951332479952e+00
1.425286491292952762e-02 1.607620996828940108e-01 1.019057134045275426e+00
1.118593753523199064e-02 4.397074344205718077e-01 1.306277507886341560e+00
5.672481025110406860e-03 1.193044011562238715e+00 8.180538779127806137e-01
5.226765815330311482e-03 1.094973457890904278e+00 1.402526507405432277e+00
1.292626938923611968e-02 3.532022118377637909e-01 8.737697119685412517e-01
7.260654498204663354e-03 6.332079149297085152e-01 2.290706674979793966e+00
1.084225575914886386e-02 3.445141726177665120e-01 1.815142501041726142e+00
3.333413931127945928e-03 1.291177502973268609e+00 1.469076947095408592e+00
9.535465731668732459e-03 7.014862282502418722e-01 1.030405764243915279e+00
7.107857353888399898e-03 9.465915503227249062e-01 1.150653777701299951e+00
7.946171165192125740e-03 6.099133947179806725e-01 2.078511727641589424e+00
4.957977097249086085e-03 9.252436016959988407e-01 2.183556389208837878e+00
8.432581338006492344e-03 7.954044540154141529e-01 1.153299455116189698e+00
4.213748010373094544e-03 1.019409320997982427e+00 2.147031344304514811e+00
1.371251715963404949e-02 2.346481439158578652e-01 9.774590526521427236e-01
1.998948617467952160e-03 1.128813878078065436e+00 2.702885194852632900e+00
8.360739805883685150e-03 9.246583231263825198e-01 6.830060716394887876e-01
1.152938097391574546e-02 2.092518518660808624e-01 2.021620041252425004e+00
9.121614985347789584e-03 6.026331812845056035e-01 1.590699028479469312e+00
4.256670880442445237e-03 8.618809290711793025e-01 2.738191247570973097e+00
4.599622952336498982e-03 1.174878019200089163e+00 1.366273733776856680e+00
9.547885829557109516e-03 6.221833868422548264e-01 1.329097931434410462e+00
1.512164337671105530e-02 2.131560406328514290e-02 1.160744489122726542e+00
1.227846436860012547e-02 4.710584801200807803e-01 7.098884139904333423e-01
9.546832991166417925e-03 6.806279709866656091e-01 1.105587467169121929e+00
5.463030694070489246e-03 7.361989895239160475e-01 2.688252073072383119e+00
1.464026946812566066e-03 1.402960166052440449e+00 1.858091310109847960e+00
5.514161251223601012e-03 1.073467727073146527e+00 1.359558541885241389e+00
1.257601842097143263e-02 2.452787264850710969e-01 1.432005726551614622e+00
1.110790579291474900e-02 5.859359913830983757e-01 7.838585227715162418e-01
6.555824106967964027e-03 9.321264719835751222e-01 1.450815348109919078e+00
5.768098925713491254e-03 8.802371020636128307e-01 1.999902654897105059e+00
5.730423871772458155e-03 8.890076110009870192e-01 1.982605981021456465e+00
1.070609605334059411e-02 2.835921099023748226e-01 2.102638756421703725e+00
4.214868809401792205e-03 1.146645892565014258e+00 1.648361797748171931e+00
2.153734820762850943e-03 1.132055354456706020e+00 2.621371838654630970e+00
2.812418406903702262e-03 1.132606973106699222e+00 2.326423141841480025e+00
1.173151413191685088e-02 4.302416345836546085e-01 1.103806636739867564e+00
1.118813899850699956e-02 4.650591123511160774e-01 1.209260375793809850e+00
9.094861797051753682e-03 6.256448655763220401e-01 1.514586005958313386e+00
7.892997326030312677e-03 8.157384973135703987e-01 1.312313370479222918e+00
3.714187444703628826e-03 1.073236824912188858e+00 2.158427901454380127e+00
1.184311693940097443e-02 4.465000161145153967e-01 9.934311013429271142e-01
7.852366710070154965e-03 1.004806962776878088e+00 5.940281060142700298e-01
9.578222861113525055e-03 5.693512844835124653e-01 1.517411677826323135e+00
6.604459983449037508e-03 1.111570442601741426e+00 7.265669371698697532e-01
1.239163158216692595e-02 3.775587516548553069e-01 1.014951904274645322e+00
1.129283246578692557e-02 2.567560755095597003e-01 1.947432359868989771e+00
3.481529270030633838e-03 1.102786569707613573e+00 2.146069004066226249e+00
3.790687074044160609e-03 1.310503823638149434e+00 1.188581626290534210e+00
1.207803329330957298e-02 4.088198171344741283e-01 1.033599461178773105e+00
7.338930739545598825e-03 7.944522134123372936e-01 1.638528492695463079e+00
7.732162041283671683e-03 1.004294345127713761e+00 6.491819695757845565e-01
5.230967756556167969e-03 8.907409248604762908e-01 2.196467501702918490e+00
9.988416615013803734e-03 7.721942726323431927e-01 5.584147541324631092e-01
5.940419132361637877e-03 7.295614601109177144e-01 2.503442210796584355e+00
5.522255798723438303e-03 8.898570033407180446e-01 2.071240195177003862e+00
1.000438551000169818e-02 6.400378344573551814e-01 1.060493933902868058e+00
1.060641665556381896e-02 3.028609212503594605e-01 2.074027477592898627e+00
1.423182380739694552e-02 4.747213010952133772e-02 1.449301840309764167e+00
4.767625316332999019e-03 1.086981170764476978e+00 1.637446215057003052e+00
6.656477943877678327e-03 7.556664241442190288e-01 2.088213481846927344e+00
5.087662822115576744e-03 1.152030322307214583e+00 1.239719016959958786e+00
1.174352873688021270e-02 4.203365294540359898e-01 1.136061147095339230e+00
5.817858687678353902e-03 6.590972707527908980e-01 2.826094714532138674e+00
8.404161747892144319e-03 6.297526188654911650e-01 1.801948309396130377e+00
9.415071131073524113e-03 5.467114894823721372e-01 1.675013935879980487e+00
4.309973787439122517e-03 1.110075654897971553e+00 1.749841755663871901e+00
6.576277645292324947e-03 8.609355468269326295e-01 1.717926703119949217e+00
2.337387008449862136e-03 1.341238079066044087e+00 1.714074549777754974e+00
9.963387627758377163e-03 3.754889536761707447e-01 2.082191090699871516e+00
3.084408093364618408e-03 1.075638909363216378e+00 2.428487339588804694e+00
4.558230356079703838e-03 9.646157251487919027e-01 2.207639935340643511e+00
1.192153677580463922e-02 2.907110398259531436e-01 1.546708586403872765e+00
1.148358200390285633e-02 4.458270492362812476e-01 1.153064201624267149e+00
8.513754577070251073e-03 6.116319692325502544e-01 1.822974066985529440e+00
9.038252152087852820e-03 4.876062713159852180e-01 2.063981199734860716e+00
8.680147404493396279e-03 7.409313367975753906e-01 1.254520398290359218e+00
7.939054522631980304e-03 7.775601150099005210e-01 1.439429284865318515e+00
8.048891579155767473e-03 7.005901236925025088e-01 1.687028460968426735e+00
3.567794232371176988e-03 1.258953584174007823e+00 1.492552512101929629e+00
9.117047482645065926e-03 6.346182737687611208e-01 1.470554981326237076e+00
8.329644914775488629e-03 5.677854504026766946e-01 2.070511199243518341e+00
3.210800002402799946e-03 1.110790197210508090e+00 2.234926938527059370e+00
4.345263281519393117e-03 1.021600710217479779e+00 2.080229714758352166e+00
9.096176597058622249e-03 6.169523831939782710e-01 1.547209856262703020e+00
7.234511929108275452e-03 9.940082760451671717e-01 9.094860987754378456e-01
4.649180270555816619e-03 9.129405583998488893e-01 2.367686571143329921e+00
6.835198515115478712e-03 8.263922233517702054e-01 1.737247832404668735e+00
1.114071296221195995e-02 5.339910787985742147e-01 9.678990107072911186e-01
3.240146160898280114e-03 1.137569432618266596e+00 2.116918092988277600e+00
2.957798432539612832e-03 1.331577326906042025e+00 1.475843193943268794e+00
1.242044935203266698e-02 2.957295035366227509e-01 1.310609623931575207e+00
2.719922921933778936e-03 1.201291964984011251e+00 2.097665481287839917e+00
7.116019767991463296e-03 8.527162965044139398e-01 1.511693740858397028e+00
5.926648140763698946e-03 7.895959962295391321e-01 2.279374670445625917e+00
5.866008365758110243e-03 9.576681079302629129e-01 1.656267548241607379e+00
2.431583146245905325e-03 1.376726086545832395e+00 1.530657302161990252e+00
3.524394664920701969e-03 1.038776214548835064e+00 2.377089912702820662e+00
1.018211921254051633e-02 3.392647025602455457e-01 2.122669800905547355e+00
4.159671088291280738e-03 1.055123310371373968e+00 2.031658110007021456e+00
4.322351658306064492e-03 1.255303905523443397e+00 1.171291055808516113e+00
1.648209335757808147e-03 1.203515096084308844e+00 2.565980840591072898e+00
1.017219743606366522e-02 5.357190418434383261e-01 1.385285064128331634e+00
4.297608563894925182e-03 1.234043115837404336e+00 1.266581385583342545e+00
7.073667993006224619e-03 9.254226016835387369e-01 1.248204061795525455e+00
1.913644186178772855e-03 1.237613462151041510e+00 2.313460587906212673e+00
4.677857357027956353e-03 8.285238582928782236e-01 2.680525711887333351e+00
7.870654299150556255e-03 8.664022157774935451e-01 1.125913172245495808e+00
6.319806332817243244e-03 8.100720386319890665e-01 2.027338753720974829e+00
8.931867142641811141e-03 5.904341778228525683e-01 1.720391055138612124e+00
1.106362310400831050e-02 4.160952619694624488e-01 1.448982690016726416e+00
2.249774295247364275e-05 1.512044499570197154e+00 2.066742359345645319e+00
7.033919200115298920e-03 8.654691898655384463e-01 1.498520026938982674e+00
5.819488135117109606e-03 1.041438575835715419e+00 1.349854063237081014e+00
5.339356906658085378e-03 8.965448806607865251e-01 2.126144973112579883e+00
4.419846227358678603e-03 1.142425519421290225e+00 1.573965846913558231e+00
6.255629560023220903e-03 1.016159614585329329e+00 1.255751575062482139e+00
8.482681897843943886e-03 6.995797811517290299e-01 1.500275675138602161e+00
1.187403595323686945e-02 2.804848123737100352e-01 1.605711531394653058e+00
6.990471438399800674e-03 9.522768417080724745e-01 1.180345196102556393e+00
6.798729715597459644e-03 8.446584343433611863e-01 1.682764006725611772e+00
4.380043616517878546e-03 9.519079302010124977e-01 2.335789230786750714e+00
6.095708102837091302e-03 7.777995718309353990e-01 2.250195492547041987e+00
6.649888075542217947e-03 8.095857013690332948e-01 1.883742667547998018e+00
6.387563657411207685e-03 9.590762575352114183e-01 1.420253063086824419e+00
7.626927185355167338e-03 6.174385740617394092e-01 2.189953003455335612e+00
4.424864964343785956e-03 1.148171438542507694e+00 1.549124754055674735e+00
1.980724172830336527e-03 1.141331546879771786e+00 2.661994001369555995e+00
5.637188476598317677e-03 7.993104815870877289e-01 2.369630826201578166e+00
3.193664181212127473e-03 1.296683244496235510e+00 1.509461441254422276e+00
1.025698858390820811e-02 4.723962734185276346e-01 1.588509214757471533e+00
1.101288220683814545e-02 3.613808043164139505e-01 1.677352578080053114e+00
1.364875408713094040e-02 5.859138745955316807e-02 1.660773217967210336e+00
8.610914876257078077e-03 5.519628200865751566e-01 2.007320676079237920e+00
5.103632905267704856e-03 8.383151141340503543e-01 2.454948606463964289e+00
6.358561646433766312e-03 7.951806445829943115e-01 2.067581282843071300e+00
3.457466764355973665e-03 1.155303401789363527e+00 1.950716073603834921e+00
7.140942572160788315e-03 8.759175361160087547e-01 1.410820041476916309e+00
5.016989506429467283e-03 7.867060453706953282e-01 2.691446683388753591e+00
6.505637385588389221e-03 8.128223640894018942e-01 1.934840303028130926e+00
1.280111666419690708e-02 3.540446964282351061e-01 9.251607318784556000e-01
5.525368329709498538e-03 1.052429098240135197e+00 1.437058711365899022e+00
1.158576728446135407e-02 3.978072217217940576e-01 1.290110803883243840e+00
8.731848707761322159e-03 6.164791100167219540e-01 1.708823168367394452e+00
1.050868483476273541e-02 5.511827527497557000e-01 1.179073957766767045e+00
3.807175996453845968e-03 1.187070319296153365e+00 1.670245321251264237e+00
7.126034257172050856e-03 7.904381443895145409e-01 1.747758502090383637e+00
6.256784501200360338e-03 8.449311690931535779e-01 1.920701210500801004e+00
6.576277645292324947e-03 9.308413359778695551e-01 1.446779286699075406e+00
2.892585085003104850e-03 1.241403271715081580e+00 1.862550921030396545e+00
4.554675866599619538e-03 1.017493804670468016e+00 2.003482601881365177e+00
2.202223814914278099e-04 1.460049965753301926e+00 2.186451756134110802e+00
2.023500743459125117e-03 1.373059967108633650e+00 1.727438880366000795e+00
3.752966411981611961e-04 1.520492711616465265e+00 1.874678998756500015e+00
8.910095199261433563e-03 5.875533658927549752e-01 1.740907323062976353e+00
3.339901867554048720e-03 1.100151280958800548e+00 2.219255752755208810e+00
1.208625010645102138e-02 3.734427431352598248e-01 1.163716017663680269e+00
8.996736084214571050e-03 7.307060527093751645e-01 1.154698279660528293e+00
4.286650941261876957e-04 1.511720796306959436e+00 1.886001511310346324e+00
1.036494346384030096e-02 3.576881573210952681e-01 1.973839088739601344e+00
9.369807545198990950e-03 6.795771596450803642e-01 1.187359141030845500e+00
2.534097572341006965e-03 1.344043802397197673e+00 1.615162134008662598e+00
7.116698690248987602e-03 7.819029921728413157e-01 1.784737910409581296e+00
1.069918829760029000e-02 3.913519874829303191e-01 1.701410710193733244e+00
6.641726009565113165e-04 1.256851028430101103e+00 2.794703890117921752e+00
6.062694574452270890e-04 1.544309168968186263e+00 1.675345122854358770e+00
2.594608041634013929e-03 1.342277370490093880e+00 1.595204135174561166e+00
2.253581693754877491e-03 1.239723928119079055e+00 2.153710187754504624e+00
9.210450177948956152e-03 7.889812785371033144e-01 8.357442138994093384e-01
1.304485368609618889e-02 1.275820193950591985e-01 1.666983096819342869e+00
1.021142115140115381e-02 4.815618596277770891e-01 1.573719592195465644e+00
1.020161017992636532e-02 3.855228228075473496e-01 1.940518057503061833e+00
6.762722809406360169e-03 9.529314354189635239e-01 1.278415414023547747e+00
8.082060485746431211e-03 7.628532426616940754e-01 1.433171038170903522e+00
