8.205965779488344491e-07 2.320676651450437333e-02
1.383084337440443345e-07 2.176202822202109033e-01
1.060437862182423557e-03 1.858285621469946136e-05
2.329507807600703084e-05 1.578379111947558755e-02
5.466643353931391336e-05 3.283421938534480944e-03
3.731433181182811087e-05 3.560978677939807824e-03
1.026527250743217157e-05 1.757142339442996359e-02
1.825774536664166725e-04 4.819727692497721705e-04
6.927989448050550503e-05 8.010426736868581088e-04
2.340695590004673865e-05 1.558392085612947398e-02
