1.573654192269123217e-03 1.356560365172927440e-01 4.368586112739936134e-02
2.537754167400412680e-04 2.299301468168013507e-01 2.587619333923629750e-01
1.422918037084662177e-03 9.440742691125647568e-02 2.714508452297781371e-01
3.277769054886286310e-04 8.056802982481370279e-02 8.096315898914230313e-01
1.129439956490561545e-03 1.906331167139851956e-02 6.939450227105925517e-01
1.407874089864256592e-03 1.401675767135830419e-01 9.939498922143630288e-02
1.041802970357883981e-03 1.045069540378267270e-01 4.006245662593943546e-01
7.789643676679430112e-04 1.994522490360242095e-01 1.456095374734178716e-01
9.838500614361804508e-05 2.893157570107791621e-01 9.387517829772096256e-02
8.295216883203431618e-04 2.335089251215149986e-02 8.098044393594949764e-01
1.479276279836847993e-03 1.190225391183785675e-02 5.672195273275082439e-01
8.197590398409376061e-04 1.234598325778821781e-01 4.249402106410105073e-01
7.898674622580075660e-04 8.087170042400115832e-02 6.040839239616235812e-01
1.028069491722499035e-04 2.575084166954186848e-01 2.172746077690834721e-01
2.632506172209319456e-04 2.262837638387256156e-01 2.688862308529127443e-01
2.633531167686662885e-03 5.183688919632611913e-03 8.387190294143809233e-02
2.856676065359758238e-04 1.960866650642318909e-01 3.774436341328157862e-01
7.135184119400599795e-04 4.766552619959751880e-02 7.668183878178058688e-01
2.565825672646680419e-03 1.496320843959919600e-02 7.576809542491846905e-02
7.608174346792045267e-04 1.445537203191125109e-01 3.686524325153317516e-01
1.401673197205353591e-03 7.007002380690208199e-02 3.756354451432020181e-01
1.558566649129660558e-04 1.001439737644491679e-01 8.095844783512251563e-01
2.238487626174383988e-04 1.582484710842524400e-01 5.529284262509281955e-01
1.683828820269015966e-03 1.061667953710982992e-01 1.102012471994118226e-01
2.065545852827904011e-04 2.398970047838946407e-01 2.405301611625521030e-01
1.754964553526248625e-03 1.081198132498246700e-01 7.111822231543274420e-02
1.703201847055356086e-03 9.318150589443119358e-02 1.523096084209629719e-01
1.107310176509610986e-03 3.974620263540940002e-02 6.235341067964828010e-01
1.099586307105769253e-03 1.248096854666473909e-01 2.958437604146968436e-01
2.560605499366817514e-03 3.623972216862680895e-02 4.644816933209172660e-03
3.863625250313789533e-04 2.577078319491863390e-01 9.065916948053032165e-02
2.196091182798780295e-05 2.691912685107413772e-01 2.071511701729622512e-01
2.123559623241897884e-03 3.415027892983202307e-02 1.964333615749314088e-01
5.043539098186760467e-04 1.201277807850997803e-02 9.973182246138623253e-01
1.748955227157105580e-04 1.999737674034238744e-01 4.113107901168422398e-01
4.149601450381106699e-04 2.097457176834285342e-01 2.665546190952017280e-01
8.677989888273267977e-04 1.340446698182478080e-01 3.623541569627508618e-01
7.325532799301020387e-04 4.038914892521061617e-02 7.866245380197500747e-01
2.501371261326488724e-03 1.838845602708572002e-02 9.090564205621265437e-02
1.090539484573325654e-03 4.982774184376692617e-02 5.918144670436464860e-01
1.947366509720103653e-03 5.504401747417686508e-02 1.929909819423147876e-01
9.565331574881690696e-04 1.050949696996172911e-01 4.360511064776051438e-01
1.585742059202753171e-03 2.380350317158841378e-02 4.740738027997781767e-01
3.989510225493701767e-05 2.024787421762641593e-01 4.613437371612139071e-01
1.133366643704390372e-03 1.812210805229415023e-01 6.011954916132711269e-02
2.130269372422831028e-03 6.062119153127865090e-02 9.048463826196839754e-02
2.096279176244495931e-03 7.487774937793600927e-02 4.995197601679879362e-02
8.287648768282012551e-04 2.055334643894286550e-01 9.966547362559086132e-02
1.772276245176894124e-03 3.825248137367820433e-02 3.356117789214596581e-01
5.109240486617268318e-05 1.310665195467453081e-01 7.807878127879053221e-01
1.211746076085033763e-05 1.921797123472006597e-01 5.140103297444642561e-01
5.172805982462010121e-05 2.459436208238900967e-01 3.313509021797489407e-01
9.539084618150409089e-06 1.556299234197626724e-01 6.665481828664343578e-01
1.467216555345372472e-03 1.074419609198176140e-01 2.010168651989363564e-01
1.581152975098474786e-03 6.217489328777103808e-02 3.270385778633755347e-01
1.939406163914240977e-05 2.947950709081537113e-02 1.144057870085858353e+00
3.245182722705179656e-05 2.159383912656975824e-02 1.168780930257965478e+00
1.092899291824083602e-04 6.866342771305822268e-02 9.524982270739446033e-01
2.710948305445319562e-05 1.151918477501072680e-01 8.080050127994542475e-01
2.390474837542564887e-03 2.178082661881175497e-02 1.266699142734484251e-01
1.025503628520328323e-03 4.976515666892877832e-02 6.207959492134296209e-01
4.328753144691704219e-04 2.330413960568509246e-01 1.670971592881176360e-01
5.156748438353547098e-04 4.408247365921935668e-02 8.681539149677763856e-01
1.753621633069633520e-03 3.115316618953611894e-02 3.714216295409034085e-01
1.573889136610882519e-03 9.507331662534879158e-02 2.021022444535691687e-01
2.197449025021485508e-04 2.111465325138754956e-01 3.476089640900414945e-01
3.436041172769060265e-04 2.342378868562233762e-02 1.024201385696342781e+00
1.590324186257428482e-03 1.267990343945260001e-01 7.094920157335482536e-02
7.730347949899667864e-04 2.868753765397569211e-02 8.140874791425989354e-01
1.424462670955027252e-03 1.837872344378466138e-02 5.663213240568143458e-01
1.423142920626672622e-03 1.556961178478846186e-01 3.185070493380126599e-02
9.390755634247453798e-05 2.244724474817902937e-01 3.511071926822484368e-01
4.129599144493938806e-04 5.490620578297322751e-02 8.715882074909575561e-01
2.020353167727067384e-04 9.547097263334647366e-02 8.073263512634543115e-01
2.464529221100613537e-04 9.642761713657987954e-02 7.839515723733103680e-01
2.776174978136852073e-04 1.801764701437593708e-01 4.433363549664892655e-01
1.527289513480410352e-03 7.862691383988673621e-02 2.868018074697420428e-01
1.743220354304240646e-03 1.173062047523845131e-01 4.042305585137628832e-02
1.685412066612639731e-04 1.432288926906681858e-01 6.360842803177735316e-01
4.858771091012497462e-04 2.059337764829960449e-02 9.722906058481572966e-01
1.338445306059475245e-03 8.753093324495209160e-02 3.355997350013939506e-01
8.170422422773531562e-04 7.384274427667758545e-03 8.771132395728631348e-01
3.558771241346340986e-05 1.686617428123287077e-01 5.956330587289204725e-01
5.249907541199534677e-05 5.178866286661643059e-02 1.089480101721774785e+00
5.247563624183500253e-05 3.066244925938543808e-01 9.254216419876004629e-02
6.733945770443488382e-04 9.319334592276673490e-02 6.076546599469867527e-01
1.062087874298010479e-03 1.312854957180067395e-01 2.871438851911267687e-01
4.129599144493938806e-04 1.239330829731204453e-01 6.031412028261928793e-01
2.524396991801496765e-04 1.434782085021626408e-01 5.979558073514812389e-01
1.194899355189625242e-03 1.102613947389730065e-01 3.104616444489483040e-01
1.004219769597023901e-03 2.078842328544570073e-01 1.267190390997430249e-02
2.132669472279507400e-04 1.920106324945183296e-01 4.255085013512871495e-01
1.151829297515503600e-03 7.771558242072540423e-03 7.277843573946529698e-01
1.673465909433567364e-03 2.827331787738129876e-02 4.179952611161030784e-01
9.219459641681120726e-04 9.148742236238005532e-02 5.043624844809346808e-01
6.871440476970396699e-04 4.652252112937871331e-02 7.829082265043740829e-01
1.038105874618109811e-03 1.763126954284959247e-01 1.215586850448591161e-01
8.447129945932645850e-04 2.941447839852484591e-02 7.796047656632498768e-01
1.427601673561094617e-03 1.283050418648161717e-01 1.370533106732085837e-01
1.489229627303521528e-03 1.121456253571753159e-01 1.729194236778386351e-01
3.290264503730804674e-04 6.549582574009660263e-02 8.676117657387993898e-01
6.630777397205727536e-04 1.788319676481537890e-01 2.778126134862890506e-01
2.452746771071639270e-04 2.525517661828149407e-01 1.735650681369083070e-01
1.466939801101628180e-03 1.066100272239185465e-01 2.043860922047702200e-01
2.431258918314509881e-04 2.172055424793657430e-01 3.134619202001676097e-01
1.649037140511842511e-03 4.557928343831774143e-02 3.615751301125402772e-01
7.928410256695089114e-04 2.087531920601963797e-01 1.029430414040166664e-01
1.306574547681998294e-04 2.429890818293034549e-01 2.620429064213414261e-01
6.062446561654871030e-04 1.635270505457415702e-01 3.629077919616452430e-01
4.682741362105873745e-04 1.052910729617724250e-01 6.513033681361679594e-01
2.552855608606128743e-03 1.046745969960083400e-02 9.895225031378518388e-02
7.300136883306423269e-04 1.701565640235673804e-01 2.821389032774834771e-01
6.539949764113300174e-04 1.597617242778741620e-01 3.564901211775850509e-01
9.645545808206583416e-05 1.310851298066668669e-01 7.153785375329835272e-01
6.266444623542581638e-05 1.104386458724664344e-01 8.107704289920281138e-01
2.146318967673198005e-03 2.214301004176233434e-02 2.330326065884225084e-01
7.507325444784922891e-04 1.583566623069816437e-01 3.191459128466778150e-01
2.312190872227320310e-04 7.914941313462575678e-02 8.578542697116364746e-01
9.688190360790920747e-04 1.265461456405421181e-01 3.469287408591259503e-01
1.368352627093614646e-03 1.120557978002212351e-02 7.056268548341637636e-01
4.141692601609663765e-04 1.968516961435713419e-01 3.174868193003976824e-01
5.404186092017853466e-04 5.870236472314216414e-02 8.005103494994603164e-01
8.156608717169704786e-04 9.528900510131022017e-02 5.365681500722263575e-01
4.277865302849109125e-04 3.746956841017690110e-02 9.326236995467229729e-01
8.967574629697820654e-05 2.577186778971696235e-01 2.222744829436595904e-01
1.274856619714324554e-03 1.131157433852609806e-01 2.639544054304099330e-01
1.230929247706940427e-04 2.902240617538427436e-01 7.931926037706094057e-02
1.648895862353337224e-03 1.191995675418229261e-01 7.474394125708161418e-02
3.082819974380961864e-04 7.456898754389440498e-02 8.415591606138395075e-01
7.594232934105531879e-04 1.373685928666392719e-01 3.973425587858503416e-01
1.435248271773046855e-03 1.541782123308355068e-03 6.387168796239695023e-01
2.987483511394644492e-04 1.737648018219064561e-01 4.590685926522997118e-01
1.394564521912054419e-03 1.151013620560976669e-01 2.032508099979668525e-01
3.011026173836400116e-04 1.127677807511946462e-01 6.961644826042590051e-01
1.867020571658049508e-03 3.223255641859434917e-03 4.297009132416451660e-01
1.543370327862945632e-03 9.103857980562990448e-02 2.313282346570122439e-01
1.011237873331625667e-03 9.961071479828431663e-02 4.332280634016416609e-01
2.461892865567359354e-03 3.803713160340560506e-03 1.649548758931718151e-01
1.420659282392487330e-03 6.100350861852943396e-02 4.025135482512343099e-01
9.273934478025141342e-04 1.393777619189893180e-01 3.151398929906423785e-01
6.888760499618000466e-05 2.401799475913040105e-01 3.004931505339658582e-01
1.754262235681479029e-03 5.583755794659905902e-02 2.752083539932204115e-01
1.033936241639481918e-04 9.214164950924752517e-02 8.639191066642115668e-01
8.577917221633240413e-04 1.344683959697792197e-01 3.651285024277217683e-01
4.427126139521769116e-04 2.181465659853318861e-01 2.212670904009417239e-01
1.685613738987621832e-03 9.091223867276010395e-03 4.870264841577653936e-01
1.690388158221041437e-05 2.707987548485450979e-01 2.180712812291563107e-01
1.645175672787600393e-03 7.983563795466164237e-03 5.091685633116316279e-01
1.168806189539904269e-03 1.404671127799619335e-01 2.040275241640177040e-01
3.398909329124771145e-04 1.737655255553849365e-01 4.408366473531788454e-01
7.507040036807549610e-07 2.133431932420069010e-01 4.361004881532426491e-01
5.977502472324664612e-04 3.916448573301312130e-01 1.746897075350917206e-03
4.762599188088949970e-04 6.701291387291830048e-02 7.966164924557250782e-01
5.340695243807851850e-04 2.205661705712205212e-01 1.712553167806152299e-01
3.259066948809157677e-04 2.582776298762357037e-01 1.152411812824272186e-01
1.831012526023299489e-03 1.938927647548949196e-02 3.829101723565730975e-01
1.512203031678814244e-03 6.228696919112319819e-03 5.746632065748247253e-01
1.049728098492073644e-03 3.772651328451415154e-02 6.568085140071378003e-01
2.574522064425819809e-03 4.356387680668927231e-03 1.131177782922765385e-01
9.785278702714710758e-04 2.144215741861499325e-02 7.513803194491674997e-01
1.912355626088988944e-03 8.943480911204515493e-02 7.446662198844822278e-02
1.876152220896374831e-03 1.002859400423719016e-01 4.812288746855020172e-02
9.394911344057406410e-05 9.849088358131607990e-02 9.265685674838397556e-01
4.477021677756938545e-05 1.599002132306739377e-01 6.654780556525696777e-01
8.646935518011305416e-04 1.342210865753830085e-01 3.630396019361359361e-01
6.729715771250349005e-04 1.672167381866347391e-01 3.189137964690746951e-01
1.886372530523870369e-03 7.399288151936955771e-02 1.461551562137219928e-01
2.028427226652956133e-04 9.124437507361760069e-02 8.234042991332291006e-01
1.341503664069874577e-03 2.478622971855370949e-02 5.781139673801038992e-01
1.449182164069471798e-03 9.147994756210975353e-02 2.712504096604806403e-01
1.071580352974259992e-04 2.132597971957355121e-01 3.892406058253061740e-01
1.356231138605555261e-03 1.715315665900791764e-01 5.830662524186625006e-04
7.358674395925839801e-04 1.918622232709981112e-01 1.944857033213753805e-01
2.105523003568792600e-04 2.426849541251416831e-01 2.277928336160772727e-01
1.277143892830566105e-03 8.710803243357956305e-02 3.643505282668246803e-01
1.540935735828306494e-03 5.674870489787364747e-02 3.659132103334872266e-01
8.894404137987747816e-05 1.781685431359920635e-01 5.348059775217695044e-01
2.753051709428171873e-04 1.896321060266390468e-01 4.073300627225495685e-01
1.688283896061735720e-03 5.017097851336727032e-02 3.263913377177363184e-01
2.562698470517430979e-03 1.574670142359080316e-02 7.410446578425822217e-02
8.025695496519085620e-04 2.291635786906200956e-01 1.840475014553422106e-02
2.273920363263220307e-04 2.610969064978081455e-01 1.478547151825881922e-01
6.893351892299209166e-04 1.747396309996775976e-01 2.822104110145307043e-01
1.009758552002635798e-03 1.945383353270488946e-01 6.262714628938570449e-02
5.594278680374747265e-04 9.035319501460348235e-02 6.691185240484276431e-01
1.434961726747117569e-03 1.402250804617284352e-01 8.718266396520735206e-02
1.012321592745389284e-03 1.596074350027794075e-01 1.984162030391434239e-01
1.000012526859049219e-03 1.369206488982430692e-01 2.925990498639652326e-01
1.394296237534673952e-03 1.528741234361024048e-01 5.567174405378128021e-02
4.514145418735276277e-04 1.250222181597808735e-01 5.818721382292568745e-01
3.719511984606911625e-05 2.897575705566057813e-01 1.523385338199989558e-01
1.038457967961479642e-03 1.593732649948225166e-01 1.877601710008025560e-01
9.494574698803420060e-04 1.807056523703240991e-01 1.436039671126809747e-01
5.017665850609760725e-05 2.964371441797974960e-01 1.317458828633977230e-01
1.560507917816087928e-03 1.473552134790483414e-01 3.714927970291936887e-03
1.190836392495784810e-03 1.924822447988421281e-01 9.526971467509470770e-03
1.102578594675272458e-03 1.449333407173756250e-01 2.158754806703899742e-01
2.130381715003624651e-03 2.812261843395758021e-02 2.168431222238342837e-01
1.626844679024462212e-03 3.001210067403858872e-02 4.318337523034887493e-01
2.045628198020397678e-03 3.913846868332182538e-03 3.482037644833713141e-01
1.393851882389105998e-03 3.847502268402136494e-02 5.018866032538216171e-01
1.208124574934741832e-03 1.827276496598129185e-02 6.622600165487557700e-01
1.884209080961927671e-03 9.498963096386869864e-03 3.977883682922811470e-01
2.414539024053139957e-03 4.046531435421085732e-02 4.340154857750522233e-02
2.154756957425894501e-03 6.202553652572673215e-02 7.419771166752187064e-02
3.963485164855656134e-04 6.419423297230819614e-02 8.428942303692099625e-01
9.118256105511961945e-04 1.566345133947169010e-01 2.545499686375041204e-01
9.471512394073049873e-04 8.623280169377833815e-02 5.136722727808507027e-01
1.081711999607657890e-03 1.920079219219306133e-01 4.067976186483579504e-02
3.657619996982313521e-04 2.193105504448342735e-01 2.508162011633874311e-01
1.757747837995591797e-03 5.331152620508161633e-02 2.834937131517267783e-01
5.136483359880466421e-04 2.081850745893407684e-01 2.289301087164818949e-01
8.749155870280671959e-04 1.465526030774486621e-01 3.103255152871742251e-01
1.848672955860495778e-03 1.846782022356618924e-02 3.786888675257660264e-01
2.117456982791142070e-03 6.841098012693036523e-02 6.579924300403550141e-02
1.567316720626764012e-03 1.408293703598064717e-01 2.624754516709404406e-02
1.566708437761353198e-03 9.439096205737085299e-02 2.079382371415039454e-01
1.399031598259808246e-04 2.599572916627894692e-01 1.911699411334655263e-01
1.903393873324442029e-03 8.193783819813260649e-02 1.076662087663737832e-01
1.765455054106022589e-03 4.727945497145524811e-02 3.035440121085730691e-01
2.226633923387675781e-03 4.271157924540913697e-02 1.176322403581753218e-01
5.329451276664572135e-05 2.562992793410105996e-01 2.913127930321468551e-01
1.835639716186108703e-03 9.490594618062031529e-02 8.703248629345128329e-02
9.439942114003278817e-05 2.621211745528415626e-01 2.028445175406534684e-01
1.843795705329718745e-03 5.707539282738194331e-02 2.308390556571982000e-01
3.125877840499056634e-03 1.868279010825535380e-03 1.059281019370683641e-01
2.011727143985285113e-03 1.854399946669804677e-03 3.855208774927365578e-01
1.837741208445651739e-03 1.337584952339510025e-02 4.032654780205280343e-01
2.423001025182057108e-03 4.358942083016215108e-02 2.750823199022423005e-02
9.952707580057045672e-04 5.123920830760253509e-02 6.284333112687778833e-01
9.930579559561097253e-04 8.103824105969037461e-02 5.135891653345214802e-01
8.845379914109146452e-04 1.604364527621018333e-01 2.517544348648204089e-01
1.147745027356537537e-03 1.730501931370329594e-01 8.578884244812345905e-02
1.338580749545679668e-03 9.326601148174118450e-02 3.131915916220140428e-01
1.980101258015230445e-03 8.699457856070846873e-03 3.585660128916134948e-01
6.248619547682791875e-05 2.104364690095681389e-01 4.201250959675195684e-01
1.009852519247509892e-03 2.124999821822259882e-01 7.963031001027021105e-03
2.610203227161598735e-03 1.493925233903636851e-02 5.627819447120319118e-02
2.046110885268568810e-03 6.717726850424865503e-02 1.021275933469911745e-01
1.668922282661631715e-03 1.108737929609335815e-01 9.841290893049747801e-02
1.839132755791448789e-03 1.109657245595019326e-01 2.278127926054085428e-02
2.240767013343579125e-03 1.996195362358887948e-02 1.998126444642156496e-01
2.697365384853931888e-03 1.773337195011093215e-02 6.957942974777919787e-03
1.705337544767813671e-03 3.639087499844873008e-03 4.994467376352662580e-01
1.985323664626391024e-03 1.045751294349801519e-01 1.689502809547716033e-02
2.412200520692851444e-03 1.386048749796087165e-02 1.478445808752570922e-01
6.401469810620157713e-04 7.308206805683026275e-02 7.005735129785495285e-01
1.445855837467311875e-03 1.222762373122523449e-01 1.525375319599919788e-01
2.431484794695846705e-03 7.858116362779998809e-03 2.236009681467254762e-01
1.743025544230612442e-03 8.516436182956566014e-02 1.659685019924939109e-01
4.770533203677911754e-04 2.213400365591726704e-01 1.934959407147818222e-01
2.559534593813249034e-03 2.171706371012360748e-02 5.230192782583631406e-02
2.778360420368884351e-03 8.727229437706096604e-03 6.213127254638406427e-03
3.259681173554405606e-03 1.543105930505550560e-03 1.662048923383718790e-01
2.500672848188499262e-03 4.392445810651990357e-02 8.091335885326289556e-03
1.542741376551469076e-03 8.801572696593096268e-02 2.433899211711565425e-01
1.942318679052422101e-03 7.995352549567069644e-03 3.779713144808016789e-01
5.443690906828373838e-04 2.675012968317918016e-01 1.805123574989520030e-02
2.362141313459629674e-03 5.685673174491112647e-02 2.727274621533437582e-03
1.935727990645839600e-03 7.231463977015151201e-02 1.308845418188286924e-01
2.570586299667275074e-03 5.093150366686227670e-03 1.119943979609405726e-01
1.633013761542399453e-03 9.862736889019485531e-02 1.620966796209433181e-01
1.958724394319820081e-03 7.045591562714603739e-02 1.279650143998611878e-01
1.624378161694082709e-03 1.632228618395314967e-02 4.860284094873879024e-01
2.843465544860422287e-03 2.921696986685429209e-03 3.925364211343485010e-05
1.180881205972204515e-03 1.049520996566672970e-01 3.373718933010383392e-01
7.039754545255499235e-04 2.376351364322846216e-01 2.879363641426269105e-02
1.250775800214097219e-03 8.245880826036566802e-02 3.941148044253128813e-01
1.641590995674234096e-03 8.746115790595920814e-02 2.018528237767458489e-01
1.512231776196247199e-03 5.204341078430330114e-02 3.968874955859991172e-01
1.836985707326915102e-04 3.014086525632921898e-01 8.243655332761390397e-03
2.113026339544630747e-03 7.024299997632565962e-02 6.061755368520382881e-02
2.356106730990790640e-03 4.693564475442446593e-03 2.445844831293431110e-01
2.646487914250759618e-03 2.046274065658648666e-02 1.880201763050481922e-02
1.872799141434287537e-03 3.115182773135982686e-02 3.188025809397021515e-01
1.829192256002625666e-04 2.757134766437263629e-01 1.099955426631271660e-01
1.763343844526938514e-04 3.241219238940646896e-01 7.842094050509618164e-02
1.799307433137107767e-03 1.235315022150547115e-01 8.720774981513246260e-03
6.379864204433798730e-04 1.147577677616342662e-01 5.393208732655085935e-01
8.299386561872439810e-04 1.871410131050370573e-01 1.713197116185927182e-01
2.039071260392875604e-03 6.132623027329753285e-03 3.424945169590631888e-01
1.984741574673263773e-03 7.442991018007516502e-02 1.009834948892762707e-01
9.736871162784859618e-04 1.861392987851391290e-01 1.115632010005629393e-01
1.882738168977491841e-03 2.491800219273043737e-02 3.386184824369553592e-01
2.312866116726928697e-03 4.348114620895016103e-02 7.656055699733488318e-02
1.300162643956879679e-03 1.137764579929796405e-01 2.501813922098239384e-01
1.714389227893518483e-03 5.898463847669743743e-02 2.805811608219943576e-01
3.923171770068827752e-04 2.769798236378266942e-01 1.205034148050176945e-02
1.654014525522660636e-03 1.067295254974385266e-01 1.211884538226815078e-01
2.594924856000267385e-03 2.823800781196705856e-03 1.100649102561124248e-01
1.689288846705326239e-03 1.157419649464972444e-01 7.038863844151310722e-02
2.550647765686307397e-03 1.575147293512513258e-02 7.940381971842103148e-02
1.872774599823765970e-03 3.753503792278278794e-02 2.940175395424649007e-01
1.473767613857921918e-03 1.465336997175401557e-01 4.532030954649601817e-02
2.255999580105970057e-03 6.698972644505429841e-02 1.013086301583032700e-02
2.547359693556404056e-03 2.431869631741845339e-02 4.756317769455509215e-02
1.175100424665230167e-03 1.850376614534172681e-01 2.666190897229969714e-02
5.564146373205330204e-04 2.652425380395615484e-01 1.449069063987562522e-02
2.377058899693916191e-03 3.904879409060724171e-02 6.546081140477499893e-02
1.134494335663092587e-03 1.505740867395988225e-01 1.796807910651654350e-01
