1.608954987765184863e-02 2.813031232889899869e-01
3.794310758065549960e-03 1.294816046124531717e+00
6.410584256498069733e-03 1.101798219573116633e+00
3.037272671827934145e-03 1.360536622327892964e+00
1.625776745999563122e-04 1.625988879292202149e+00
6.681533783257948000e-03 1.088172093978426069e+00
7.340022153041053654e-03 9.638940512362959012e-01
3.651903200282607953e-03 1.315811140168290372e+00
4.212702669073226103e-03 1.286446576774474160e+00
1.127465339756691942e-02 6.922062433776767776e-01
6.766169101608071612e-03 1.024776638208735768e+00
6.292613278587627645e-03 1.130947519367642151e+00
7.912234845869087208e-03 9.284337700943483540e-01
2.796241333931276385e-03 1.390037811514841515e+00
3.347866799979781760e-06 1.783754656538815375e+00
1.473800686089729584e-02 4.009649530281444996e-01
9.656894262518783689e-03 7.931425708364843175e-01
8.706246855301164045e-03 8.764237814744406663e-01
3.531152692143962879e-03 1.338325909120595902e+00
1.695256052354074394e-02 2.388266826391545194e-01
1.130578839959903159e-02 6.904085734918483652e-01
2.303027798198326037e-03 1.550543968660254457e+00
6.231236430173647811e-05 1.702443446954139183e+00
5.465031494186173289e-03 1.190863672585259714e+00
1.412262070771627687e-02 4.793412679287856193e-01
1.236272934888035802e-02 6.295729310583526583e-01
1.854806324335830925e-02 1.180743453777752805e-01
1.888719182550999132e-02 5.513380016503166559e-02
1.723619743714485675e-02 1.812782100917518235e-01
1.879003683359178889e-02 9.437257008061639141e-02
1.123271396602995575e-02 7.426938122319706181e-01
1.633737197637261107e-02 2.652491382917654406e-01
1.995397380195559900e-02 1.756314125346403188e-02
1.205669603681777668e-02 6.855947232299763883e-01
1.437818422337741597e-02 4.334499098777628845e-01
1.676718662006554394e-03 1.584001583198802798e+00
1.992670740569610355e-02 1.825953013585479567e-02
1.347027876339443320e-02 5.242094474251368652e-01
1.330200746105589249e-02 5.289798022419001100e-01
1.573733041423783230e-02 3.376046921696387315e-01
1.233953786960692578e-02 6.501182597686439024e-01
1.255327980391071629e-02 6.048071727533832487e-01
1.539535019885060474e-02 3.584544157168858547e-01
1.565917281373471748e-02 3.550041555525540460e-01
2.576860179310330734e-03 1.543468656350879264e+00
1.308008015448433592e-02 5.614465959243561954e-01
2.101725343021462744e-02 4.018213689187533078e-04
1.608300202029375181e-02 3.165570293110642197e-01
1.207635755418887125e-02 6.691852854636382020e-01
1.536022942740772335e-03 1.588772891076385640e+00
1.101544566502485334e-02 7.435934640115151595e-01
2.262881705061808857e-03 1.577915350900288338e+00
2.068423268588800989e-02 5.449846772186184296e-03
2.649793202640998713e-03 1.522139714095989582e+00
1.296779539898948452e-02 5.864490930774346467e-01
5.389024596394315081e-03 1.247375624904635494e+00
2.769374759530290886e-03 1.465214071672112262e+00
9.508623987616954265e-03 8.564917693312894542e-01
1.686882218628024677e-02 2.531722059394967417e-01
5.238336208475552480e-03 1.253322560576660472e+00
1.203518316946469713e-02 6.885175075081706453e-01
1.254611992357765327e-02 6.146277184338062582e-01
6.277413046795271567e-03 1.139603972823121758e+00
1.064206874231873878e-02 7.481333871205544384e-01
1.811516111510155791e-02 1.512782587104632981e-01
2.012914695763343143e-02 8.762211522602036951e-03
2.052086297075558785e-02 6.547589869513537053e-03
2.037837550627494276e-02 7.069592141264458007e-03
1.035047971790967192e-02 7.831588815211398824e-01
1.258634301486957763e-02 5.874598236991923628e-01
1.842035939386962862e-02 1.241064897890078456e-01
8.655266150932233726e-03 9.153333830504708502e-01
2.059928238003380652e-02 6.176925590845705472e-03
1.392993663729399922e-02 4.794085023464313977e-01
