6.398948454238695405e-02 1.201456524836749251e-01
4.103316359760666998e-01 7.435863762413563727e-03
1.385047963746073307e-01 8.370611283613160758e-03
2.988200551885017653e+00 7.835417409640665909e-05
1.542199630264029508e-03 8.601135730158268045e-01
2.403253677457595217e-02 2.180501929241137615e-01
1.977235161512869155e-02 4.627241180595439429e-01
7.410478685345722738e-04 1.900885739745238112e+00
1.661468149198095823e+00 1.330711323924704814e-04
8.466752188724084860e-01 1.522691585652213853e-03
4.611447868977434084e-01 2.247641939487121654e-03
7.602579857729274693e-03 4.953891880106516821e-01
5.185946086249337839e-03 5.249284280595708507e-01
