3.137849245294244832e-05 6.844142267854902428e-03
4.631798632458508647e-07 1.989825557888340590e-01
1.670799916661013310e-04 1.167751919521453630e-03
3.737760054890503295e-04 2.463269119661326556e-04
2.230338061647973297e-05 1.448232861794140902e-02
2.109476253782209543e-06 9.517326773238865556e-02
9.669768847748831664e-06 1.738910817390459940e-02
3.690662864940198393e-04 1.133841775850630285e-03
4.182321049155286741e-06 3.733202003016033999e-02
1.054800401111234340e-04 6.357612313823590711e-03
5.995907973348375830e-06 1.742509386542367977e-02
