4.659452480698066112e-04 1.840336441979465443e-01
3.975312365296877759e-04 2.501453021529235210e-01
2.113627763813356181e-03 1.540556980979290724e-02
6.421477935733589659e-04 2.442751754932059871e-02
6.131885619816427463e-03 6.670485095335854098e-04
3.297609108181057819e-03 6.990354173076140931e-03
2.787712459767152651e-05 5.027561151578444631e-01
8.164634370654236944e-03 2.443620997846229770e-04
1.901406323109172680e-06 6.230008011495661302e-01
9.562604941665622804e-05 2.698409967866913783e-01
3.829972700503284783e-03 4.481659823290740086e-03
4.801556727689285792e-03 3.484513934971844584e-03
7.189869432940147048e-03 3.141852218598861768e-04
