2.152201249897105033e-03 1.663970697161231138e+00 3.163737711585793422e-01
3.475802664199205243e-03 1.245670557937996969e+00 1.373205145392700999e+00
1.078350450049890032e-02 7.490219257839874079e-01 1.221289077365509401e-01
1.842484802185560475e-02 7.660792459091170237e-02 5.354650100188126371e-01
1.123379577909598172e-02 5.660634848474386249e-01 6.683481084643131398e-01
1.120325797693209370e-02 4.956607372034567138e-01 9.723273941931279696e-01
3.583920429321744809e-03 1.312842751494754490e+00 1.059132858993136139e+00
1.110071627210216551e-02 7.501747232376827501e-01 2.416422061847522951e-02
3.704135250035360798e-04 1.880295606075433890e+00 2.647697892803205777e-01
2.500766832640425978e-03 1.667786899961141822e+00 1.488441297232993010e-01
5.248921376816743749e-03 1.130840841717768663e+00 1.045966481741244181e+00
8.912684191115996871e-03 9.233659520264210219e-01 2.511900654271085331e-01
1.123379577909598172e-02 6.371928846041667871e-01 3.766190654406057492e-01
1.148796005575712133e-02 5.166462524814774415e-01 7.579749348555379074e-01
2.293735543157187067e-04 1.917218139923958953e+00 1.854766315421000344e-01
3.781587804105405841e-03 1.354027288763609116e+00 8.093442027446809961e-01
9.100257292195916819e-04 1.656572035826014977e+00 8.897016834938523688e-01
8.180333791534247570e-03 1.059534533389763888e+00 3.106508444476052677e-02
5.369155810429608426e-03 1.214966931735821598e+00 6.579345365163772330e-01
8.302412177482823910e-03 1.059829978000747852e+00 2.426753398408887374e-02
7.645085322191417891e-03 1.019948500233925026e+00 4.268006574268793374e-01
1.374231720144856485e-02 4.620773366974211260e-01 2.865214479668221070e-02
1.123379577909598172e-02 7.082061992786050642e-01 8.691264027377887391e-02
1.166183508326865993e-02 5.432539196057410980e-01 5.703841609951735281e-01
3.713019845605218354e-03 1.433635575064242440e+00 5.268048597248889964e-01
3.583845067163897273e-03 1.517829492911394462e+00 2.548129399126378702e-01
7.445237613311154849e-03 1.106734711801456550e+00 1.689294737080740960e-01
2.697192226357207449e-03 1.585746730446848440e+00 3.802745326739068732e-01
7.007303404906943360e-03 1.072016474272649456e+00 5.015232915484927334e-01
1.196090700314104581e-03 1.865925272132562762e+00 4.084004180568168163e-02
1.973931636072332949e-02 4.703321722179665265e-02 6.099082499495852572e-01
7.961681008774406081e-04 1.598733639810246965e+00 1.164516868073816269e+00
1.413757508370381590e-02 4.163224195791868087e-01 1.732551540746551932e-02
4.868834708184510869e-05 1.955190153034435108e+00 1.622152870953056381e-01
9.295558095598714914e-04 1.862459321942443902e+00 8.876290835332956153e-02
1.695428173525063585e-03 1.675202536966443612e+00 4.731880473343023086e-01
1.096192071264854608e-02 6.681540691710934343e-01 3.716824221214080071e-01
7.788293825394569485e-03 1.064496402256194907e+00 1.851699496412476664e-01
9.022052889651004364e-04 1.743220273974051659e+00 5.581458304409762095e-01
5.757668387516660762e-03 1.328834169632854278e+00 3.674826045548063025e-02
8.043664486347948742e-03 1.033945765370054781e+00 1.938767382336107348e-01
9.087233019259713732e-03 9.180943045045515394e-01 1.947523025585110590e-01
1.256282069681517342e-03 1.839470926049179278e+00 3.390014531704654832e-02
1.960786952683622394e-02 1.233307893249802056e-02 8.013222566429919480e-01
5.205390248793610557e-03 1.195515353812522941e+00 8.076062946955301358e-01
3.538420017190606164e-03 1.565040147709927831e+00 9.125661501160042821e-02
1.439784798219693627e-03 1.833270794908442136e+00 2.256210405021075172e-02
1.504105758714333919e-02 3.907846379152728478e-01 3.181009650246710008e-01
6.838047687742581076e-04 1.846687144355554588e+00 2.563796082167028034e-01
1.336203857076518915e-04 1.768305958779242681e+00 9.148810856704995276e-01
2.576625036333472611e-03 1.660527453802983056e+00 1.436213333058004027e-01
1.562816139333043572e-02 3.201661328058789113e-01 2.897965438080393197e-01
1.045036428109489580e-02 7.789573301162333596e-01 1.493593228099269199e-01
4.786600737140859867e-03 1.372787424637883058e+00 2.923878644330938359e-01
9.412642488468606419e-03 9.253938671866193122e-01 2.064794312219764283e-02
2.342425452097241130e-05 1.974799199050037979e+00 7.671382485754751901e-02
3.646700294052766626e-03 1.453304616403704452e+00 4.790043590080143021e-01
1.631510666395368219e-04 1.927701262974215846e+00 1.744342458007378527e-01
1.851111202360681716e-03 1.731484326008113195e+00 1.879241182338501348e-01
2.952758842817797529e-04 1.964185265825056925e+00 2.186691263622886350e-02
6.221537172347506132e-03 1.136406303967289810e+00 5.929400109292385368e-01
2.056566049619433165e-02 1.283237424084981981e-03 1.189965605047534680e+00
1.743958244878627759e-02 1.047474942495283390e-01 2.075192300211500251e-01
2.251549050906058273e-03 1.648340291335897101e+00 3.332491295049192503e-01
2.824750752339992392e-03 1.467624070513144696e+00 7.847503680797399683e-01
1.883339210008894322e-05 2.178134213321937906e+00 6.912247310179128190e-01
6.443222164181898297e-03 1.181593596213195818e+00 3.151836614826334371e-01
7.185365388901780552e-03 1.108187453197763128e+00 2.783115262926242339e-01
1.149875596760694708e-02 6.625226642891119955e-01 1.546158567008274476e-01
1.631510666395368219e-04 1.852053073376813908e+00 4.632891250700891250e-01
2.407823547789631966e-02 1.050044389886428675e-03 2.780888394368746575e+00
1.109944251401738004e-02 7.063849115772014020e-01 1.543548918060492214e-01
1.534414040138607806e-02 3.268547652908095902e-01 1.895915626076191129e-01
5.097826767509010086e-03 1.350747488412542774e+00 2.417120246718110765e-01
9.523454124962008396e-03 9.073562865405284672e-01 4.386483360364767936e-02
5.811678638515375799e-03 1.161541214369043340e+00 6.743771138669655274e-01
8.831936209580762767e-03 9.420413036143477914e-01 2.120165916512332105e-01
8.942011077196035732e-03 9.724730253939510849e-01 4.096469240900380004e-02
1.086644931067113663e-02 6.797785180662698767e-01 3.669144337460875649e-01
1.449526207657296766e-04 1.839294288523062315e+00 5.201216006706613770e-01
1.220700741974332405e-02 6.069011611040038279e-01 6.495890277798654910e-02
3.399306476794354808e-04 1.935086109031258994e+00 6.923870195295311891e-02
1.739267161658040670e-02 2.063080814599713708e-01 6.120232850503856126e-01
7.419621060604101974e-03 1.096250487773693161e+00 2.220344995674264910e-01
9.532662219704260767e-03 8.938710260860374124e-01 9.403954788703405843e-02
9.029099415170474888e-03 8.636401056118450104e-01 4.401621615977672208e-01
2.194276246834288031e-04 1.914399779074562824e+00 3.920236480277720093e-01
9.408666819099391603e-04 1.857585102587562043e+00 1.024411067990752544e-01
8.657196705312600674e-03 9.711617299210841825e-01 1.727902133991802147e-01
1.168178260184469554e-02 6.292148292174764013e-01 2.087947998059417332e-01
2.172464651609233403e-03 1.643415495189023412e+00 3.869863770229057254e-01
1.208527329998274925e-02 6.109234343808884748e-01 1.030061566243870574e-01
1.703809364632545217e-02 2.470734755041752440e-01 6.218461503053037687e-01
1.169279212587801854e-02 6.528648846145783669e-01 1.072450797351490737e-01
1.220466344317514863e-02 5.805162192409538680e-01 1.740776825516247017e-01
3.352533845570641706e-03 1.533637703300959609e+00 2.949470695044579260e-01
1.253612069572327715e-02 5.841826000225174287e-01 1.056453111794841693e-02
5.014382685030609015e-03 1.413121140973137679e+00 3.396933010294678201e-02
8.669979728803437272e-03 9.845504203096473450e-01 1.134392352344218979e-01
9.110859670774721156e-03 8.777222592396454193e-01 3.468993955766689341e-01
9.886708572710326340e-03 8.423176238981915365e-01 1.442816423537732762e-01
6.398316468098501179e-03 1.128309751826235052e+00 5.468837365298054864e-01
2.996164005223604480e-03 1.634736391373833309e+00 5.931117287070553079e-02
2.628256016363054830e-03 1.651275554918937738e+00 1.567238330817969372e-01
5.963181939992279017e-05 1.985535926802617590e+00 2.045198662744551754e-04
1.242167735300656918e-02 5.943478620134554635e-01 2.020210367299857257e-02
4.618458389376671296e-03 1.475090943263344778e+00 3.368534679359125317e-02
8.271745976473824161e-03 1.036090927179399879e+00 8.407887938269997807e-02
6.632479757546975822e-03 1.177900388005680421e+00 2.460825102232303552e-01
1.100118169676076764e-02 7.099367496925472754e-01 1.837998438492985942e-01
6.723223289821537822e-03 1.096169002681291582e+00 5.310472060120600135e-01
6.217657095425747731e-03 1.298031264012953878e+00 4.514411203230561664e-02
1.449472990911119695e-03 1.806803164527833738e+00 7.447462302878993246e-02
1.077800880107580329e-02 7.823921902634458636e-01 1.073423898559322520e-02
4.249484720265632280e-03 1.426446937751057797e+00 3.187083211908384728e-01
1.705458125765372699e-03 1.789390026030061032e+00 2.927795125957122213e-02
1.179033041986275211e-02 6.113171170957285572e-01 2.334387390371387427e-01
8.396554534336278866e-03 9.901592877732119380e-01 2.124316968028364672e-01
4.278572943778184527e-03 1.514345491416575706e+00 3.702444363872980926e-02
9.219104977265616188e-03 9.467318791170582504e-01 2.103181272226894993e-02
2.612154688714988897e-03 1.666863638727887897e+00 1.035864499137187922e-01
7.749988969392811004e-03 1.064577832416072178e+00 2.018350381116232883e-01
1.853375477511613354e-03 1.775210755669297535e+00 1.895519147852386954e-02
2.400543735653774650e-03 1.727153508567822238e+00 3.594149436173832424e-02
7.513623067426626438e-03 1.062196403714368964e+00 3.161829522199025577e-01
2.330046433834036083e-03 1.739869880464971041e+00 5.394714100083486397e-02
1.296181406690941930e-02 5.531431837618738800e-01 5.297580896750442303e-02
8.018296234091984789e-03 1.064682465190165184e+00 8.241003996049134361e-02
3.138205346084203644e-03 1.618901722752040806e+00 5.823784527401987265e-02
2.481465635417716246e-03 1.597279822513817615e+00 4.302133241849884771e-01
5.919662302377596934e-03 1.285619806241092400e+00 1.353035079424939058e-01
3.887049125608425630e-03 1.431757135283183269e+00 4.575256940940289896e-01
1.923282752477193866e-02 5.467961113635966264e-02 8.095965023082259959e-01
6.418186366049942297e-03 1.248986318584483834e+00 5.956671638572974548e-02
9.016413129480297176e-03 9.664257721438700433e-01 3.213955595670203724e-02
1.987824951998655269e-03 1.683184699492470182e+00 3.142029414372286000e-01
1.624668373157981847e-03 1.781916104455005589e+00 9.326117257672994487e-02
4.636811832502400581e-03 1.465479068803636986e+00 4.291475127674249102e-03
6.609140256726524047e-03 1.184548732457619602e+00 2.300454107192121400e-01
2.411593828591333637e-03 1.717495815170648976e+00 3.642335223107084907e-03
1.946246498751434337e-02 4.671720434396875454e-02 8.802849836712186571e-01
3.798295785370868743e-04 1.877894591592740747e+00 2.698295546749688301e-01
9.924665748900477272e-03 8.506270026273823337e-01 9.381922223441396813e-02
1.176427990345561315e-02 6.690275365634035243e-01 9.341922298430671567e-03
8.503248552264012008e-03 9.880293141987392946e-01 1.735708318457921395e-01
3.323893387792801850e-03 1.585809614109001453e+00 1.048972286897634776e-01
1.351333052864765218e-02 5.314377277736552774e-01 2.112364366153104411e-01
2.041272729173536013e-02 3.126539960857988021e-03 1.101819314638762037e+00
5.009623169768699473e-03 1.361958135327858921e+00 2.365749226901084912e-01
1.057289895734945563e-02 7.211677176112571974e-01 3.294021640214720437e-01
3.499589268132412105e-03 1.425861281736770403e+00 6.512729289392763521e-01
1.171403963236803715e-02 6.560540147248643539e-01 8.472501345474203749e-02
4.505479940994687287e-03 1.479275016164179002e+00 2.897407689647080176e-04
1.624668373157981847e-03 1.706912589471661912e+00 3.817480035583412645e-01
5.462310021008036191e-03 1.208707491631477504e+00 6.415682577069629078e-01
8.710356680450097571e-04 1.844243530809050791e+00 1.839382293415906533e-01
1.700091881434782556e-02 2.768871460207213975e-01 7.291293051397803593e-01
7.818413446096610358e-04 1.807843413230904028e+00 3.623430552714649311e-01
3.377711162414013916e-03 1.570844555854995273e+00 1.393076955216924206e-01
3.761349893902847345e-03 1.543066716733788590e+00 7.864808367118147903e-02
9.161211349268042273e-03 8.773628909660138309e-01 3.259321760021675063e-01
3.646331130013206849e-03 1.538394461771529942e+00 1.473412122033704863e-01
5.836154891861271114e-03 1.265539190954873883e+00 2.513906171497507502e-01
1.199610444372532260e-02 6.396096982118477658e-01 2.566176485176019373e-02
3.430544062381617014e-03 1.548933313803365630e+00 2.011884634473785072e-01
5.835805661778418856e-03 1.335201184189506174e+00 2.273560418500319980e-02
5.522295683028958894e-03 1.288300308815527595e+00 3.002073006521880361e-01
9.425311550860441048e-03 8.815876489209613087e-01 1.913149168852027460e-01
6.468922962776606483e-04 1.805747427079522405e+00 4.293868252765645765e-01
1.175598720733248871e-02 6.090455207902307766e-01 2.581141393239630988e-01
3.488160408330757793e-03 1.485940574548776150e+00 4.212238242141222999e-01
7.374167750741271281e-03 1.036750006695593251e+00 4.797848432950627684e-01
2.033857522900399221e-03 1.693105060770476067e+00 2.557509321695886628e-01
9.296352589626114341e-03 8.145107816148622337e-01 5.198831926082317922e-01
5.967753166988813522e-03 1.322570194969023172e+00 3.133329213552993320e-02
7.112556239932769746e-03 1.169637608733806511e+00 6.637863069927452120e-02
2.135221105478128482e-03 1.662344770980622721e+00 3.301017231638195826e-01
4.305254479822977036e-03 1.432963474395135828e+00 2.686484659459990043e-01
3.159676117947300515e-03 1.577943477772349334e+00 2.075013717164023719e-01
3.326874537025607641e-03 1.579100463596452508e+00 1.296022827143287204e-01
7.085053351297147632e-03 1.174479471460790458e+00 5.935729157216773633e-02
3.540908391402401538e-03 1.528725319866437227e+00 2.312742281549288181e-01
1.903745788106573798e-03 1.687070134771899044e+00 3.360471023756997910e-01
3.755588991000351033e-03 1.577263415546801051e+00 5.150004312567257880e-02
6.013046475039844456e-03 1.289899746281802928e+00 7.720536237842001714e-02
1.231403842800602756e-02 5.386257180111668763e-01 2.970597065860528518e-01
1.917311265988467682e-03 1.677894529405014490e+00 3.655341995043795977e-01
7.499836534944774417e-03 1.131443010911615810e+00 4.648153559537437918e-02
1.022280320907296459e-02 7.962749205452814838e-01 1.806935178935146213e-01
3.556211102883048529e-03 1.544916609592340118e+00 1.615880359934732668e-01
5.513439190164985508e-03 1.304855701099418619e+00 2.388679022392762308e-01
2.677793160528167508e-03 1.626939389688706550e+00 2.291105562439225141e-01
1.088265387073981440e-02 6.869345926699266247e-01 3.304794340291420385e-01
5.849756737716742521e-04 1.834130505179933701e+00 3.476261128365490949e-01
4.683580200224505934e-03 1.441844099631330645e+00 6.736656385784389744e-02
8.292612195847074222e-03 1.018614846261917117e+00 1.446703601706770259e-01
1.235898856934734315e-02 5.960645666034365409e-01 4.125144507292877183e-02
8.838736076512069065e-03 9.783466966850495883e-01 6.331755983589293368e-02
7.905570699305400698e-03 1.101259642463892741e+00 1.330293146422600881e-02
2.761205125741054804e-03 1.620222810511945832e+00 2.185184020756151257e-01
1.269878885671075651e-03 1.834028590318615537e+00 4.876704715557711456e-02
2.541834386958967233e-03 1.663836703958329943e+00 1.460936838869156817e-01
1.384341431587258640e-03 1.768688807974042598e+00 2.491542555684970184e-01
9.191703897649209157e-03 9.471432201621345914e-01 3.156413485116449369e-02
5.148318847436809780e-03 1.357615581176295771e+00 1.924683005577901840e-01
5.623147195088255661e-03 1.344931000934464160e+00 3.286509163829809399e-02
4.153843825608331645e-03 1.450832327268918087e+00 2.654368982209246441e-01
1.104148674608816140e-02 7.054403839832643630e-01 1.840951373036273653e-01
6.220822131451457342e-03 1.172080999961592207e+00 4.513687992577201102e-01
8.181941873705004045e-03 1.036051557325917694e+00 1.240919730680315469e-01
7.569311807489524473e-03 1.137877725328598766e+00 9.846445228434919095e-03
7.510064138062082055e-03 1.087878393096607832e+00 2.153023558505521295e-01
7.393030429411621800e-03 1.158548085956914386e+00 1.380562881961278077e-02
3.925162820715959004e-03 1.403944653648706131e+00 5.497672556556790768e-01
6.939723874106222372e-03 1.217182336504875062e+00 4.536287096391500295e-02
2.111134293800904799e-04 1.895277644244180104e+00 4.613988248552073346e-01
7.736154922030928464e-03 1.077209939310910025e+00 1.575841772219758186e-01
9.703462049844827422e-03 9.064715640720868439e-01 3.267913067154093465e-02
3.386844896974698475e-03 1.562482912880574171e+00 1.677517718783986256e-01
8.606813509603997506e-03 9.761790663719998040e-01 1.750580633430712796e-01
4.366568710699052051e-03 1.334957213518761288e+00 6.264181224067170151e-01
1.309042235363631380e-02 5.437678266247465420e-01 7.217014078952554978e-02
1.206127355017703497e-02 5.450247018250620190e-01 3.840590577875372391e-01
2.956714163253363996e-03 1.545396617117722693e+00 4.231244319729779990e-01
1.358932900677587742e-02 4.988254622393937243e-01 1.113259547223196533e-01
1.499211410598925596e-03 1.746083310616674433e+00 2.857914999378988741e-01
9.552082359320682517e-03 8.539997298977957119e-01 2.461750809619315250e-01
8.490005433479533639e-03 9.999291150868556688e-01 1.317911886748516226e-01
7.092378645455070345e-03 1.150271162532588543e+00 1.521523035145958547e-01
9.797899196316775874e-03 8.995483009003264474e-01 4.686190484433605530e-02
3.892963858821411709e-03 1.510490225393374297e+00 1.474935911474642980e-01
5.609655193860012094e-03 1.330347571475114288e+00 9.610425779344045072e-02
7.404986619912827354e-03 1.090467628026564606e+00 2.515659570379239485e-01
6.979147754160512467e-03 1.195743460402928671e+00 2.199437827401429235e-02
6.628822385751779837e-03 1.226056414992966248e+00 5.703118537654294773e-02
1.146764235581463655e-02 7.008439803083048592e-01 1.237359274442273449e-02
7.707426462558046414e-03 1.101886368364246360e+00 7.202579775979078835e-02
3.863395839996934360e-03 1.474452811811728603e+00 3.009917028309542220e-01
2.765242795791360113e-03 1.687013081937854375e+00 4.118887095009593491e-02
1.034043559132145386e-02 8.131569778917635549e-01 5.991348525158290972e-02
2.989718063228989468e-03 1.618028000994803373e+00 1.267611091891877040e-01
9.438247744388819985e-03 8.965880044995826470e-01 1.251217097362326003e-01
3.979175914171166444e-03 1.452946048473753970e+00 3.340583913618059286e-01
4.101208826565265302e-03 1.505988502407012541e+00 7.346206514747966043e-02
5.783106988488810433e-03 1.340969980575066112e+00 2.213954884281743585e-02
1.320113540361387595e-02 5.374917872062516810e-01 9.605801967941995922e-02
1.419243490279979312e-03 1.744804895082870511e+00 3.257116679049102403e-01
1.124076754533274471e-02 7.144716211817352391e-01 5.831147253866053592e-02
1.092752997212030099e-02 7.650091955699507285e-01 7.019321899820130106e-03
9.994954668943492951e-03 8.702746030598922378e-01 1.672896091710807109e-02
3.724525606455068687e-03 1.519067417433140443e+00 1.881523849272196403e-01
5.036012734281651408e-03 1.402346101940784573e+00 6.660293749804513386e-02
8.778003057017683478e-03 9.699354613524830970e-01 1.240223475743943427e-01
3.635244777233185946e-03 1.514135708889823073e+00 2.466011082159395018e-01
7.331808042957836495e-03 1.105816255822175131e+00 2.228553193474295258e-01
6.532550983025835027e-03 1.226723253992253015e+00 9.695812247586677035e-02
1.141646062047627953e-02 6.622482476026461118e-01 1.925393078195140051e-01
8.277086837198169636e-03 1.001192177649079307e+00 2.212953443279400689e-01
4.547968469115408301e-03 1.431269561571048010e+00 1.684003061680653390e-01
1.286770551296288236e-02 5.541855736256009468e-01 1.506317551870661742e-02
8.445933816760601079e-03 1.035768291872562807e+00 8.060330424312422970e-03
1.215447260154637775e-03 1.794855693261821594e+00 2.225789063256781164e-01
4.089690544514894104e-03 1.531520773723491269e+00 2.076631485613400496e-02
8.799091399452433140e-03 9.011420863035175532e-01 3.912192828571773306e-01
9.541908662013913727e-04 1.849987926586619702e+00 1.256525757641339114e-01
9.157687018567653783e-03 9.584543196794632625e-01 1.308639253222776411e-03
4.887899432796975578e-03 1.351246012433355626e+00 3.323381623764146697e-01
6.728934832426407102e-03 1.174050631210759699e+00 2.186662987709678818e-01
2.387836676322345301e-03 1.706724769968465560e+00 4.821140247224608988e-02
1.959274252239604983e-02 4.206849513383859041e-02 9.198457686956248436e-01
5.581737713277172379e-03 1.371807970966101076e+00 5.429402425390772446e-02
6.303389128250884259e-03 1.275809728881333038e+00 4.495643891656908586e-03
3.893009392433847797e-03 1.512243154698884817e+00 1.406496242899050175e-01
3.313602382555495655e-03 1.602984160493809762e+00 4.288077835093251355e-02
1.121351182951555760e-02 7.472343299827406415e-01 6.259438267746186835e-02
4.881510483436750196e-03 1.391637311967391932e+00 1.766226246906069663e-01
1.158734357857069998e-02 7.002828887769807498e-01 3.883898363922522190e-02
2.344721174938095391e-03 1.624049565412795326e+00 3.864191049546531476e-01
1.137484268491093832e-02 7.133913886726814813e-01 2.803190370682995258e-03
8.839371494820927669e-03 9.789305203266407407e-01 6.069587524366515385e-02
7.816752163005239243e-03 1.085482993772606486e+00 8.887657114799030200e-02
6.159486169235099499e-03 1.229492104454676715e+00 2.509410256355107949e-01
1.140005267848474314e-02 6.194113961580589578e-01 3.749936961749381625e-01
7.814817473201987955e-03 1.051884759423268756e+00 2.237500506170545522e-01
4.818439601045314095e-03 1.429053235520937770e+00 5.796843509167903807e-02
6.745448962815574039e-03 1.225661672710727013e+00 7.028694141778868421e-03
4.417167944147796892e-03 1.505327757203217098e+00 6.288208572917308725e-02
7.984205542603576081e-03 1.065674276837265788e+00 9.357535625114909994e-02
2.844169803770872466e-03 1.665064979395650235e+00 8.835587506309861006e-03
8.689948171939335456e-03 8.857326417199529178e-01 5.019479590933554336e-01
5.572823195716207750e-04 1.881798695613851047e+00 1.774553175156637908e-01
8.542361873735896186e-03 1.025668320936306666e+00 5.601129276526006784e-03
1.659555153476442377e-02 3.046323482058979071e-01 6.614679490524951744e-01
4.049960325350303141e-03 1.442952582389450678e+00 3.419764572856235363e-01
6.508909595579463574e-03 1.213349628644080136e+00 1.603043837322229992e-01
6.523085325200943078e-03 1.248904907436211298e+00 1.353201952356475335e-02
1.186691754246569676e-02 6.190955150443946398e-01 1.673231069144646144e-01
8.135092243447087160e-03 1.079881122375132785e+00 2.996053925918029659e-02
5.400604828361447833e-03 1.375015506674584609e+00 1.298172999612579037e-02
7.691572975231801383e-03 1.048909760282859205e+00 2.903145518131947656e-01
