2.378724555270089053e-03 1.308765588548980840e+00
5.709634816330005219e-03 7.314404601383458493e-01
1.111050023934022010e-02 3.352440831149735567e-01
1.039687929486952586e-02 4.527988192621720254e-01
7.710269138548535989e-03 7.309249385175050628e-01
1.281185154137074941e-02 4.477127494571819799e-02
1.399705218749090416e-02 3.406994004033803147e-02
6.338779053024663768e-04 1.938952911881601349e+00
1.183253780103675143e-02 1.880355617069980889e-01
1.572462562668329109e-02 1.232551309366980430e-02
2.155884054504713515e-03 1.454144588483971656e+00
1.476069948047036701e-03 1.571166383708417325e+00
8.500430349530456453e-04 1.781308393648445954e+00
1.089530316721174993e-02 4.074017307444407487e-01
1.076041487862631693e-02 4.439163293605915550e-01
8.077013874361813062e-05 2.458535901207711927e+00
5.566801679129578656e-03 1.173362379731388128e+00
1.559246508417242924e-02 2.390745034563079852e-02
8.771095542051337429e-03 5.563021436324518953e-01
5.661021338191001701e-03 1.103294583247178107e+00
9.546998583209603123e-03 4.675456565586429969e-01
1.197324572230838366e-02 6.116440023288449712e-02
1.129363354458399679e-02 2.956294836505876100e-01
9.133633842771753802e-03 4.966028398043406122e-01
1.124025173550023335e-02 3.256971678591910058e-01
8.403530868441460439e-03 6.173500445847409646e-01
1.063563181466773908e-02 4.525143897719360320e-01
3.246233514494139411e-03 1.253435216483013814e+00
4.901039013833190933e-03 1.197234675662998793e+00
1.930541973406972242e-02 3.829868592460150545e-03
2.271002847050205761e-02 2.197106924724301358e-03
2.123227742483356148e-02 2.794746461090347189e-03
8.222323227880905250e-04 1.877434600901510375e+00
1.927125658700555230e-02 4.793713872528804210e-03
1.828870969222893758e-02 4.898834137394225685e-03
2.048619974960134982e-04 1.973905522920533340e+00
