2.215100754658118343e-04 3.629599408501305025e-02 1.102893530162737390e-01
5.443715467924638285e-04 3.360357270669411811e-03 9.480936719885224573e-02
1.868169851479174748e-04 6.836651280108141382e-02 3.684605916053018682e-03
5.281173454211099405e-05 6.751736850963807601e-02 6.525797353386397770e-02
3.196164870954733284e-04 4.212729078800647731e-02 4.539382171347827732e-02
3.940153724701113414e-04 1.688050797468021447e-02 1.089173754199243005e-01
2.935900867104025702e-04 4.876135702711492659e-02 3.154744145422572199e-02
1.211478490738306102e-04 5.158311871723653130e-02 9.595490507638604338e-02
4.131297602782170453e-04 2.844695075711156651e-02 5.661289529203716864e-02
3.301937377417109298e-04 3.986955826535576453e-02 4.935888039237912306e-02
5.888174574969796959e-04 1.924862104189328793e-02 1.500330890866397038e-02
6.698781692788015329e-04 7.466920397878440419e-03 2.446641377158076391e-02
3.087798087394767743e-04 1.266424837995272501e-02 1.621155128573156246e-01
5.310705688316465223e-04 3.136221297233687810e-02 5.857028393133956179e-03
4.084020855272020578e-04 1.123262556316562133e-03 1.626130792861210095e-01
2.609629766953426577e-04 6.149263235830759733e-03 2.077644829369126311e-01
1.558359129087173722e-04 1.740920903425247079e-02 2.107340483049177093e-01
9.461876861852416831e-05 6.246099954867345705e-02 6.622975596623692507e-02
5.048175749592688499e-04 2.445223579579602902e-02 3.183590329132701680e-02
1.569146819175061547e-04 4.699133300161817406e-02 9.780761831112616544e-02
3.246335296875103860e-04 3.035345545454914973e-02 8.793339578122416622e-02
1.902348594510529234e-04 1.846821300038770097e-03 2.549936821301520551e-01
3.190008012557768446e-05 3.154571908033843020e-02 2.109762783398457797e-01
9.545281720338763543e-05 2.724189830690859626e-02 1.996455178648978146e-01
3.496599125895373528e-04 5.128064716777613885e-02 2.436612191981990527e-03
1.588129610055957763e-05 4.183311501836028956e-02 1.788493874174753584e-01
1.266756666710479318e-04 1.584266566575520674e-02 2.294089501136261644e-01
8.260280182114422554e-04 4.473318284108684928e-03 1.812956202687732166e-03
3.721143896397195727e-04 3.986385680257298336e-02 3.111611235371813944e-02
1.039013951952584558e-04 4.540132144923758606e-02 1.269422797085048016e-01
3.433298323548862607e-04 2.329978666858478764e-02 1.065983199998362663e-01
8.156345201807205236e-05 4.168735773658183152e-02 1.507838247907108409e-01
3.402434151965928744e-04 1.878588828711669212e-02 1.251094251466219331e-01
3.530588243473610499e-04 4.326932447930842418e-02 2.648813602273836221e-02
4.981340251512290929e-04 1.958832484617956116e-02 5.323682648341676593e-02
5.209086789383123028e-04 4.559776394462589089e-03 1.004744578292678936e-01
2.791300999288905127e-04 3.662890564981025054e-02 8.391709104731492896e-02
9.377504589550347824e-05 7.660341154793270935e-02 1.297682448363335350e-02
5.384031165293380605e-04 2.448647636135758976e-02 1.706886287084674603e-02
6.023126279766990998e-05 7.183353791231594787e-02 4.566114737567150694e-02
1.578490310890946768e-04 2.248020370441550231e-02 1.905614190824030940e-01
2.567939526751140955e-04 3.131637802949127636e-02 1.138374400052873936e-01
3.027007817099393316e-04 5.819509883208395795e-02 8.212949221512499953e-03
3.060076450159612826e-05 8.830931061305291596e-02 3.864641219205933176e-03
6.467517664168059843e-06 2.587850206878938852e-02 2.492565977878377081e-01
4.055028076980007889e-05 5.812475309162279391e-02 1.062320865360141253e-01
1.587903143557591046e-04 7.605514361428744596e-02 1.325173031755977338e-02
6.415305030028940758e-04 1.884925035689077877e-02 6.453577563231616132e-03
9.914527601927181077e-07 8.769981567014595303e-02 1.219501598032823875e-02
2.660131800597299867e-04 4.277146594968128657e-02 6.630137198637331419e-02
1.562350291225735044e-04 5.510275954523946584e-02 6.731175998435279251e-02
2.665780056666823550e-04 4.197227113375545660e-02 6.909025075276875594e-02
7.299893272702286107e-04 8.157275351591275481e-04 2.356207332443094327e-02
1.747276517928587902e-04 4.463256627649470065e-02 9.900459010598072762e-02
1.674397279855278919e-04 7.539643450330102414e-02 1.452160484955922204e-02
3.754366686631628591e-04 8.298103803210055140e-03 1.496717451702130885e-01
6.628238301024415302e-04 1.191788432525398012e-02 1.061468308559543328e-02
3.244294462879972196e-04 5.712251753736963256e-02 1.360831844426624304e-02
6.384065860906319723e-04 1.392852420145074266e-02 1.361329472661398921e-02
7.094773007426981304e-04 4.607564311983614047e-04 3.736281710178335214e-02
5.197537115950862097e-06 6.435283661145929646e-02 9.799711626573415213e-02
1.449307877280512497e-03 7.533557075584995655e-02 2.788355967087152720e-05
1.272361074612683718e-04 7.949712965724542446e-02 1.255475909342973484e-02
7.299559478025942350e-04 4.693361525650474597e-03 8.824762572917310699e-03
3.365976685822148762e-04 3.730653691176100129e-02 5.630288613136602560e-02
4.073639240011889262e-06 4.156653503080731671e-02 1.885575066465213778e-01
1.669773735701075845e-04 6.085067431530133408e-02 4.082483436075168282e-02
3.406419667194883483e-04 5.455056652671841366e-02 1.091397693987172790e-02
6.820472814498060310e-05 1.587770338123406511e-03 3.091981284414265785e-01
2.950799248357151294e-04 8.882745945027026302e-03 1.824815567679002326e-01
2.534367462882249067e-04 3.026774850272018202e-02 1.192862702687910170e-01
2.957905547190976814e-04 2.453830339324680754e-02 1.226091590180863333e-01
5.742378716998876309e-04 1.980619449971199320e-02 1.923845974910765033e-02
4.706252617800096849e-05 9.590188868348958895e-02 1.192302576416781612e-03
5.509064098518125230e-04 1.055651299549664746e-02 6.457960957010644432e-02
1.721072794863866273e-04 6.127183122958668182e-02 3.699317089899867295e-02
5.475467382291300533e-04 8.179392859635314927e-03 7.508731678580093938e-02
5.958628080230711499e-04 1.946510430736181352e-02 1.110977056608308811e-02
5.030011121677537000e-04 3.018902734769979279e-02 1.083046290918676657e-02
5.058696295234012263e-04 5.070128863412848297e-03 1.050891864025834677e-01
6.923469678158690466e-04 2.529118198413171648e-03 5.270403794287747967e-02
8.796500171524140876e-06 7.262513488448674170e-02 6.505633071558125646e-02
4.845432570298770225e-04 2.575132881215991265e-02 3.573476294757316207e-02
1.949396759895818954e-05 6.817530371578739423e-02 7.727178638535636690e-02
6.642391559577923155e-05 4.154658796339971705e-02 1.579153335407886827e-01
5.411529618074874259e-04 1.407060574240814876e-02 5.546588924314110880e-02
4.584457115270092198e-04 3.701715956638818028e-05 1.452093669841366674e-01
7.917101304935961203e-05 5.964807770325519787e-02 8.362979926292612998e-02
2.725539246012688432e-04 5.111574963955389794e-02 3.177548516947925616e-02
5.111118683906214211e-04 3.540656167065336923e-03 1.086247736837328004e-01
5.048450235295744160e-04 1.045599367155758408e-03 1.288168854701473576e-01
3.746632317022310921e-05 8.517556543288107296e-02 3.763386772493848564e-02
3.060721653102317641e-04 5.026342031571273683e-02 2.040960423900972653e-02
3.204417653742894223e-05 1.369892301987774008e-02 3.067713144377001155e-01
2.900099106205901445e-04 1.735464848222234568e-02 1.524510324802327288e-01
5.185592018671948689e-04 1.210952462857461942e-02 7.277357559505392981e-02
4.601140014159101066e-04 1.462367589439550475e-02 8.868826677815266901e-02
2.172796923009291670e-04 3.362260199401545524e-02 1.222919349013159573e-01
5.112933055043469843e-05 5.755670257857004035e-02 1.037800682039210498e-01
1.096899787000095439e-04 2.099103379411515480e-02 2.172200331517933902e-01
8.220800714689793787e-05 7.966053718762522440e-02 6.429053975512633023e-03
2.677288115197386242e-04 1.850786201199083880e-02 1.577764546272993895e-01
4.774342219230134909e-05 8.519656900862015991e-02 4.615619841138451918e-04
4.326361006902514073e-04 6.961863513585186958e-03 1.298190311800658803e-01
8.945569573978497113e-04 1.161703659448265480e-02 8.800925977362483721e-04
5.973811205894109799e-04 2.114091598592138244e-02 4.078906519172309508e-03
1.989573894628816897e-04 3.683918664095797713e-02 1.180526388101873492e-01
3.700680872095497842e-04 1.443397964913784026e-02 1.286631305862647734e-01
1.461557978685058823e-04 5.843384174929566743e-02 5.906196442697708715e-02
7.649167533211112535e-05 6.838332402030700141e-02 5.166224206465475088e-02
4.787693016698214843e-04 3.039327466153152191e-02 2.061379883652481038e-02
1.334153757894009085e-04 7.027134500462450806e-02 1.971669918713192526e-02
3.574932724081138213e-04 2.033015881071220665e-02 1.117172005082130992e-01
3.398455080182750943e-04 3.051721143964825078e-02 8.068192213673686108e-02
1.400696551413817270e-04 7.744365841123068694e-02 1.036225883990138374e-02
7.911498939630959293e-05 2.971076983401266247e-04 3.116237871045831609e-01
2.435979626668506592e-04 1.462470504074941946e-02 1.830712805282849187e-01
2.650379975156803847e-04 4.615532617163309315e-02 5.387791981351941484e-02
2.246463495144887523e-05 9.242617438130606988e-02 3.644549880622238724e-03
2.352519227649986500e-04 1.481749272862187272e-02 1.859760818939867333e-01
2.946826316675733859e-04 3.249914523846497705e-02 9.283127181635453251e-02
2.465792515230803839e-04 4.019216538602832234e-02 8.456442841438505109e-02
2.796010388853367723e-05 7.759738390274562025e-02 3.786453620381624585e-02
9.532689983302727876e-06 7.907107706421767634e-02 4.030254795711474269e-02
1.305154846479618380e-04 3.523458278892788176e-02 1.539749205743453642e-01
6.426730826080452597e-04 4.768802321966192359e-03 4.659078772451497041e-02
1.174794210979969444e-04 6.101061896567172571e-02 6.177556617064172695e-02
1.347601862421755892e-04 3.477988155509292856e-02 1.538534655820774644e-01
3.099699483219177376e-04 4.225759890433222754e-02 4.910177436900997616e-02
1.471299674093186349e-04 4.447300489664895995e-02 1.116343071688027377e-01
2.619757540302282417e-04 2.621627894823730376e-02 1.309670351575994429e-01
2.295577153753926292e-04 6.399099894427551227e-03 2.205068848552435012e-01
1.551831831868889788e-04 1.064918701140682433e-02 2.367519309503370861e-01
2.866507240814365753e-04 7.991460875982014933e-03 1.895498360831345819e-01
2.066188697710559519e-04 2.840452948342131467e-02 1.467733561821978894e-01
1.962409516923814545e-04 2.647359897299694786e-03 2.493247226443492393e-01
1.479119790063522510e-04 3.758647501910117317e-02 1.374559265552796061e-01
1.547081436762721973e-04 4.760400874094428136e-02 9.644245401343087831e-02
7.657018792715103439e-06 3.681497145079204447e-02 2.015064690429432259e-01
3.941568281093134340e-04 1.849546892853182189e-02 1.027134839551598899e-01
4.365329651140649470e-04 3.753678563289908343e-02 1.188586457114471084e-02
3.994931975134542734e-04 3.458750402193244700e-02 3.922560507649908157e-02
1.922345564936735196e-04 6.642959612586152307e-02 8.668632818174759613e-03
4.921195859190242994e-04 3.409080507922779280e-02 7.522421509128518480e-04
1.778680217864626878e-04 2.013668677068791713e-02 1.907509740528076092e-01
3.015767161064532298e-04 3.535475674600108142e-03 2.000087238092226327e-01
7.738647944381150945e-04 2.625872210646362781e-03 1.752752853942129985e-02
3.734545846524640889e-04 5.617058400748775604e-03 1.607415765845451316e-01
2.073622113122654265e-04 1.376967555000574439e-02 2.021228857450160232e-01
1.989898566129612301e-04 1.795276601776818470e-02 1.898532032247465251e-01
2.301318375449654119e-05 3.070246736608039928e-02 2.381166511143425479e-01
1.094547119286116976e-04 4.482898034958948674e-02 1.266967153160044601e-01
5.862664716841693713e-04 1.849374156683281090e-02 1.898455068438298365e-02
3.949214247036397785e-06 6.007991290249192762e-02 1.181942510817498571e-01
1.389598156146566732e-04 1.891453751212834877e-02 2.123623048131014768e-01
1.769177021266089833e-04 3.577765583585501563e-02 1.316903470832960776e-01
2.211688458256602652e-05 5.202087863313364924e-02 1.374331181733942087e-01
1.955467927607125456e-04 4.791640464606372607e-02 7.746518623295972628e-02
1.866283927562037426e-05 3.364618327314716772e-03 3.403100762449503547e-01
5.670757207469102890e-04 8.495055402637619046e-03 6.537254124924973819e-02
7.416893746456133807e-04 9.597161857014535613e-04 1.791297272166392229e-02
6.325802145582329339e-05 4.624338309784958856e-02 1.414513682816539442e-01
3.128407475440388164e-04 4.953051423561716238e-02 2.024255782376715995e-02
1.783042263513757997e-04 1.273162523186199824e-02 2.187428778276120367e-01
4.439314247536609026e-04 1.567450972717820967e-03 1.573665555855859877e-01
7.441381139644855092e-04 4.157569197783872461e-03 4.679838646058587237e-03
7.817034376831483167e-06 5.029912043326290050e-02 1.502010251006032915e-01
4.574425035789621286e-04 1.371312238711352993e-02 9.331630923181311044e-02
6.238148122204162371e-06 4.472191905264522038e-02 1.720743547057032030e-01
2.989316549967570291e-04 1.057181036450727252e-02 1.743727309448991347e-01
1.458561873156939692e-04 3.110525952085352319e-02 1.629867367259726363e-01
4.527908009392157818e-04 2.752189162711415893e-02 4.284419557560059655e-02
4.584900533847503790e-04 2.936664319780801780e-02 3.335112491402358881e-02
2.534320185142747983e-04 4.057897522058429018e-05 2.343153801381311352e-01
3.636866886195036508e-05 6.297774795772981271e-03 3.051337839264397500e-01
8.927623582479643494e-06 3.654053151565206381e-02 2.097771461392347048e-01
9.851279550790806305e-05 3.440876004434711977e-02 1.710601736108293691e-01
2.073968238848512835e-04 3.295532613235663266e-02 1.291347533055250407e-01
1.175063651583131696e-04 1.818791687963694503e-02 2.244799279074135567e-01
1.867830072254418605e-04 2.178542202736066802e-02 1.805923673113659644e-01
1.380639441614130158e-04 3.633672686391931084e-02 1.464966366529870667e-01
5.690027038209068133e-04 2.674166161891078364e-02 4.834864436599528581e-03
1.260715460088858431e-04 1.238799689521086211e-02 2.428240796687538561e-01
1.905630908146868641e-05 4.785425478336391425e-02 1.711950170794159787e-01
3.008077816361344470e-04 2.100809343958742748e-02 1.338470336943550221e-01
6.189690025110473892e-04 3.227387453809016371e-03 6.279053407229528982e-02
1.864979481015806295e-04 9.266342269468319515e-04 2.601292174599086904e-01
6.199052998624755839e-04 3.920190421521696500e-03 5.974607111528829062e-02
3.023502749980103155e-05 1.803790659539983299e-02 2.630969424770376319e-01
1.848796538187272298e-05 7.467961242586496073e-02 5.304779389642877430e-02
7.835959547889195798e-05 1.878974511445064000e-02 2.392551429353381165e-01
1.944124703970664947e-05 4.111246712319582830e-02 1.800367991912884547e-01
2.086782908793695379e-04 1.091015427662667125e-02 2.124343314182971509e-01
1.437707449166922280e-05 5.611064254418052233e-02 1.378026329603051492e-01
1.365877333336130983e-04 5.451366681166247563e-02 7.810544610538616705e-02
1.635896664674875434e-04 1.249171392063586072e-02 2.260715600685933024e-01
4.185143244169950427e-05 1.581617205198126985e-02 3.029840912090583371e-01
3.679518614011292876e-05 3.636532185585805710e-02 1.905179741660453230e-01
2.544468072781733148e-05 3.353553978631806931e-02 2.284014301041600303e-01
1.533018115386398927e-04 2.627990059889795393e-02 1.780904021832759865e-01
2.218198899363345300e-04 2.921718366838332859e-02 1.370587907286199281e-01
5.062567700601407206e-04 2.352805344144270894e-02 3.472098641214305115e-02
