6.535267543297118564e-02 6.411475286710524579e-02
4.301062717973369587e-03 2.145770800218042285e-01
2.202188905787445528e-01 1.463460855874417627e-02
1.684415643901453485e-01 2.621387839268832926e-02
2.497841577890591580e-02 1.756913912895111951e-01
6.907440401864115564e-01 7.358636294367074115e-04
7.971044716874211566e-01 5.944546239714867952e-04
1.350913905345665800e+00 2.308948013082096073e-05
2.946237245517644432e-01 9.678674072051904331e-04
3.620620762624549016e-02 1.283578793394394568e-01
1.140029899608441255e-02 2.049922430452181532e-01
4.775225221869128234e-04 5.393963238625257839e-01
1.744919686591739350e-03 4.263802926521901848e-01
1.149925189742683873e+00 5.772785616005790543e-04
