2.355858870031873973e-03 1.613493554597334567e+00
6.719808779620311742e-03 1.219983874984451377e+00
1.920828360158394286e-03 1.637053444454005247e+00
6.827535587725697998e-04 1.776254574606292325e+00
1.440909926531964112e-02 4.986490766116393747e-01
1.500934221475103657e-02 4.444224925042246088e-01
1.860170052911658961e-02 2.554230795362795181e-01
1.810206983717699974e-02 2.934709828347739080e-01
1.666173574259733475e-02 3.154116038457612792e-01
1.193247772656481041e-02 6.077431157497710235e-01
1.379761322458584148e-02 5.504920890191489224e-01
1.174455792479967529e-02 6.282243785490504440e-01
1.912197321448672743e-02 2.508812055659970230e-01
2.984522452458732242e-03 1.524734193754910594e+00
5.392209136962978523e-04 1.779315403050902633e+00
3.153676847207410351e-04 1.810009392600599343e+00
1.297837796929935360e-02 6.040527746530532927e-01
1.151705699084604705e-02 7.174800003497072698e-01
4.235351891751065398e-03 1.405046327197980505e+00
1.145230537684760984e-02 8.018896442549607873e-01
5.198140080487365436e-05 1.870750432999572554e+00
1.305461922528273165e-02 5.814851344601603689e-01
1.991243423408062957e-02 2.200692053845696439e-01
1.146542934044459359e-02 7.871149518950641966e-01
1.085533142256034887e-02 8.390744428030612045e-01
2.301225426064435614e-02 7.623185959418465885e-03
5.691933465878712059e-03 1.301761426892455775e+00
1.211906728836855893e-05 2.083334127790046786e+00
1.419031798514814278e-02 5.089833254837696774e-01
2.016365419198230119e-02 1.704154051551090010e-01
1.037030505538361590e-02 9.356850192686760881e-01
2.064949016516971075e-02 1.146382684465596657e-01
2.221558012237224294e-02 4.928426287325149424e-02
2.203560995510934345e-02 7.050681935699043557e-02
9.586128913009700145e-03 1.022480510599050207e+00
2.247361342793797317e-02 2.302031792932379695e-02
2.011288601306882723e-02 2.057408631654322750e-01
2.007907372786799788e-02 2.070345746069730541e-01
1.930715631053048914e-02 2.399910084556513556e-01
2.369409686825219713e-02 9.674106643433599828e-04
2.364272108968413361e-02 7.186943634928555369e-03
2.152989996837263026e-02 9.206364473313155550e-02
8.734068022756563340e-03 1.080633634784686992e+00
8.687862236332893548e-03 1.101127221395644229e+00
9.130860736431550481e-03 1.044287238636273374e+00
7.084393247180692174e-03 1.190983884736725118e+00
9.900102597644849442e-03 9.697058661650050926e-01
9.487532698231109993e-03 1.034707280500222426e+00
7.709187079989026845e-03 1.102590872406929323e+00
5.373335014869034740e-03 1.392021713175290332e+00
7.436891531507954997e-03 1.128517334898284874e+00
1.047339966130045839e-02 9.018039592066682264e-01
2.374806842420649003e-05 2.016445542325841167e+00
6.501383587691705532e-03 1.240880412089390150e+00
9.648293452154682245e-03 1.013246755509048969e+00
5.605391150399935060e-03 1.323753787918058977e+00
9.101225824291519703e-03 1.052606346186611974e+00
