2.879002038484674078e-04 9.502742133009389747e-03 1.796024666234941725e+00
3.282010552200283898e-05 4.056996764757125895e-02 2.054279331958653643e+00
3.561904958370353848e-03 3.234219288977802087e-02 2.122506345153992169e-01
1.708892160502816816e-03 1.781758630860896808e-02 1.073381529220696740e+00
4.414139784899539544e-03 9.794001758415715742e-03 3.113217360184439286e-06
1.531251115669284880e-03 9.106598610785665571e-03 1.252743611294505177e+00
1.813294229344392453e-04 1.457041892795551963e-01 1.255118144373682076e+00
2.159132075154578979e-03 2.715939032697844979e-03 9.550538660426040050e-01
8.779797419526608540e-04 1.772535786032780614e-02 1.435517567863456412e+00
3.097224724229318861e-03 3.822248500514935365e-02 3.922421718687870151e-01
8.779797419524388094e-04 9.361296789150164166e-02 1.148581034392904376e+00
3.419730830054056904e-03 4.058217880316239423e-02 2.430946126453077949e-01
8.625364418386122570e-04 4.043736577200001125e-01 2.738319689669477253e-03
7.827007375437950235e-04 2.853531524954313614e-01 4.721212414711713490e-01
2.551799826849798260e-03 1.942111880442418670e-01 4.491693894281906241e-02
2.933236938245286675e-03 8.478550465321110785e-02 2.885186173242855756e-01
9.382262441801287114e-04 4.003183263890826016e-01 2.047842328897803155e-02
2.441651626497975437e-03 3.482212241606608139e-02 6.902404181710293241e-01
1.898153020356751521e-03 5.987304682314875670e-02 8.321916607506236740e-01
4.812768414199980124e-04 5.614634329686218894e-01 3.651561169134009965e-04
2.659805948166582036e-03 1.222002858753079568e-01 2.670260932240749452e-01
1.106944984108093090e-03 3.878740180736237608e-01 4.748069095504109383e-02
2.497250737784472742e-03 2.016281668806307881e-01 4.093771204396984276e-02
2.463322098849218302e-03 1.103085350458450353e-01 3.969174087246470362e-01
3.002636171079952655e-03 9.124001514994195539e-02 2.341501236447525724e-01
2.996068841362131176e-03 6.543045900541177851e-02 3.338947003575183925e-01
2.402244319922274864e-03 1.199583724575099541e-01 3.872657641036310605e-01
3.265296847059417397e-03 1.112515195996615081e-01 4.509526685859538420e-02
2.194284472948748212e-03 1.742125387058159891e-01 2.745428158340386671e-01
9.177650179800983868e-04 1.148478618155117648e-01 1.051295733164053336e+00
3.219301042753580991e-04 4.504050911875190355e-01 6.118996504861212715e-02
1.108875252884022368e-03 2.085515699685338564e-01 6.169894427431328321e-01
1.315947542647155112e-03 1.921495262674988158e-01 5.884844271847951003e-01
2.204082464192202474e-03 1.439362499386043215e-01 3.834886621977913745e-01
3.611391981239019978e-03 1.025845563055516330e-02 2.738591769702621304e-01
7.049817131778652116e-04 1.668200333434974869e-01 9.484186313813720570e-01
4.526957306314133636e-04 4.323636786091917816e-01 7.111616414272231568e-02
2.357432828150784511e-03 1.187163325500286692e-01 4.113813842759269090e-01
6.184752870904645233e-05 3.320799504958380499e-01 6.104998985129268529e-01
3.096622047871388540e-03 5.889215481331366853e-02 3.147528361908909500e-01
1.052198706908946159e-03 2.760419254890813523e-01 3.900649517039196934e-01
3.651469752800917158e-03 3.361018317711073067e-03 2.824095561651914221e-01
1.785861764155242254e-05 3.766787420298449707e-01 4.642854728830199673e-01
2.878002184810660863e-05 2.301505372384575754e-01 1.004548934825933548e+00
1.096573820731993644e-03 3.461309055452936878e-01 1.110640279719062318e-01
2.755416497716566861e-03 8.034261797653319270e-02 3.824730127442562133e-01
2.710188772277987747e-03 7.772401211148793898e-02 4.119660497175344216e-01
1.076212710342271985e-03 2.445092206970393978e-01 4.970056446227174018e-01
1.187749371009622426e-04 1.840928179262129039e-01 1.138044100260856117e+00
7.746584176788412837e-04 3.785078580680469873e-01 1.305685637141492106e-01
2.899271274441527803e-03 5.961999238293391734e-02 3.978188626089148028e-01
4.346593114409273012e-05 3.512605659222522991e-01 5.473215918952829551e-01
4.023822890502259421e-03 4.090174871203022811e-02 2.081216404958768917e-02
1.954619694664227504e-03 2.631103272972687979e-01 4.742166432750122285e-02
9.438979996403079956e-04 2.839025229223175462e-01 4.077350205310777409e-01
8.193198310324162695e-04 2.611656592380164899e-01 5.462468382914094089e-01
3.670984717816427358e-03 2.557930807150587960e-02 1.902447000064595994e-01
3.024642360222812645e-04 4.556577393557923461e-01 5.028480338901869517e-02
3.562740700707244836e-03 6.915994463155827887e-03 3.076276039198829193e-01
7.890922873096065798e-05 3.432611647849264092e-01 5.616471898602666268e-01
4.925248928795084372e-04 2.898571711769826198e-01 5.809870343598928510e-01
1.041860191653276070e-03 2.613827016427585637e-01 4.490594296427160015e-01
3.948065831089414904e-04 1.285971415435078757e-01 1.226764999718539917e+00
1.460824073013728200e-04 4.789170380289384799e-01 3.231819015221032432e-02
2.369425727386708681e-03 1.837034944380626644e-01 1.631608261363622359e-01
2.456677205275531808e-04 4.503415947267435104e-01 9.431699613239158397e-02
4.026372680476448043e-04 4.464030606619495689e-01 4.108714722840983713e-02
1.695563008990729793e-03 1.247400531824489622e-01 6.762279083269502333e-01
1.021067178051914860e-03 2.523961981436919633e-01 4.915175591323757698e-01
1.603536312840773276e-05 5.234144061858068131e-01 7.465793919847402149e-02
2.390941260927725333e-03 1.199388143939892348e-01 3.922474882501488236e-01
4.168906807253342298e-04 3.583353075768436202e-01 3.596997272205866847e-01
1.392401439926437869e-03 3.228873484816709993e-01 6.913927577032535909e-02
2.157172778446813689e-03 1.469055401841352637e-01 3.927355235135506217e-01
3.496555837819236880e-03 1.591462286698619444e-02 3.025218902456002223e-01
5.763003283636098165e-04 1.362484794478071581e-01 1.119125809816466477e+00
3.497527396378536171e-04 4.505426496038318351e-01 4.868420686791791185e-02
9.700504837725993160e-04 2.665556078420785457e-01 4.609093917725600176e-01
7.892312398895756989e-04 2.737405638681444930e-01 5.124757795062746535e-01
5.043548217044885665e-04 4.308929886433141565e-01 5.423688398602150018e-02
1.644200224156754965e-03 2.284069605903404909e-01 3.108987984642793134e-01
1.936666189960433750e-03 7.931084996271708931e-03 1.011626562234951399e+00
6.271480148078651187e-04 1.519082559429272283e-01 1.038183152092329697e+00
7.298779292940977062e-04 2.896515593762025720e-01 4.790106379123811320e-01
3.617198452600966542e-03 1.608265235439110263e-02 2.493940084333131080e-01
9.687769991757128399e-04 1.074053570875428409e-01 1.057146612449116452e+00
1.201658335151700209e-03 1.956656371627751856e-01 6.249077033361201128e-01
1.001747577685733331e-05 3.626526951607396132e-01 5.195819686781673052e-01
1.043329943528814065e-03 2.402330667618166604e-01 5.271865865287990172e-01
8.623455261324792023e-04 2.999666850342557201e-01 3.833697047290625659e-01
4.988563790124462063e-04 2.920677356151977211e-01 5.700270588113338643e-01
1.110014770400146768e-03 2.820017834322918748e-01 3.428915402657535805e-01
1.530189764634226103e-03 2.883017277323169925e-01 1.376597022690758121e-01
2.391705934658644797e-04 4.832302630549698552e-01 2.362574545961154682e-02
2.591622749432442342e-03 2.092142678857762395e-01 2.820163739306752460e-02
3.485040078634255370e-04 1.538099497743410371e-01 1.152033471261915798e+00
1.611464792693217442e-03 2.775112854317918210e-01 1.425167609736062713e-01
4.931032929260332001e-04 3.910663084627039598e-01 2.058309006679477915e-01
4.867941489512190092e-04 1.257072953585869346e-01 1.197677657207534940e+00
1.428323375131512231e-03 3.165300028574968838e-01 7.713410039735874024e-02
6.361951244941649666e-04 3.821334283200379378e-01 1.769957391794603763e-01
7.254957923057076333e-04 1.086169916289059234e-01 1.158314254437882829e+00
9.625490895925565074e-04 3.060604208111776803e-01 3.174018751812608952e-01
2.824094863865777606e-03 1.019919987866153566e-01 2.713957065655988043e-01
2.224059846398169019e-04 4.030015051715942764e-01 2.786916732062534874e-01
4.478187115128590481e-04 2.679930332972724205e-01 6.817189557829690383e-01
1.033920497473493627e-06 2.492270907026388205e-01 9.461754395867101319e-01
4.273010072315059152e-04 3.299197250835697037e-01 4.604482814637263499e-01
4.691096515503029654e-04 3.239604963299236307e-01 4.644650610848939931e-01
1.364670278810342120e-03 2.557511538681886964e-01 3.302110347397187451e-01
9.925754340842302473e-04 2.609559395433571627e-01 4.719915853773100634e-01
9.059992786201948381e-04 2.916696387143951075e-01 3.952850504345802318e-01
8.680657242489892358e-04 2.679432087837263499e-01 4.999090982507821690e-01
1.004128820489497489e-04 4.872454420296101762e-01 2.145483994902958047e-02
7.368453183535733989e-04 1.225614851257426086e-01 1.100874699672487855e+00
2.329383630969871812e-03 1.636684820710805344e-01 2.553233464682732046e-01
1.295689370070735383e-04 3.140206137832628475e-01 6.482582703100943089e-01
4.246769961361359508e-05 4.850532935397275924e-01 9.107852525596610294e-02
1.933448914726431690e-03 1.944696293685688193e-01 3.120415858534071885e-01
8.516552174786008733e-06 2.864902362920240808e-01 8.030632612151007432e-01
3.201222771884388099e-04 4.571465240320258250e-01 3.720056971809510005e-02
8.845665922796114647e-04 5.039868226111754446e-02 1.308910102345506976e+00
1.232649007900842898e-03 3.117755505998964782e-01 1.793718720372934894e-01
5.604925798492138914e-04 2.560598284277084691e-01 6.773801638536409708e-01
2.131718904480683387e-03 2.404050976032501286e-01 5.506265375566937736e-02
1.247800816789734236e-03 3.090202253905680596e-01 1.830273253315935489e-01
1.519596012602619263e-03 1.628053415937380510e-01 6.099175487300951826e-01
6.543678852126361481e-04 1.032460782389243992e-01 1.209471130827864505e+00
4.044763194006257070e-04 2.194502121700587782e-01 8.816725110190188897e-01
1.405658522692664926e-03 8.744867888655183386e-02 9.424160341473137859e-01
1.743278875567099741e-03 4.983655791590213546e-02 9.374156353796931906e-01
4.914924378416002729e-04 1.003852971862706500e-01 1.291063228107858896e+00
7.259076637286749137e-04 2.954240463768862401e-01 4.592816814566587635e-01
1.840887645661670215e-03 9.957795253485057785e-03 1.121090523297368469e+00
1.357375308957486405e-03 3.145986712265902430e-01 1.149683903606442681e-01
1.213317439883587236e-03 2.297959111306220326e-01 4.924356417586180368e-01
1.977781809763234401e-03 2.563645313824669536e-02 9.267723411729062999e-01
1.377578946531531935e-03 2.031319281975634272e-01 5.207259541455184770e-01
1.190548627355980139e-03 1.587857303476305493e-01 7.677856146168833273e-01
9.377028648393731861e-04 6.722012063559579254e-02 1.222209328226938174e+00
1.253616332332558106e-04 3.018744086965903239e-01 6.952269645788928809e-01
5.679711392476355716e-04 2.107248531157630556e-01 8.434082903304724876e-01
7.291089556939684205e-04 2.522421652939350611e-01 6.185633457841672733e-01
5.467506458575960640e-04 3.005015014590732836e-01 5.179545472144437834e-01
6.210962063430630967e-04 3.000873086528337286e-01 4.873192886507523025e-01
8.545148942597719302e-04 2.943200884447982890e-01 4.077233714328938885e-01
8.680657242489892358e-04 1.923102815760906470e-01 7.821474077335606179e-01
2.128791092464520952e-03 1.149511766641417854e-01 5.248026471699203110e-01
4.721152587696337069e-04 2.997475697867948430e-01 5.530561130698570249e-01
1.550291700187688727e-03 1.255039934016075609e-01 7.364531764596333741e-01
1.338159982163766339e-03 5.858994323990818209e-02 1.080603963000555501e+00
4.062751391033731299e-04 3.221494324458185066e-01 4.983633484035150940e-01
9.344366020775591100e-04 1.096002452447557562e-01 1.063805861122886887e+00
1.548626091666804351e-03 2.256700368005859492e-01 3.625092737224518413e-01
2.747052752131934686e-04 2.106143617372346899e-01 9.710033896383547525e-01
1.731968404516470196e-03 1.109667594473784380e-01 7.121365694276844405e-01
1.690190962068537951e-03 7.207691318495013100e-02 8.766272808682769035e-01
3.419908177874127903e-05 2.196527248603665772e-01 1.071137518087340146e+00
7.887338623044576683e-04 7.361868169034058162e-02 1.262838782826577022e+00
9.453904933917839717e-04 1.072185277296562322e-01 1.068013750066199696e+00
1.665249899044562477e-03 2.480682477677398357e-01 2.286071865214863164e-01
1.131813990052876230e-03 1.861497259734072873e-01 6.907901221192387364e-01
1.584042664256123979e-03 3.562538478139676279e-02 1.060377690471000056e+00
5.820071140718247396e-04 3.146653257255345171e-01 4.501116731448602803e-01
1.114135799162163133e-03 2.311120883152633088e-01 5.305087229015155170e-01
7.704996561148308790e-04 4.045841386029924713e-02 1.396172914433875922e+00
1.231081815690170979e-03 1.610541929629356606e-01 7.416900590156811912e-01
9.487806939214244242e-04 1.278818458377479761e-01 9.887886923041262488e-01
8.638314275470565864e-04 1.118465074476795440e-01 1.086031066561133462e+00
4.662710174791690268e-04 2.916082246504381192e-01 5.858405149788266097e-01
1.357375308957486405e-03 2.393464658926156563e-01 3.944277386062252089e-01
6.629420836176073278e-05 2.258621246237801916e-01 1.004324066055502618e+00
1.097896651630591615e-03 8.402866361687633123e-02 1.089106429832554346e+00
8.206758684310084054e-04 7.098239152294572030e-02 1.258902658988688250e+00
1.357114118018609185e-03 1.614983908967595472e-01 6.853263223740808652e-01
6.242899249335404424e-04 3.433750403935384998e-01 3.254159428046817237e-01
9.793607408270172190e-04 3.194646460552452716e-02 1.337487266917648077e+00
1.446660798400606698e-04 3.228254644216967950e-01 6.090251630050287357e-01
1.115393322294455127e-03 1.483458244256887770e-01 8.395667651912359641e-01
1.100383069689591688e-03 6.835848391751331299e-02 1.147149918418449266e+00
1.450601507552573034e-03 1.106871696135347527e-02 1.211391007984673029e+00
9.764021252249505470e-04 1.306216539336368943e-01 9.664907144375829429e-01
4.634314798186095832e-04 2.149101475843331333e-01 8.730872199282087021e-01
2.015161256732477847e-03 1.172409973874686262e-01 5.655641586726429804e-01
1.943060746962121423e-03 2.375930485130273162e-02 9.489787104018316821e-01
9.710509300721809414e-04 1.706927329043417263e-01 8.184212551960852178e-01
2.310029590281920467e-04 2.462912868850104520e-01 8.565816000869970193e-01
7.230172154119801978e-04 1.489550396034282631e-01 1.007647516436605661e+00
7.549639370525102269e-04 2.334637147060825146e-01 6.773913458401066290e-01
1.354068463102786092e-03 1.412887570487406652e-01 7.624185375689191968e-01
1.031312558273677661e-03 1.336382074611173199e-01 9.313042349818230203e-01
1.014817381544263521e-03 2.057955475543586932e-01 6.680700074697794033e-01
9.971723593395704147e-04 1.121988071746138349e-01 1.026761321435799124e+00
8.090455080626774223e-04 1.458113774475429114e-01 9.820990571628269716e-01
3.595000818936372813e-04 2.907624587912629455e-01 6.352049468486027362e-01
2.095678014343704300e-03 1.091660901173630016e-02 9.311016446408755254e-01
4.246769961361359508e-05 3.332458773889606096e-01 6.512936842804746274e-01
8.021425928330322766e-04 1.260393339017007452e-01 1.059419851305932303e+00
8.739711830645030891e-04 4.836750658639421552e-02 1.321204546563748528e+00
1.345005693196476594e-03 3.370101162018745988e-02 1.171687237167318818e+00
1.405891735404917776e-03 2.910541686637957426e-03 1.261777872904957354e+00
4.451515353962260182e-04 1.498839050933178374e-01 1.124819582172250199e+00
1.938422988858345443e-03 1.426079646187550232e-02 9.869132834330824888e-01
1.980870803776923518e-03 1.605444561356244026e-01 4.182141569533255887e-01
4.398160979694693343e-04 1.689562566611890748e-01 1.055502757356179933e+00
1.067220454609795789e-03 1.469225119304049532e-01 8.658237753989224128e-01
9.435959621450712778e-04 2.023767258184172579e-01 7.117340093178510241e-01
3.201222771884388099e-04 3.056988313376287625e-01 5.967200631095577190e-01
1.730214762497538951e-03 1.728722502476920386e-01 4.808614718912592179e-01
4.114396928624692099e-04 1.508144669076394440e-01 1.135961869188633733e+00
7.929411300475414440e-04 1.058085179072485449e-01 1.139581746830287790e+00
3.883122880192430362e-04 1.904226614345525537e-01 9.973464681071815274e-01
1.516647867065145684e-03 6.490838839159995821e-02 9.791232383627741509e-01
1.156431837796755881e-03 1.963059177277550749e-01 6.421283780853455081e-01
1.590548003523838995e-03 6.734243444667886713e-02 9.378042480320798457e-01
5.674923644520485713e-04 1.464603967614330760e-01 1.084557371648685153e+00
2.061149278345075254e-03 1.352786582960157080e-01 4.779584390300469221e-01
1.655090451620566151e-03 1.791413800064269868e-01 4.900110062045255899e-01
1.033035888652300040e-03 2.025072226002599951e-01 6.724599619213618151e-01
1.486020748051785668e-03 9.047682422797653778e-02 8.960790460289442816e-01
1.006008036515703731e-03 4.598903490257488791e-02 1.272741926105865451e+00
1.226209355294349303e-03 1.426373980608208747e-02 1.296997184318953833e+00
1.565568701221675164e-03 2.026781133611657015e-01 4.409124209963407037e-01
1.369095641376293949e-03 1.465006586277290968e-01 7.363429087055946010e-01
1.152399066384834393e-03 1.384490274634295748e-01 8.606475050309254637e-01
2.905255557556713289e-04 1.885961762587691215e-01 1.046622154932151494e+00
1.523471405928200108e-03 2.781548293310653897e-02 1.116271926021439986e+00
1.369006007948946925e-03 5.153289222044254991e-02 1.093836585987389531e+00
8.040166905553570997e-06 2.363275264418824850e-01 9.904433458268753210e-01
1.037499396925733487e-03 9.728739091582316867e-02 1.065387637199833426e+00
1.787502347805080584e-03 1.647843055666631251e-02 1.044226049117199073e+00
9.487806939214244242e-04 5.208474288472975111e-02 1.274590942427252349e+00
1.090489429615281759e-03 3.502655354121420039e-02 1.277452269581629940e+00
5.493246231773269220e-04 2.325997242473711868e-01 7.697432939772281824e-01
4.351616262667440740e-04 1.619678004705271679e-01 1.083759471642636418e+00
9.565820087502280647e-04 3.324084120827497379e-02 1.342501791188666749e+00
7.253657806127406307e-04 2.997914205543783517e-02 1.455518305742216745e+00
1.360287440543500939e-04 2.541014024981216313e-01 8.685832343868467031e-01
1.448503684324470644e-04 2.486101076761919604e-01 8.852588436813275674e-01
2.911912705618408329e-04 2.040930142278505333e-01 9.882680297176589246e-01
1.146437422078616132e-03 1.020728391343290742e-01 1.000014073483810995e+00
1.378040159453607950e-03 4.435335579248023130e-02 1.117033313389242499e+00
1.597045977163446574e-03 5.177325529630349976e-03 1.209181964548605270e+00
2.997406616913273272e-04 2.005728609235213344e-01 9.977430764111401285e-01
1.234296721868998782e-03 5.278280433679971573e-02 1.147722831509213171e+00
2.612007383954945486e-04 2.443242954346225293e-01 8.508387737196583256e-01
1.178996354106864354e-03 9.680608325027795225e-02 1.005696600190205237e+00
6.041704826340249870e-04 1.430914956741198285e-01 1.081290790170129190e+00
8.575400201833111372e-04 1.460488229486991418e-01 9.601491558389481096e-01
8.037323299465376839e-04 1.532025709796294155e-01 9.566512993076654592e-01
4.634314798186095832e-04 1.389518566295599999e-01 1.157984846681060054e+00
1.130456324549299930e-03 1.492470260999703147e-01 8.296455095737937935e-01
7.314599368763658252e-04 1.749761013479720351e-01 9.063422030853158784e-01
9.710509300721809414e-04 9.497196822907416625e-02 1.102997671599098117e+00
2.054707775245933656e-03 1.396972751908198696e-02 9.373913737219792264e-01
7.906879324585886284e-04 1.298688979201323423e-01 1.049991737812604020e+00
7.206198237381328600e-04 8.243828032985267562e-02 1.259160505616506276e+00
1.508234950220199190e-03 3.808179841898540197e-02 1.084082778452795770e+00
1.960911465126191112e-03 4.480209503128596005e-02 8.617380050253016233e-01
2.055790586419021029e-04 1.817295041627666752e-01 1.109238670455937159e+00
8.912975283279162345e-04 1.061216582175099621e-01 1.095653871383831079e+00
1.353749726572283686e-03 8.549242391695277554e-02 9.723521911341632684e-01
1.272235991460945494e-03 1.316654251552826782e-01 8.340788511207504197e-01
8.483674512269273951e-04 9.345935346456646364e-02 1.162033983871580523e+00
1.252668193200989245e-03 1.016402993195051341e-01 9.554740058302397809e-01
2.497921015811554492e-03 7.955237442090590250e-03 8.273473154859229961e-01
1.272150356512479798e-03 7.836031981283797521e-03 1.301352889685830183e+00
1.082016465270029849e-03 1.715296804975843248e-01 7.671310427896000927e-01
1.244345133684509642e-03 5.405490138478019624e-02 1.138544833586166538e+00
1.014817381544263521e-03 1.301545094151059789e-01 9.515604768285752524e-01
1.016619788353844735e-03 4.403092936859498430e-02 1.275530919390007289e+00
1.855031604208267661e-03 2.642512505004690482e-03 1.067193248018525997e+00
1.113206218700890128e-03 4.736088859863873957e-02 1.220904701060177677e+00
6.350606968108180386e-04 5.532924690614682284e-02 1.398832343925647370e+00
3.595000818938593259e-04 2.148557320133044346e-01 9.183589373174922965e-01
1.311044971259106920e-04 3.045807310559489611e-01 6.826782974601426357e-01
1.813134342358157548e-03 4.594310577542093377e-02 9.217217204315770740e-01
1.406390283992219915e-03 2.755343594785064631e-02 1.168226880086620900e+00
1.279077020408187285e-04 2.434669545512158084e-01 9.118079979922695255e-01
3.806922293295763454e-05 2.061956670871289976e-01 1.123218886763495794e+00
1.061118178524022605e-03 1.365237135072583374e-01 9.075190170745768281e-01
1.974431812293142054e-03 7.803528049345165307e-02 7.306075767726267767e-01
2.008319658166135037e-03 7.875538963097783451e-03 9.806389916962527931e-01
1.480565979721870130e-03 2.050799060163588372e-02 1.162600590929386390e+00
5.493125256223691313e-04 1.588867339071946549e-01 1.045770039210310420e+00
8.294257522760356896e-04 1.019153573708344585e-01 1.138393145256571648e+00
1.256660586615520638e-03 7.135248055770593290e-02 1.067881897689573867e+00
1.514803695147081720e-03 1.072194592182633688e-01 8.205724477242311021e-01
1.284162334141047447e-03 3.319392864086911921e-02 1.200087830184713544e+00
9.718609199211520125e-04 4.774615515009306144e-02 1.280955661732803952e+00
1.011589963350011979e-03 1.072989131308610400e-01 1.038941449628310698e+00
1.603786919485560881e-03 7.847631453134273904e-02 8.900822237267076442e-01
8.997470880902297755e-04 2.547761588556984869e-02 1.396652975917561212e+00
9.853952454692222265e-04 1.382045717320388167e-01 9.340905510333070705e-01
8.316939870273926463e-04 1.247343196628414308e-01 1.051490803211990288e+00
1.242344987062182250e-03 6.747480496493740709e-02 1.088740508434838494e+00
1.074860145549438352e-03 1.561759591487466015e-01 8.277886519221906436e-01
2.810366098741933806e-03 2.365713274934999610e-02 7.506874325835750650e-01
1.803227274575124918e-03 1.397992824562301895e-01 5.729933462169041203e-01
1.207512054361725186e-03 8.820220387307320387e-02 1.025716166264998952e+00
