4.800546922387213637e-04 1.480670528545005027e-01
3.340675130781126361e-03 1.201618639754542528e-04
2.547565741086224838e-03 4.265737865267738016e-04
1.902139913136399567e-04 2.057005234331938937e-01
1.205574874375062427e-03 8.641938017716910281e-02
1.086092430297505834e-03 9.195733020665386448e-02
3.823461414027037701e-04 1.812746025741631684e-01
1.352206546276938075e-03 5.715601132904879478e-02
1.063987861354390337e-04 2.344104055244145002e-01
1.585400171990106449e-03 5.269578168585553613e-02
8.126715454032681744e-04 1.458867164358750301e-01
1.903688189670519042e-03 1.236292473698341610e-02
1.668358742248968445e-03 2.784192998325352164e-02
2.023574087798001714e-06 2.510331133483845178e-01
1.951179998907984475e-03 2.122074234009119209e-03
2.088512137879697510e-03 1.479936910222079405e-03
2.899545597072092189e-04 1.920246648898498165e-01
1.337143187875647603e-03 6.875556053790887745e-02
1.755426071137603222e-03 2.519026234327270686e-02
1.902503488930343527e-03 1.843202647138042494e-02
8.926746851218333827e-04 1.329157336650084176e-01
1.050846723682000421e-03 1.043316242002703120e-01
3.647084190760460469e-04 1.905418467461075238e-01
1.221360409359553961e-03 6.988323273233731925e-02
5.727927843094098720e-06 2.356901989396646968e-01
8.129287038988772078e-04 1.388629737164919220e-01
1.267084809714632936e-04 2.202191936058923716e-01
2.514719460106898657e-03 1.267147603080331919e-03
1.654283802842551870e-03 5.245998669662554903e-02
