3.366752209323840145e-03 3.988754466172856894e-01
8.881424286148222047e-04 7.205808363738306355e-01
8.602834133617873885e-03 2.407039384893394640e-02
1.245964615784442980e-03 5.773768230270981405e-01
8.317517747676549111e-04 7.640073941755822773e-01
8.543288086072218374e-03 3.077999832420275084e-02
2.757960092915210520e-03 4.768259898481055359e-01
1.755404488635557703e-04 7.710834771076555683e-01
7.564101866706449823e-03 1.416681422576679950e-01
5.016909555085810601e-05 8.764727737123756413e-01
1.713237815260948427e-07 1.313862013339093693e+00
7.437206632882640417e-03 1.893222996307351025e-01
1.713237817481394476e-07 9.726956983331866979e-01
8.215469021973929170e-03 1.133655516629197280e-01
9.888683048397163555e-04 6.644372220299850085e-01
5.209033336876976034e-03 3.390449512435971258e-01
1.038796652704995771e-05 9.444333302451646261e-01
6.132221073603148082e-03 2.663366110453715407e-01
1.012890554434734205e-02 1.663080881809619882e-02
6.728150647196482620e-03 1.923127433770481787e-01
4.836887136584176045e-03 3.601879417950506479e-01
6.454230208848530520e-03 2.613837055819594468e-01
3.050936498541836905e-05 9.241405536957536526e-01
5.784629231948699296e-03 2.915937317624290870e-01
5.630266831957362467e-03 3.229823803032481067e-01
6.087552167655250340e-03 2.878263170672035187e-01
5.342933842290707031e-03 3.243304206467989559e-01
1.093274714219686153e-02 6.413057454501824850e-04
1.073718499497414505e-02 6.476289006375424151e-03
