1.036459870770684716e-03 3.437214398719312669e-02
5.524338397784947507e-05 1.522141794904623424e-01
1.102930283007272361e-05 4.769451975500142993e-01
4.225009536752272893e-03 2.225416413599745624e-03
1.143528862487371359e-02 4.573177692552832241e-04
8.699373320622056510e-03 6.625022320942974829e-04
1.741354361180676158e-04 1.481625007862046317e-01
3.344527565435202049e-03 9.268218374353764943e-03
6.953103975687675159e-03 9.761566603199156589e-04
6.486664300674533506e-03 1.129041688054499559e-03
2.594238173905989014e-03 3.399099460277987816e-02
4.362014701957701163e-03 1.286006892760482856e-03
