8.825232757086932944e-02 1.062374142507649388e-03
3.033313719616036186e-02 1.896697844473549388e-03
2.018558125649018431e-02 1.197309605274321509e-02
6.957824390370209722e-04 2.074475274522326051e-01
3.370359479661098057e-01 5.707312748638448952e-04
8.931231634687342158e-06 1.356939056864804538e+00
3.196356409905509732e-05 1.225518529800312617e+00
4.482892165937751860e-04 8.596565461417083887e-01
1.569691130630379572e-05 1.326871014192222642e+00
4.269397898526566815e-04 1.199107114377967687e+00
4.556560016113625489e-04 8.350567739845627946e-01
6.316096173863069985e-03 2.434834953355269338e-02
