3.688234977065569381e-03 6.993400678179106933e-05
3.968242454642396944e-04 4.416074332518338252e-04
1.931350381190917453e-04 2.315469689228466521e-03
1.115166422234817323e-05 3.504602038581383638e-03
7.089074228368297259e-07 4.697504256832685243e-03
3.980122652950945916e-07 1.852830492343933155e-01
1.020753111039170158e-04 2.390335386798669859e-03
1.713142823008342863e-05 2.806282228852596816e-03
9.160172654068717002e-04 2.428742221745050500e-04
2.330906361220179412e-04 7.673375352006406303e-04
