3.779692258073074490e-03 1.647367732178073307e-02
1.446948830452720464e-03 2.230362599259155809e-01
1.859715688816604732e-04 3.915420189274133600e-01
7.266833222930343776e-06 4.861328674362642710e-01
2.976016950921655385e-03 1.240457960910564816e-01
9.383210044667741629e-05 4.507204654122066723e-01
2.199492474462837882e-03 1.650776421486203072e-01
1.006372784929664838e-03 3.535224193687828143e-01
3.487445644523089888e-03 1.098801284481286666e-01
5.587856882175012280e-03 1.419855138497516656e-03
5.184607202091361805e-03 1.307608853926789383e-02
6.399768889659995103e-03 8.207838597551475601e-05
4.826434597587036385e-03 1.599597933567376007e-02
6.587690663590006074e-03 2.959794984425112574e-05
6.055212788024243870e-03 1.013156443537832629e-04
5.560854495753508181e-03 8.305426731307741228e-03
