2.237754528335295784e-02 4.657711351334893335e-01
8.029048555995904266e-03 1.975784304252395707e+00
1.528676812126556449e-02 1.153510673630026240e+00
2.015600469890328067e-02 7.084226128528950950e-01
1.318036412146733269e-03 2.697816111162668840e+00
2.744948129299734640e-07 3.052831990726029510e+00
3.918206931859907413e-03 2.425046021592758727e+00
3.017476266321489006e-03 2.607208650965620045e+00
2.987688650227866144e-02 1.079366552071969743e-03
6.819872860827696712e-03 2.123843142292886732e+00
7.992238597182404689e-03 1.976003885946862049e+00
1.167308766728076229e-02 1.614572341898376173e+00
8.801894911390556117e-03 1.886099179990107011e+00
9.508306894849554922e-03 1.818379816301994190e+00
1.060898279489692030e-02 1.693786940037550259e+00
1.904350495704759325e-03 2.691584357951430029e+00
3.061901284770745732e-03 2.595479364014603441e+00
9.020420391009980818e-03 1.879020423666179163e+00
1.057117723361872784e-02 1.703942284095421478e+00
9.279884192998582790e-03 1.823620817278050588e+00
7.065805851424519085e-04 2.788471241098508635e+00
1.995631932827519189e-02 7.257521466695945334e-01
1.323150935054768183e-02 1.416531134195184727e+00
3.283489781550968586e-03 2.501910157766036313e+00
1.076542866723135226e-02 1.665543754424620992e+00
5.847019081422993522e-03 2.246609703098473965e+00
4.069306495999066436e-04 2.873399246866536139e+00
7.880012028014865208e-03 2.017599098415717940e+00
8.538766361724630868e-03 1.937420290050122951e+00
1.022170775052461643e-02 1.724535261261581631e+00
8.169130162736409559e-03 1.948608973814653034e+00
2.074922353858260279e-03 2.635957550627128221e+00
2.743610614614760621e-03 2.612748788823618717e+00
3.874901512427702741e-03 2.492686589517016493e+00
1.954746400159396852e-02 7.406583749116383286e-01
1.596687825228677166e-02 1.129556358709744579e+00
5.247937584702494149e-03 2.267416901543124474e+00
4.419795760739647292e-03 2.402442290602809116e+00
1.511568529516766311e-02 1.210668833961899615e+00
9.802130470337238818e-03 1.780887865239637158e+00
1.441524939815125826e-02 1.311271570787790886e+00
1.041376973704161678e-02 1.721865591722337108e+00
7.765400710467667764e-03 2.018213143158557266e+00
1.287601977874581159e-02 1.425179335363846000e+00
7.071517256882880673e-03 2.079024482115047867e+00
2.604581954614498471e-03 2.617874030760023452e+00
5.572747319568088428e-03 2.266058275299594804e+00
1.492934644432492540e-02 1.241962243478705652e+00
1.108014208435465463e-02 1.635053560552345964e+00
8.701368450588281220e-03 1.897703111346831228e+00
1.394855018479796392e-02 1.337880604717443411e+00
4.672540677422348451e-03 2.350794551969708657e+00
6.182054688905041714e-03 2.235979901017169702e+00
2.032072734867624436e-02 6.941715463579097856e-01
1.730649142327651130e-02 9.752262036342526086e-01
1.693164510454909372e-02 1.051475624884299798e+00
1.238874340527557592e-02 1.538972545085360188e+00
8.073674933193058720e-03 1.975685342045752968e+00
6.294674619272194391e-03 2.158153746279185548e+00
5.638784442367933067e-03 2.248356162987181328e+00
1.012533396137155726e-02 1.745998184677207909e+00
1.640912850541393492e-02 1.052763562831645849e+00
1.133621590079453810e-02 1.627370554412169490e+00
1.085924840333624651e-02 1.661900277752375921e+00
8.540025178109094880e-03 1.929133750591328855e+00
1.277161688375478242e-02 1.473541887149845131e+00
1.512908527964435500e-02 1.182372320385606024e+00
9.126787745439906771e-03 1.845984476458258250e+00
7.648212741159848491e-03 2.024312372179681851e+00
1.609522619859555387e-02 1.076953288866337566e+00
1.106442175180028485e-02 1.637923936169481287e+00
6.283353819050046737e-03 2.193130072345989667e+00
1.095886875817803606e-02 1.660687607662029386e+00
1.790206136072320514e-02 9.387825602803755443e-01
1.190575685811462968e-02 1.556127143917858113e+00
2.075441657045268978e-02 6.243078866514889524e-01
1.832300089009803595e-02 8.975588587821644593e-01
1.487081539422580555e-02 1.279408330529558491e+00
1.948195767469380196e-02 8.330968657470724237e-01
7.888858146040294769e-03 1.994072288693092609e+00
2.783318049386180465e-02 2.249879942420462964e-02
7.955370434856673043e-03 1.991967440097911712e+00
1.567359845256328238e-02 1.136681373849870447e+00
7.565745834532349931e-03 2.063454915117996613e+00
1.865286646893955097e-02 8.791400205543834501e-01
1.303333675357860010e-02 1.416615216906587982e+00
1.267387932810510286e-02 1.500882688835676326e+00
1.168220096252232075e-02 1.569887167138101169e+00
1.017684420185699899e-02 1.729861993927239716e+00
1.083701819749389138e-02 1.664219515342526101e+00
1.950568566839656209e-02 7.783876696684960406e-01
2.163665684781607840e-02 5.398729302850772127e-01
2.645979689371830840e-02 1.257692179653194797e-01
4.991655791135756956e-03 2.328624063697072977e+00
1.267874381902362423e-02 1.476056236268983746e+00
1.392553157649296068e-02 1.347102860458750051e+00
1.695605470570944046e-02 1.037212766061780478e+00
1.727565620660449081e-02 1.022535212667530224e+00
1.325183747390896137e-02 1.405100074516911768e+00
6.769153802832222552e-03 2.141290029603022838e+00
9.708581378619024135e-03 1.796322776905330265e+00
1.897196486560854406e-02 8.472659332354365302e-01
1.201548631678645528e-02 1.544815172616291754e+00
8.622134099660344261e-03 1.928092388744981456e+00
1.472594816385725501e-02 1.288520041980642183e+00
1.343110080475668454e-02 1.373524990815186975e+00
1.914788269081952460e-02 8.415795634177837270e-01
1.068685227005223247e-02 1.675093712130286683e+00
9.801027418111679310e-03 1.791794750048022244e+00
1.883798909821460948e-02 8.705125800147354154e-01
4.488973376331507892e-05 2.926294735078836418e+00
2.570279897445932465e-02 1.962847795561434294e-01
1.257329612079267044e-02 1.511991958811814918e+00
1.801433544878312115e-02 9.286027445540011582e-01
1.484988404595339283e-02 1.280364981704333438e+00
5.220671542926774364e-03 2.306587340694416177e+00
1.930253417098288377e-02 8.341689915249571596e-01
2.144378353703241952e-02 5.944260777016791009e-01
2.115971605011397055e-02 6.100643854019506263e-01
4.583593951818561857e-04 2.865264823805001804e+00
9.990195281540608860e-03 1.763389390237580123e+00
3.034793026958476289e-03 2.603214086651955306e+00
2.551460939183431559e-02 2.336384338598261889e-01
3.281020371897985441e-03 2.575389775498375222e+00
3.614639357218901380e-03 2.496789041686365174e+00
1.782044303849356776e-02 9.393752533335185673e-01
2.351461464880317404e-02 3.805233215348441389e-01
2.303715016617475381e-02 4.199024729042432069e-01
2.205113089206762328e-02 5.238492862892581980e-01
2.468817661920814227e-02 2.557801628457195831e-01
2.456352598057937736e-02 2.757389203118368881e-01
2.448571135953220984e-02 3.183023037635298591e-01
2.582145787562124123e-02 1.649761751741171123e-01
2.298786559151694969e-02 4.613703344247771510e-01
6.206232850657527819e-03 2.220520199718872156e+00
2.713362574341732919e-02 7.627190705427977502e-02
