5.531755992877217037e-05 4.774913055645901849e-02
5.122302327524278116e-04 2.142814688023486625e-02
2.554898782547279906e-03 1.755944821747679185e-03
2.468551612017387325e-05 2.555105567488404894e-01
1.089440680515810483e-03 2.004862536066331913e-02
2.307844671309083277e-06 4.781466703058137035e-01
4.336580100862410907e-03 6.207135752354098202e-04
1.266809922299888883e-02 1.267719220741092556e-04
6.104943009250854251e-03 1.939047915064939787e-04
6.920475317753918380e-03 1.754249334360302726e-04
