1.634652506006885331e-02 9.849165997964308694e-01
1.756941367624399730e-02 8.697691079411273840e-01
2.402173843552758703e-02 4.551754955559981219e-01
9.571870212828363991e-03 1.541997725179395484e+00
1.421892909210988216e-02 1.143900843638700149e+00
2.119462250464033970e-02 5.576708496372293489e-01
1.815294797823512399e-03 2.330576864703633344e+00
1.262164480360240988e-02 1.282538811233230103e+00
1.117801774496686613e-02 1.382034018783673712e+00
1.090669707374360316e-02 1.465644132703281866e+00
1.297834869692050981e-02 1.271017063639699796e+00
1.639399127375996967e-02 9.309931871365608735e-01
4.099716025530180177e-03 2.271110527423249703e+00
8.532293387047433855e-03 1.652543093767490756e+00
2.057238371509585717e-02 6.437581788106672143e-01
5.458351079165191938e-04 2.452887091788976459e+00
8.053586372763670356e-03 1.781406630054778173e+00
1.476689752852190958e-02 1.064772210849727951e+00
1.242397068117896859e-02 1.322885806315319268e+00
8.494518486583795339e-03 1.708966794138649714e+00
1.457578254518855816e-02 1.079569464382820865e+00
2.434297865076308354e-02 4.317772592797903819e-01
3.406594411130628441e-06 2.996053189646108006e+00
3.796062451362144929e-06 2.512397660085472051e+00
6.929761849238451690e-03 1.911946586183691732e+00
1.499428429433681716e-02 1.045265098938052528e+00
2.715481498925433057e-02 1.054873103581708271e-01
1.456093967959505749e-02 1.086400969538636740e+00
6.560227029167047322e-03 2.010499487943380625e+00
1.895538904878181496e-02 8.306203386536838984e-01
4.790741634433841670e-03 2.189342089229949107e+00
1.998408556704046879e-02 7.918621140293526928e-01
1.713057280322465362e-03 2.358936818678305070e+00
1.406399820352656656e-02 1.152126422080161472e+00
4.278770962045224183e-03 2.222194333119982712e+00
2.852565399217933673e-02 1.680580477247728410e-02
2.448103402315394972e-02 3.432696387697933282e-01
6.006450096815900766e-03 2.161382148136584913e+00
1.349369796765799608e-02 1.238985008114851905e+00
2.677844943671749134e-02 1.611102278082721107e-01
2.915574885950749165e-03 2.299396449060342018e+00
6.310421140083415439e-03 2.015042978448558397e+00
2.030387745051166759e-02 7.242980895615320769e-01
1.981476501073332896e-02 8.278211451812143018e-01
2.674211689835716277e-02 1.761533487014044219e-01
4.417688002461022181e-03 2.212538688188263603e+00
2.650940057778562731e-02 2.523282178109229612e-01
6.196457658759551082e-03 2.116422713126137278e+00
2.666883650905761682e-02 2.026220625769989958e-01
2.433408349438960505e-02 4.333448099617274174e-01
3.023837120591478522e-02 1.115781819761307858e-02
3.096482640391164110e-02 2.143070215325781902e-03
3.151897583076936071e-02 7.256820705170419217e-04
2.323674494833628812e-02 5.137060488666764790e-01
2.627137850557383081e-02 3.100141976076495887e-01
3.141232934512551422e-02 1.613137385752860808e-03
