1.191527001809244979e-04 1.246904449162270723e+00
2.983945369932294867e-03 2.738275427831926567e-02
3.451228774708441360e-01 5.580601030760190540e-04
6.893448330016704872e-03 8.284661298093243254e-03
3.154414000045464572e-01 1.216430492489206650e-03
1.276369257924292455e-03 6.109122927229126976e-02
1.396836469260032132e-03 2.754734290106053418e-02
1.843101204290875650e-02 1.620001972297058224e-03
2.721317672309542246e-04 1.762583337446824716e-01
1.369068460859157454e-04 8.345968727233225026e-01
