2.960372106437312301e-01 4.953907744350375397e-01
1.840205904383871438e-01 4.716070744721867491e-01
2.943481425665388507e-01 5.000000000000000000e-01
2.189691192178281898e-01 4.708299572254363019e-01
2.231223186235314071e-01 4.691803391643219467e-01
2.929968881047849694e-01 5.000000000000000000e-01
-1.445905354035706969e-01 -2.762316203107476054e-02
1.580859662300242718e-01 4.687279692528784625e-01
1.731223186235313904e-01 4.516161731139504698e-01
2.666087359040084093e-01 4.414766202640530435e-01
1.452746576917441357e-01 2.063905733075675486e-01
-1.329687040783156804e-01 6.731488653128465949e-02
1.635600115779657360e-01 2.639114100915337380e-01
1.269274582180157651e-01 1.087846179887516362e-01
3.681293799104695674e-02 3.707574741194183954e-01
