-4.780194187492342595e-01 -3.311058130217194306e-01
-4.890564726707107845e-01 2.310190397744391055e-01
-4.774092357850474588e-01 2.395407479743209833e-02
-4.845683982921724087e-01 -1.431488485153244450e-01
-4.818403344665485588e-01 2.403544755672215316e-01
-4.877560921767556401e-01 3.092345154965892573e-01
-4.835543957975916296e-01 3.024369582206443696e-01
-4.954719683329478763e-01 3.582426074022559970e-01
-4.771736303954477454e-01 2.726507648518852744e-01
-4.852449680641645613e-01 3.427602579524497983e-01
-4.808737700946709714e-01 1.914892750953590683e-01
-4.857058137192725722e-01 3.035999606672966644e-01
-4.754497789399313445e-01 1.599232466682125875e-01
-4.847153786196197744e-01 3.352094411992141976e-01
-4.785878947646169945e-01 5.305679104104937815e-02
-4.853058507463551274e-01 2.535999606672966755e-01
-4.738520151858556795e-01 1.099232466682125847e-01
-4.732274454690566512e-01 5.992324666821258194e-02
-4.818796346705934708e-01 -1.514836394607358971e-01
-4.825473925216562376e-01 -3.022910812105221168e-01
-4.862206566441626965e-01 -2.053339107819492915e-01
-4.772885857234540619e-01 -2.918491856560983533e-01
-4.783451996431251074e-01 -2.873862913642292183e-01
-4.829668268831252553e-01 -2.523402732927855219e-01
-4.803959707599913531e-01 -2.869936038883484364e-01
-4.759117237760513430e-01 -2.182172323131139069e-01
-4.816634028252683719e-01 -3.277113668680406988e-01
-4.835833182479183368e-01 -2.731815542722553225e-01
-4.874802403391089167e-01 -3.131929690514007047e-01
-4.779765919613868097e-01 -3.314421569143592428e-01
-4.753343660392340686e-01 -2.037557297872027717e-01
-4.808455270409744964e-01 -2.261063743179984320e-01
-4.755022161044614726e-01 -1.922379555268072804e-01
-4.854088974867258321e-01 -2.574831222869316538e-01
-4.826368804430122283e-01 -1.534800533828913904e-01
-4.771800643131409170e-01 -3.076991903464181832e-01
-4.822274407906518845e-01 -2.443857981216505659e-01
-4.806725313042624070e-01 -2.124514347754876686e-01
-4.847139631551423133e-01 -6.716387031962059440e-02
-4.761779771204688316e-01 -1.028792545027264888e-01
-4.846833875802569747e-01 -1.393862732003523508e-01
-4.800727317503392100e-01 -1.455871868206896624e-01
-4.814065046038864537e-01 -1.536870476711906242e-01
-4.787086578774861767e-01 -2.324678099537992593e-01
-4.769791269118944244e-01 -1.542656559208404055e-01
-4.824272857292156158e-01 -1.624514347754876797e-01
-4.809808870832162908e-01 -1.415821406792218684e-01
-4.835719380849211602e-01 -2.308737255004714162e-01
-4.754538995528229672e-01 -1.570006367074815445e-01
-4.778191763771781342e-01 -8.199849896074697109e-02
-4.807226590309479630e-01 1.680029255851153147e-01
-4.791016263084230120e-01 1.167785134165947453e-01
-4.815126077490572420e-01 8.134904575327300824e-02
-4.803128110286419283e-01 2.290639272310179553e-01
-4.847686284303470705e-01 -1.115978779926034004e-01
-4.811563776155242667e-01 -1.435400864271645094e-02
-4.806670292589365068e-01 1.908343743829065201e-02
-4.844192612419235267e-01 -3.091401947455815757e-02
-4.839460746292590931e-01 1.800428134483507414e-03
-4.798030092594333662e-01 1.473698829600075255e-01
-4.802436687661574832e-01 4.959388317927283796e-02
-4.799467627581853746e-01 -8.573177704083205508e-02
-4.790083277896288183e-01 9.683523181070789743e-03
-4.815684471232034580e-01 -1.405496189195137025e-01
-4.841629163575340566e-01 1.102367127151934328e-01
-4.828781858534211824e-01 1.688421121817338388e-01
-4.793814265741831449e-01 1.790639272310179386e-01
-4.827860757831883842e-01 6.880228643822342005e-02
-4.837730131688913748e-01 -4.451253983236315437e-02
-4.823507039902927840e-01 1.755836721569712933e-01
-4.778535494473645229e-01 1.482390843332621055e-01
-4.844537262765213903e-01 1.711904493894919610e-01
-4.791014111610032988e-01 2.355363529450480234e-02
-4.831566673566499159e-01 4.991636904632326677e-02
-4.866710088176269267e-01 1.680015010392530428e-01
-4.832224895607439286e-01 3.852491237683038083e-02
-4.804620635800347928e-01 -1.578978019724662230e-01
-4.870601887845356082e-01 3.625932215971794936e-01
-4.843706118848231101e-01 2.053250009712081492e-01
-4.851285159207279762e-01 7.376685936253857268e-02
-4.800728101135167125e-01 -8.071864658425370598e-02
-4.841926224415777358e-01 2.394863003819623359e-01
-4.808340210002680082e-01 -1.266840774185544471e-01
-4.818143637872173701e-01 1.042710122996247796e-01
-4.835791287427547158e-01 1.784138376764644041e-01
-4.792356720567654271e-01 -7.354349006248385445e-02
-4.840479778337211103e-01 -1.515559938640252124e-01
-4.845425674519174275e-01 4.737592506082657917e-02
-4.820023412274884733e-01 -6.006874100296152180e-02
-4.834638419976607371e-01 -1.010139622438803453e-01
-4.813188169705426844e-01 7.840628657409422220e-02
-4.806577624550625871e-01 5.037856984692142687e-02
-4.796059756204856805e-01 -1.065856648204767387e-02
-4.830200112149002911e-01 -1.517251794999744940e-01
-4.840948034529097277e-01 -3.957643720833316225e-02
-4.805521722479326185e-01 -1.022375023990024223e-01
-4.828673942800756347e-01 1.211904493894919582e-01
-4.841889923901659953e-01 2.301526235249464966e-02
-4.837928207881602161e-01 -7.945613072465634863e-02
-4.841406093820092016e-01 9.320238694456735307e-02
-4.844834017716637131e-01 1.145999116178233190e-01
-4.852167147705594430e-01 -1.587741999141887850e-01
-4.803082975918455677e-01 -2.023371298962718112e-01
-4.852005186866013564e-01 3.125932215971795047e-01
-4.831218283522551449e-01 1.400167390624494912e-01
-4.728803564524623471e-01 -9.718192956476318090e-02
-4.854146387925523665e-01 1.190497820910994681e-01
-4.842105904594455335e-01 -7.200167821900943510e-02
-4.818650551797576398e-01 8.452474400882748623e-03
-4.830591417957703637e-01 -1.127270673767991754e-02
-4.818045711767426909e-01 2.071954715621029397e-01
-4.840583358799416258e-01 6.547429340245777829e-02
-4.826244720498779617e-01 1.455003277674098983e-01
-4.824799195703300958e-01 5.628678335062989313e-02
-4.844879890583996263e-01 2.044891564643203652e-01
-4.824226231376895768e-01 1.743911283832539835e-03
-4.840710891401464600e-01 9.737592506082658195e-02
-4.757853149533486370e-01 -2.107496467221747216e-01
-4.779687097568505183e-01 7.906392723101794695e-02
-4.812471081978327847e-01 1.210592004829736112e-01
-4.798673622181494625e-01 -1.671066132309369512e-01
-4.835086455243199355e-01 -1.419486418818135531e-01
-4.820052388352868422e-01 -1.323131398469848917e-02
-4.837938165807221802e-01 1.129782676784603368e-03
-4.823269983680609774e-01 2.282015364645738065e-01
-4.843561592579234687e-01 1.539896586754084182e-02
-4.831894090056383373e-01 2.353893153644806002e-01
-4.824561544658985124e-01 -1.285801577917459193e-01
-4.806637636273843328e-01 -1.482928201773764942e-01
-4.819947867628094351e-01 2.351108572555187237e-01
-4.815663285070770905e-01 7.119044938949195545e-02
-4.806027406472040409e-01 -2.785420298984887522e-01
-4.835369639037370715e-01 -1.572442867796553997e-02
-4.801316389666388518e-01 -8.489596797005423412e-02
-4.852595776958026352e-01 1.223796330392122600e-01
-4.859596824728665276e-01 2.873799263953924488e-01
-4.828247884239014742e-01 -1.453104485443320049e-01
-4.846035872535243705e-01 -2.087741999141887739e-01
-4.835532575639077679e-01 2.625932215971795158e-01
-4.828510100721922771e-01 -5.665751576187968985e-03
-4.785418683654192318e-01 2.092439116608699190e-02
-4.836447416161691604e-01 -6.220606243986805117e-02
-4.813030523779038283e-01 2.708196126139238852e-02
-4.818802312248621766e-01 4.040293964392809023e-02
-4.783033531105994607e-01 -1.311729893834423510e-01
-4.840996297019534711e-01 2.354591200472619938e-01
-4.827424554983565375e-01 -7.997358030162181330e-02
-4.800926082391530625e-01 -1.812074860707959534e-01
-4.884527490421662899e-01 2.452578126961975080e-01
-4.804638523433845121e-01 1.253032185970206006e-02
-4.838054832698541197e-01 1.473759250608265847e-01
-4.830581154097671748e-01 -1.309512507713073148e-02
-4.810121445723578026e-01 1.085025448205744342e-01
-4.808612102857915960e-01 1.272176188373684846e-01
-4.799719717090257798e-01 -1.171066132309369484e-01
-4.817013717602083300e-01 1.087046788221040089e-01
-4.836663667429348945e-01 -1.979361189527495679e-01
-4.818070773761105041e-01 4.615034103204219973e-02
-4.836886852680346016e-01 2.770940796500969694e-01
-4.852798875182031124e-01 -1.054416603773772054e-01
-4.840972097779189798e-01 2.101790743029524067e-01
-4.809704874772323668e-01 6.259234857046416800e-02
-4.870958591564923945e-01 1.908290301765992458e-01
-4.823231999229838363e-01 1.787414256729627504e-02
-4.818087437681290996e-01 -7.740723335350502277e-02
-4.830103501574923852e-01 -2.459018263732963214e-02
-4.824593039203589062e-01 -6.572442867796554622e-02
-4.798570328327888546e-01 -1.001164908161696621e-01
-4.800816417745690790e-01 2.214283923548516220e-01
-4.800430278968837450e-01 4.452952018842372406e-02
-4.803016215713469816e-01 4.321536242320852400e-02
-4.804136469450065450e-01 2.917276490542387857e-02
-4.833188074844959048e-01 -1.701921050992713513e-01
-4.781922882940665143e-01 2.412584407217505111e-02
-4.866124622283254375e-01 2.542945228698828553e-01
-4.823255777180724957e-01 9.216244156450530134e-02
-4.858137455018001205e-01 1.238981193899960503e-01
-4.810435690243149431e-01 -8.224270176431033863e-02
-4.819622185329465180e-01 -1.532104493490742125e-02
-4.816141217245545336e-01 -1.953104485443319938e-01
-4.847466485022977056e-01 -5.598640215937067399e-02
-4.844007505484547726e-01 -2.587741999141887628e-01
-4.827263587677767531e-01 -5.248334503305085441e-02
-4.801434939935076418e-01 -2.309678133561736957e-01
-4.824002886013906699e-01 2.315775952595259812e-01
-4.804612532758186783e-01 -3.605488981075101462e-02
-4.847209501695529665e-01 5.031674593483365099e-02
-4.846471936889644172e-01 1.488874872578910824e-01
-4.846720392414379797e-01 1.530724124329234659e-01
-4.849176582500537847e-01 2.190497820910994875e-01
-4.806569064746790132e-01 6.596373914160939822e-02
-4.825311405243171148e-01 8.930346338269681827e-02
-4.816095235333450186e-01 -1.093914511999352912e-01
-4.825617759788312089e-01 -2.048131190210925046e-03
-4.809200722934408034e-01 3.515604196271471249e-02
-4.793324706456696394e-01 9.883556923152056473e-03
-4.845875084943900846e-01 2.744648951243139900e-01
-4.825551481071233551e-01 5.881162220266857033e-02
-4.803158638188009255e-01 -1.675720239720482063e-01
-4.790809909189963633e-01 -9.212249937546403145e-02
-4.822309073998643503e-01 1.074914884688582262e-01
-4.779016586167521563e-01 1.071954715621029480e-01
-4.836619344189148628e-01 1.431049789032160513e-01
-4.840506795218885716e-01 2.480280186243230545e-01
-4.840187797710728823e-01 -2.160999180738568809e-02
-4.800254210523141607e-01 -1.299735803016218161e-01
-4.800867735198822706e-01 -1.219420608557053309e-01
-4.819099101131887330e-01 5.732508516282820710e-02
-4.842564344839844215e-01 3.336094693051373794e-02
-4.835110395159378793e-01 -5.134460025818231299e-02
-4.838305521712815138e-01 1.241305768135312765e-01
-4.838050733681816262e-01 -6.693278103869228224e-02
-4.811995439258553442e-01 -1.986388112191525002e-01
-4.799999377770882147e-01 -1.728430416416519289e-01
-4.847416672118975423e-01 -2.745345487064940887e-02
-4.782237667710954043e-01 -6.146275193314925528e-02
-4.787122978403099971e-01 -1.193501200271340906e-01
-4.825722790043411869e-01 -1.609696924430612658e-02
-4.823614284775867844e-01 -1.722825688187629989e-01
-4.834671894988004648e-01 1.424092244336917223e-01
-4.784794818621779244e-01 -2.546282234173138370e-01
-4.840628862021806311e-01 -9.851907495450823449e-02
-4.782633347947175539e-01 -2.093607276898205860e-02
-4.821679051864358190e-01 -6.309512507713073426e-02
-4.805942666480864101e-01 6.189902422868352044e-03
-4.833351391417127219e-01 -1.003705356870693843e-01
-4.811723898060330518e-01 1.556819137968654954e-01
-4.808064861647351473e-01 -9.671524881298332321e-02
-4.766981885682137765e-01 -5.341992174033379642e-02
-4.796801578928335252e-01 -3.046079412644516968e-02
-4.818137172731996043e-01 -1.814944555339142451e-01
-4.814246874455055392e-01 -7.508698499658558734e-02
-4.844360130874619808e-01 1.625055698191404385e-01
-4.840828317470732278e-01 6.754730415806514676e-03
-4.800851924420193595e-01 -9.506090180270325429e-02
-4.801934456152214259e-01 -7.071906513815795492e-02
-4.846255160812887319e-01 1.890897788935376744e-01
-4.800290864074980290e-01 -5.946245695392846087e-02
-4.837079140425690205e-01 -2.515272552053403679e-02
-4.805444603140101578e-01 -9.052294002409559670e-02
-4.815491853391584143e-01 -2.175075952707218596e-01
-4.822534233728960062e-01 -2.929690526288731417e-02
-4.811661330202756659e-01 2.840572521115130450e-02
-4.811692169492243210e-01 -5.879022662677498012e-02
-4.849464618942687100e-01 5.338700892157552391e-02
-4.809394743108230119e-01 -8.029021071574521384e-02
-4.837970989768705654e-01 3.009465045843376374e-02
-4.825067419561986926e-01 1.282015364645738287e-01
-4.809579018896734115e-01 -3.849658967957803046e-03
-4.840689049873972971e-01 -6.965294497678667374e-02
-4.838579382937597262e-01 2.433488985639665481e-01
-4.809384126623913458e-01 -1.513255707724609489e-01
-4.855895794988743797e-01 -1.554416603773772221e-01
-4.803736224097647778e-01 -1.710802214377853681e-01
-4.864365865874878958e-01 1.603590201629266632e-01
-4.815158512616636299e-01 1.169595910616501033e-01
-4.818816638710846090e-01 -3.411114901292235935e-01
-4.822943698584263306e-01 3.480159157972613493e-02
-4.833365440610398189e-01 -7.259977144126711357e-03
-4.819790634086184578e-01 -6.289266365045104168e-02
-4.790341857814085502e-01 -5.470479811576278717e-03
-4.816921034194269757e-01 6.550840690345348383e-02
-4.830742387245153258e-01 -2.201921050992713402e-01
-4.768617372073599703e-01 1.799024019762384199e-02
-4.839972686544913860e-01 -6.384658380015434398e-02
-4.829083180525268748e-01 1.264941300226292975e-01
-4.844296394832801611e-01 -1.312561996960653898e-02
-4.852540733251357596e-01 9.256285924107497676e-02
-4.805492168121906493e-01 -2.066000638946156875e-02
-4.832960734293312854e-01 1.093504949140054333e-01
-4.834440243207163701e-01 7.455907290582569624e-02
-4.846856452364199375e-01 5.443429232652793881e-02
-4.861894136254221732e-01 2.185382177389820768e-01
-4.828118899651837603e-01 -5.206950827939615944e-02
-4.862058210304527894e-01 2.042945228698828664e-01
-4.826770851482172775e-01 1.421624415645053041e-01
-4.852766697425595632e-01 1.026265260971401527e-01
-4.839265608936195173e-01 4.030111466463141140e-02
-4.803458622813708834e-01 -3.224270176431033585e-02
-4.801819201168499029e-01 3.158861564534835159e-02
-4.810086729990379895e-01 -1.815033778946538168e-01
-4.805904116896780320e-01 -1.263797960966697165e-01
-4.782305264456296889e-01 -1.724651132430486955e-01
-4.845044250080071668e-01 -2.366374577630519505e-01
-4.814502687978503559e-01 -1.024833450330508572e-01
-4.850663213930702100e-01 2.004159397188261249e-01
-4.804294507053652463e-01 -2.267602716006944519e-01
-4.841826712441913427e-01 -2.321439454114665735e-01
-4.810355437673765611e-01 1.815775952595259923e-01
-4.840526206579114921e-01 -2.366910401499275687e-02
-4.813469199136883314e-01 4.219572103643540184e-02
-4.789028452663891544e-01 1.223549291504150982e-01
-4.839460756841470479e-01 1.030724124329234631e-01
-4.845306227891778006e-01 2.069156957609373237e-01
-4.842561012302715739e-01 6.753542168308496185e-02
-4.842413647745148486e-01 4.500665328777848223e-02
-4.780901334022762961e-01 -5.579580537174233523e-02
-4.769866362112666902e-01 -4.603786086042885306e-02
-4.842706169033418884e-01 1.184294472287851646e-01
-4.829509051925148788e-01 6.941582433961389353e-02
