1.635351984185342111e+00 6.132569940695029032e-02 4.047849948963372357e-04
9.303465882536139375e-01 3.488799705951048380e-02 1.808966409632892236e-03
1.636382985340387286e+00 6.136436195026448437e-02 3.676865528129819038e-04
1.645402898463885322e+00 6.170260869239560519e-02 4.326128924271588350e-05
1.626255685206127843e+00 6.098458819522964425e-02 7.322408353250681179e-04
1.643911801083241642e+00 6.164669254062146719e-02 9.687579236124232995e-05
1.617003102596982878e+00 6.063761634738681905e-02 1.065597003944498966e-03
1.631087193991668904e+00 6.116576977468754506e-02 5.582797558841973151e-04
1.626308582756139209e+00 6.098657185335518149e-02 7.303358252638419978e-04
1.626149559402320754e+00 6.098060847758687841e-02 7.360627924139634404e-04
1.638155132481415421e+00 6.143081746805298393e-02 3.039271409003979629e-04
1.630345352067294584e+00 6.113795070252345254e-02 5.849853413510269773e-04
1.627577391557639253e+00 6.103415218341132209e-02 6.846446630927455201e-04
3.626959902689703696e-01 1.360109963508623898e-02 2.230037765040784881e-03
6.158887803104651226e-02 2.309582926164205352e-03 4.078120025416312466e-03
1.620524758756515915e+00 6.076967845336919694e-02 9.386838520955426146e-04
1.640995357222309714e+00 6.153732589583657542e-02 2.017597117222463821e-04
1.645604352626121702e+00 6.171016322347941396e-02 3.601822356881501097e-05
1.608809652530585055e-02 6.033036196989305378e-04 1.297773289334462621e-02
1.618552139429351833e+00 6.069570522860065487e-02 1.009767835201860753e-03
2.182810886114339155e-02 8.185540822927828142e-04 1.030273067345234550e-02
3.312264374989926097e-02 1.242099140621372166e-03 9.644133331464507797e-03
1.251545277734506634e+00 4.693294791504384889e-02 1.079500201011759919e-03
1.632618459846135295e+00 6.122319224422997919e-02 5.031611683046638417e-04
1.643355841846074306e+00 6.162584406922774760e-02 1.168677707801407673e-04
1.264077573616795291e-03 4.740290901059096562e-05 1.301993173446587548e-02
9.389975634128688853e-04 3.521240862788821424e-05 1.636145074777302366e-02
2.530186587827998324e-04 9.488199704504873822e-06 1.743619394905816800e-02
2.077778174225386465e-05 7.791668154288888815e-07 1.846462400487737521e-02
5.876866684255688256e-04 2.203825006610871107e-05 1.691052085574186459e-02
