[-0.83399993, -0.013666664, 0.047333334]
[0.5615, 1.6876668, 0.031833336]
[0.031833336, -1.3073334, 0.66683334]
[-0.52383333, 0.051500004, -0.0028333336]
[0.007666666, 0.069]
[0.6853333, -0.009333334]
[0.5168333, 0.7083333, -0.7543333]
[0.012166668, 0.0038333333]
[0.015333335, 2.4445, 0.01699996]
[-0.007666666, -0.57699996, -0.032]
[0.099999964, 0.019499999]
[0.008666667, -0.3245, 0.018333336]
[0.0125, -1.095, -0.0021666668]
[0.0068333335, 0.727, 0.014166667]
[-0.442, 0.008833335, -1.1851667]
[-1.0908333, 0.0066666664]
[-0.026166677, -0.04666671, -0.013666667]
[1.3965, 0.0139999995, -0.005]
[-0.61649996, 0.013833333, 0.109333366]
[0.015333335, 0.0066666673, -0.37633333]
[0.021333331, -0.759, 0.7106666]
[0.0038333337, 0.9550001, -0.042833332]
[0.00066666654, 0.58316666, -0.0735]
[-0.0060000005, 0.7926666, -0.988]
[0.49100003, -1.7340002, -0.002666666]
[-2.358, -0.016166667, 1.2081666]
[-0.21066661, -0.0044999993, -0.020666666]
[1.1781666, 0.017, 0.11433333]
[0.9963333, -0.0011666665, 0.87350005]
[-0.31199998, -0.34950003, 0.059333324]
[-0.13299997, 0.8859999, 1.6939999]
[0.015499999, 1.5371667, 0.7466666]
[-0.50983334, 0.68250006, -0.0033333332]
[0.012333333, 0.29599997, -1.098]
[0.009666667, -0.030666709, 0.004166667]
[-1.0716667, 0.7988333, -0.000333334]
[-0.06316667, -1.6048332, -0.00066666654]
[0.0030000003, 0.0024999997, 0.37783334]
[0.014666668, 1.2918334, 0.33083332]
[0.7071667, 0.77433324, -0.049333334]
[-0.8333333, -0.45016667, 2.3113334]
[0.017666668, 0.011999999, -0.4301667]
[0.015499999, 0.009166666, 0.117666684]
[0.028666666, -0.6923334, 0.009333332]
[-0.00033333365, 0.079166666, 0.16566662]
[1.8948332, -0.013999999, 0.014833334]
[-0.033000004, 0.9633333]
[0.008666666, 0.033999998]
[-0.44666663, -0.0028333336, -0.8303333]
[-0.62483335, 0.6213333, 0.012000001]
[0.019166667, -0.009166668, -0.23716664]
[-0.0009999998, 1.1220001, -0.5473333]
[0.0021666668, 0.010333334, 0.6063334]
[-0.008333333, 0.00016666763, -0.24050005]
[1.0803334, 1.8321667]
[0.009833335, 0.3068333, 0.008166667]
[0.859, 1.355, 0.0014999999]
[-0.39583334, 0.0015000002, -0.22200002]
[0.009833333, 0.19666667, -0.016333332]
[0.018333336, 0.008333334, 0.28766665]
[0.007833334, 1.6880001, 0.0195]
[-0.0068333335, -1.3903333]
[0.008666667, -1.0395, -0.026166664]
[0.004666667, 0.3726667]
[0.012666668, -0.19083339]
[0.7348334, 0.024833336, -0.001333333]
[0.9198332, -0.0018333335, -0.42983332]
[-0.3641667, -0.0024999997, 0.008666666]
[0.0025000002, -1.7251667, 0.0059999996]
[0.03883334, -0.027333334, -0.007833335]
[-0.022166668, -0.776, 0.9131667]
[0.72716665, 0.002333333]
[-0.037833314, -0.6423333, 0.00016666653]
[-0.1035, 0.021666666, 2.1316667]
[1.3553333, 0.0039999997, -0.10466663]
[-0.32733333, 0.5463333, 0.0005000001]
[-0.9296667, -0.021, 0.0045000003]
[0.005166668, -0.26950002, -1.2633334]
[0.5618332, 0.012833334]
[-1.1261666, 2.4166667]
[-1.9118333, -0.0066666673]
[-0.0026666669, 1.8721666, 1.0394999]
[0.31550002, 0.022166668, 0.2545]
[0.00033333307, 0.002833333, 1.1911668]
[-0.08116667, 0.0004999998, 0.2753333]
[0.014166667, 0.008, -0.009999997]
[0.0041666664, 0.41133332, 0.04633333]
[-0.020333333, -0.76116675]
[-0.09883336, 0.2676667, 0.0016666668]
[0.012666666, -0.008666666, -0.27883336]
[0.0066666664, -1.0831666, 0.038666666]
[-0.40733328, 0.018, -0.0075]
[0.23333333, -0.011500001]
[-0.09566667, 0.020166667, -0.78866667]
[-0.846, -0.03483333, 0.018333333]
[-1.1578332, -1.7411667, 0.010833333]
[0.97583324, 0.011, -0.3726667]
[0.031166667, 0.5871666, -0.4723333]
[0.42416665, -0.0050000004, 0.9553333]
[1.3403333, 0.0025000002]
