8.709727121430296815e-03 2.790727767575398865e-03 2.322593899048071009e-01
3.821631355496805937e-02 4.488364769774308427e-04 1.019101694799144475e+00
1.098768811320453842e-02 2.409969128664687932e-03 2.930050163521187301e-01
2.655196911692474238e-02 1.780241363797514798e-03 7.080525097846575022e-01
2.464082973046548275e-02 2.031127811630104030e-03 6.570887928124120592e-01
1.145701793434410198e-02 2.364542889891033117e-03 3.055204782491722781e-01
6.000091707424574927e-02 2.607423379881457226e-06 1.600024455313217686e+00
4.552467589308899221e-02 3.582095309865515609e-04 1.213991357149037498e+00
3.557691794003518815e-02 1.302261294532702784e-03 9.487178117342693895e-01
1.366444446155232195e-03 5.004577972913974715e-03 3.643851856413871104e-02
4.202687812624866792e-04 8.365831038854250334e-03 1.120716750033068365e-02
5.946887255181591836e-02 5.020848784599574177e-06 1.585836601381755528e+00
6.640301501177753307e-04 7.814215098442239826e-03 1.770747066980504769e-02
1.213237630053043414e-05 9.080542918316100720e-03 3.235300346799974136e-04
5.583721540607249068e-02 9.619625694367445190e-05 1.488992410828597457e+00
