5.988401432776193755e-04 -2.649558089345274009e-02
9.965133775499011512e-03 -3.155587005399328182e-02
7.891280523393166130e-03 -2.907046056621078248e-02
8.478897900808930049e-03 -3.097813378522703068e-02
4.102270434877560920e-03 -2.556465924008421292e-02
7.715389917211306486e-03 -2.907143713979488606e-02
4.616798540348333868e-03 -2.648323961514719577e-02
1.082961005668289442e-02 -3.280861939024587448e-02
1.203650731047676940e-02 -3.442082842575043544e-02
5.002817941842053681e-03 -2.735136300314042201e-02
8.296563422294289669e-03 -3.025729320992468288e-02
8.837294374878436332e-03 -3.026693664084201263e-02
9.947084112607546685e-03 -3.251962791068969960e-02
1.873028668849839248e-02 -2.906441816344987328e-02
8.402629042294940120e-03 -2.979756841807688905e-02
1.158751235304526089e-02 -3.448402217850509571e-02
6.609978195847965310e-03 -2.694206773868475235e-02
1.294475444113858328e-02 -3.604921821748194311e-02
1.198006134921435033e-02 -3.456728875263618411e-02
1.548948831304577771e-02 -2.862241019886050883e-02
3.140651333494980102e-02 -3.068614170893323168e-02
2.045426364102424094e-02 -2.930414626835130612e-02
