-3.456387516312096203e-02 8.270477982005433604e-03
-2.879250338328775277e-02 -3.222134763420337125e-03
-3.305044833604155879e-02 2.622028993262148951e-03
-3.235542489205798372e-02 6.641709121760548673e-03
-3.465062653951402061e-02 6.906188971678319140e-03
-3.493858724235437974e-02 7.433114566370782952e-03
-3.291365436968229918e-02 6.815674293261601499e-03
-3.576747244926369723e-02 7.729771533087380526e-03
-3.208488856229632646e-02 6.964398356074538027e-03
-3.479114623715219567e-02 6.287058062334541057e-03
-3.289229990537986814e-02 5.933669007644144788e-03
-3.569566205009536142e-02 6.554997830068915420e-03
-3.596345227046584409e-02 7.293446952563857957e-03
-3.039686374503822869e-02 5.059528815015091642e-03
-3.638220560761479261e-02 7.146557767644187362e-03
-3.540314123870975244e-02 5.892829116546620047e-03
-3.271088993411492424e-02 6.797693023944268061e-03
-3.509062121899691328e-02 7.083047020089069598e-03
-3.566358497407601941e-02 6.819444995702719087e-03
-3.530648405474253598e-02 6.168189236233093120e-03
-3.330745815963536555e-02 6.188820979987257401e-03
-3.431981842275835803e-02 6.884837161096015422e-03
-3.240039371969057752e-02 6.337689088469530829e-03
-3.564727628971606915e-02 7.871267651423003581e-03
-3.138757043865784274e-02 6.042826801009636498e-03
-3.335160823868883739e-02 6.392463023954220690e-03
-3.174616968914301118e-02 6.159464941494600942e-03
-3.328161430520682612e-02 2.918887525402412333e-03
-3.443282350617823950e-02 5.790968067524345994e-03
