-2.649801193825635989e-02 -2.050614742835479842e-03
-1.152098752180870898e-02 -2.266077683793106534e-02
-1.816007531426696436e-02 -2.202554010852122296e-02
-1.101578639563007694e-02 -2.326574809063179650e-02
-1.758809844254952126e-02 -2.209098847723976050e-02
-1.201024238921740220e-02 -2.208678596508795514e-02
-1.089598970668361616e-02 -2.356854478136683612e-02
-1.090244832161417661e-02 -2.313710498941617608e-02
-1.336198044232307300e-02 -2.017226516226818325e-02
-2.137742159004074952e-02 -9.090322675263799376e-03
