2.206578578770990173e-02 -1.175289120537829912e-02
-3.199492574934707789e-02 3.586796427268278131e-02
-3.476196867933276785e-02 3.572193681676053695e-02
1.825466159973640132e-02 -9.574142648644052428e-03
3.894010027554962484e-03 -1.350976206171000324e-02
1.040721628951194952e-02 -1.261166624766045519e-02
-3.840117896727619079e-02 4.772238362227911729e-02
-3.650230638737365918e-02 3.182201094022915622e-02
4.617855340759523947e-02 -1.850129740206470780e-02
-4.133409884511549809e-02 4.111039130858096247e-02
-4.479812313502052473e-02 4.429993381323223123e-02
-4.011081938757731641e-02 4.131541039195643639e-02
-3.261007653615923679e-02 3.563397996492854991e-02
1.839283241687552847e-02 -1.616858564519637123e-02
2.198229217786629858e-02 -9.350903924752046459e-03
2.016092822332619591e-02 -1.414666607914896387e-02
2.976042640475968018e-02 -1.444461888623630591e-02
-1.949347080753829897e-02 3.026192052917441380e-02
2.322915212290801654e-02 -1.284752931058895896e-02
1.227818636903437940e-02 9.766146360125974035e-04
2.228859682068862896e-02 -8.983392081688964387e-03
7.265379680412135249e-03 -1.167835416723580870e-02
-1.497281490499598709e-02 2.526192052917441283e-02
1.192197218321766616e-02 -1.487370656909235353e-02
1.255764894599022824e-03 1.209426569950615947e-02
-8.540682435761294197e-03 -1.218130815327560582e-02
-5.651962084549662368e-03 -1.309096972466010367e-02
1.003537460205825363e-02 -8.846580235156517244e-03
7.425587308153231217e-03 -1.353111445686918692e-02
2.452072931946562562e-02 -1.535839240397368632e-02
-2.041360424436432057e-03 -1.149455311205348565e-02
6.774670703767020352e-03 -1.900250328657343557e-03
1.952072931946562465e-02 -1.035839240397368535e-02
4.610048920366122127e-04 1.094051848307613095e-02
-4.260191274570121825e-03 -1.000511701170021632e-02
7.399278177415095220e-03 -8.018653244991192849e-03
1.377672791035965474e-02 -2.336611272226223057e-03
1.663197373798347076e-02 -1.228051650820775192e-02
-1.873770310148062390e-02 1.886750571982372246e-03
-1.937806546397394941e-02 8.954654887405107122e-03
-7.800654339648266725e-04 -1.178420090912223051e-02
-1.015756884961414516e-02 -2.620092356103479684e-04
-3.663664802887323102e-04 -8.411958606976484461e-04
1.141102583666035383e-03 1.227959465518965385e-02
-2.368488298874677975e-02 9.694567087126080077e-03
-1.110181959502028887e-02 -3.621973905607365693e-03
-1.219925502708596281e-02 4.427808116072900514e-03
-2.271882230594848492e-02 9.548920596198672700e-03
-1.047470631007609704e-02 -2.682791589301136009e-04
-6.236386548064392493e-05 -3.586601845029463095e-03
-2.458036541753918017e-02 9.701536212715569304e-03
-1.078006543396482775e-02 -1.784200909122228562e-03
-2.013274008966669734e-02 7.184996400600263816e-03
-2.064512482734113738e-02 1.283910523929988889e-02
-2.801689951099102516e-02 1.533436321260878143e-02
1.673617428465945522e-03 6.703945823677228202e-03
-5.531418106527374347e-03 1.051567363920288302e-02
-1.518585364347995077e-02 4.638647419609689959e-03
2.207487433398111834e-03 1.166802825624294743e-02
-2.536631297694344131e-02 3.243553600980270818e-02
6.234903348079976274e-03 -8.710321357888097665e-06
-8.325611353363463613e-03 1.382528979557188370e-02
-2.514535428978789677e-02 1.766365643513190947e-02
-3.217407579395861056e-02 3.059952120362913544e-02
1.235370505101147931e-02 -2.796643283492577636e-03
6.063845937861890578e-03 3.274134319434500277e-03
1.028058998260165773e-02 3.710142718584413801e-03
-1.759349778632893560e-02 9.319633710226090523e-03
7.156822795811578278e-03 -2.126529160609555869e-03
-1.796841003343043613e-02 9.544089441583525346e-03
-1.037548163447307020e-02 1.853231807013719021e-02
-2.407728115513747824e-02 1.653823328258190867e-02
6.524620585663152596e-03 1.308417537470342625e-03
-2.389607337194646006e-02 3.572771620336424175e-02
-6.572107518057491646e-03 5.227940931159046067e-03
4.746360754209887067e-03 6.226643872853875571e-03
-2.925748166612573281e-02 1.973172084106988855e-02
8.265623141853764566e-03 6.069439906026776431e-03
-3.188911096012439494e-02 2.735621012962390422e-02
1.528058998260165870e-02 -1.099260055771626374e-03
-3.067073694749581150e-02 1.807064426029916446e-02
-1.849213119076360476e-02 2.121232841476902720e-02
-1.296841003343043516e-02 7.802183037783304125e-03
-2.104780257561976106e-02 2.216800468606569194e-02
-2.032722147831349593e-02 1.585077368146767945e-02
-2.961363069051033831e-02 3.212640414795880917e-02
-2.008806488572001392e-02 3.400258803786782025e-02
-2.280446689431268187e-02 1.907335971455591250e-02
9.663709821063522221e-04 1.191730417162639027e-02
-3.381564006043306925e-02 3.801702948002533972e-02
-4.563752800109149854e-03 1.187485918756839287e-02
-1.461008106429806733e-02 6.184624966321338596e-03
-3.079482282283470262e-02 2.383554623635059794e-02
1.423293386299694877e-03 9.418582331285292597e-03
7.051196522850378470e-03 7.682400460902092353e-04
-2.185667563874824949e-03 5.613077920607134098e-03
-4.196614249543946518e-02 4.291785238800788216e-02
-2.697353015521809089e-04 8.961113195744267734e-03
6.731684490274607302e-03 -6.678697145797815593e-03
4.663771140841362593e-04 1.202621492933766273e-02
-1.549594289239690677e-02 2.325694552587660030e-02
-3.961218508887932518e-03 1.214072736129674212e-03
-3.003494591973507669e-02 2.870765254551573345e-02
-1.624523260506876426e-02 2.450533865053534932e-02
-2.974013442774514973e-02 3.003776635472238388e-02
1.436495348476466913e-02 -2.417853996664168486e-03
-2.445093157849392157e-02 3.473486300699134277e-02
-2.039654963864591386e-02 2.620729481774701844e-02
1.058164966530338730e-03 7.776715791822756685e-03
-6.705204572051953749e-03 8.784950470453500512e-03
-2.380466232168954033e-02 2.605122459880752223e-02
-9.780851305564934595e-03 2.263241989968400869e-02
-2.964730318970740242e-02 3.235275292361757676e-02
-2.230662392569800895e-03 4.483894557491945390e-03
-3.067987529489866680e-02 3.688448286024113842e-02
-2.762388542108008133e-02 2.345589006965720369e-02
-4.575222229154651300e-03 9.506896051502461073e-03
-4.227520863059563982e-02 4.525682129079123400e-02
1.047212592838663893e-02 -5.645235485090762013e-04
-1.720384829166118294e-03 1.007928785033255364e-02
-2.140583228704226459e-02 1.873203754146447048e-02
9.313395307287792788e-03 -5.584236660561520647e-03
3.455711072642534548e-03 -3.387422544748733277e-03
-2.861153673565739602e-03 8.285714607301920137e-03
-5.515219768358376948e-03 1.537086037823882922e-02
-4.878263227594601022e-03 7.271178366672404782e-03
-2.561078218592269598e-02 2.116688410693690070e-02
1.038781491112068453e-03 -2.370213475541365755e-03
-1.329953584461627918e-02 2.701775467720618149e-02
-1.057333061506778200e-02 1.230913191128942680e-02
-2.615045323123678725e-02 1.683754122826881111e-02
-2.686727746615127921e-02 3.353847069104271689e-02
-1.623202759494082881e-03 1.319368826899101899e-02
-1.214651099920855543e-02 1.967433000135051027e-02
-6.933753976419648225e-03 7.336072723186991100e-03
9.929385443119180879e-03 1.479868493925705526e-03
-9.939497982585530564e-03 2.037565675626974715e-02
-3.945541611822530464e-02 2.993316401587114636e-02
-2.422186306789669494e-02 3.066372702622631452e-02
-5.125925771956661714e-03 1.576490509213995805e-02
-7.406974199929410030e-03 1.027663555571017504e-02
-1.906071777301265868e-02 2.195411372225391372e-02
9.648469671828231731e-03 -1.903408299103845087e-03
-2.638171231009522194e-02 3.416087508366310449e-02
-1.954811924310779353e-02 3.184015850447073637e-02
-2.491519579101446683e-02 2.472139327218656618e-02
7.116347095219735172e-03 2.812405928533101562e-03
1.908989372418867705e-03 8.115769048763456922e-03
-1.007455254256820615e-02 8.393281893705440214e-03
-3.136468096647206799e-02 3.152477500552025580e-02
-1.153921034496853230e-02 5.819850038409370846e-03
-1.046625066054129687e-02 1.119592906172710636e-02
-2.599028640731193204e-02 1.940703730709943120e-02
-2.735667014540683548e-02 3.062851582471363271e-02
6.607306533441941951e-03 -5.842366605615196759e-04
-1.372912532846335548e-02 1.696697028152936368e-02
-1.040611574844465745e-02 2.228683237143152043e-02
-9.156261477191561179e-03 2.037086037823883020e-02
-9.790362873872967414e-03 2.029410440810371433e-02
-2.460452902509214709e-02 1.746948755275354315e-02
-9.538064036380938804e-03 1.796622718560738491e-02
5.947854452732427750e-04 1.300458860709545299e-04
3.376797240505918091e-03 8.975898866867886017e-03
3.191803570846978196e-04 2.859602506265545262e-03
-2.184768499959068022e-02 2.547521128853076286e-02
-3.011112489485983160e-02 2.479590406107119033e-02
1.019212636953496266e-02 2.611855123053941768e-03
-9.809239173214287510e-03 2.002892555516844891e-02
-1.342604051509650731e-02 2.104179098554125396e-02
-2.929796189363172848e-03 1.364891447243401189e-02
-9.993896330542016010e-03 2.256107938142580191e-02
-1.208571416204565208e-02 1.683804177067785637e-02
-1.825742193919002374e-02 2.017999914742179407e-02
-1.274646315546705197e-02 1.674959709717910999e-02
-7.743090900225197554e-03 1.327668131423841678e-02
-3.000559652728031559e-02 2.309314359880041551e-02
-4.080157661501637029e-02 3.272951808919766226e-02
-1.952044981825713788e-02 2.114880740831824243e-02
-1.559111102386183043e-02 1.550726417078309924e-02
1.781104655207136310e-03 3.053315312636016923e-03
-4.408714414938078030e-03 8.573041833366479986e-03
-1.940672751451049186e-02 1.715572151238437329e-02
-3.238199833997926214e-02 3.531319969747914733e-02
-1.518988605266550530e-02 2.472471641075823026e-02
-4.403877348745480896e-03 -5.493056569778860879e-04
1.361625190585470137e-04 9.432658704196170141e-03
-3.240028335712904356e-02 3.663030146820804578e-02
-2.406071777301265965e-02 2.695411372225391469e-02
-3.045783496890270767e-02 2.317550389497379654e-02
-2.843590865959561009e-02 3.089001466631146817e-02
-2.415069708413433106e-03 6.208847193676052603e-03
1.620047078761746584e-02 -2.068589526652218815e-03
-1.287275595589173864e-02 2.015546574587228496e-02
-3.055065297802661908e-02 2.822403562494714413e-02
-2.295200566213641616e-02 3.320068026960345392e-02
-2.581084395972590290e-02 2.696611182006146412e-02
-1.439984025284320179e-02 1.995845465399292279e-02
7.174761136853986462e-03 -1.262270449620044987e-03
5.209056549463427117e-03 1.033756066179955871e-04
-1.847070110912197444e-02 3.072862673693953911e-02
-2.580954203375199207e-02 2.641262306190741635e-02
7.814718997173511310e-04 1.050561546485974385e-02
-2.417643221552251073e-02 2.997290538123532910e-02
-1.653921034496853154e-02 9.403009799731118501e-03
-1.453080048550941736e-02 1.958452641854819404e-02
-5.494978964359986152e-03 1.019031625250092603e-02
-7.669582252481450119e-03 1.845382393872936275e-02
-2.348772911791434034e-02 2.152350990698589928e-02
-1.460281578902954298e-02 2.533116117773294082e-02
-2.099028640731193107e-02 1.599665736682409287e-02
-6.599630432398825505e-03 1.094230677669482191e-02
-6.913966288922991990e-03 8.342527100282725455e-03
-2.404442198414477594e-02 3.039064097456841210e-02
-3.434520834173650228e-02 3.550054683756733581e-02
-7.750410442270119077e-03 1.329268542709992340e-02
-8.488513634146304526e-03 1.689769374468609933e-02
-1.821181677001997706e-02 2.386220686439221444e-02
-6.535613355779427633e-03 2.048364460020847891e-02
-2.278896983086100420e-02 2.095915527629305455e-02
-3.029210119600796516e-02 2.831807075082627342e-02
-1.453806403638093978e-02 2.296622718560738588e-02
-1.510691222600812206e-02 1.552086924182887948e-02
-1.261826351101818372e-02 2.072642593385212381e-02
4.342365009418265587e-03 3.755217315531164494e-04
-2.397340540813188564e-02 2.702784322072364007e-02
-1.445522823572511877e-02 2.031365864466143367e-02
-7.124146961144786627e-03 8.560865317950637141e-03
4.924047495739213541e-03 6.812929656339785159e-03
-1.702266800089060825e-02 3.001260239793112142e-02
-1.211188400294755003e-02 1.692467806274789224e-02
-2.050369546822024269e-02 2.650187256744627670e-02
-9.060648210681473275e-03 1.618052562844465511e-02
-2.511112489485983063e-02 1.979590406107118936e-02
5.702993047629460223e-03 7.611855123053942740e-03
-1.255066170694886865e-02 2.082716561335942046e-02
-3.168622899403937543e-02 3.653686520755029810e-02
-2.857329392925558875e-02 3.068196503474451484e-02
-1.206656820490428772e-02 1.232296531648301337e-02
-8.426040515096506339e-03 1.604179098554125299e-02
6.620279063729335792e-03 -4.388384706162139562e-04
-1.657065385097883370e-02 2.545517760295360962e-02
-6.564384205916197652e-03 1.683750247741659656e-02
-5.216688502258114146e-03 1.601606678535287542e-02
-1.325742193919002276e-02 1.517999914742179310e-02
-2.097762188623781415e-02 3.212948707048649682e-02
-2.116512947029509581e-02 2.004529567813927507e-02
-1.842645073428056737e-02 1.682288767626147902e-02
-2.054619037060818887e-02 2.426698776569267621e-02
-1.994751821966633809e-02 2.039576325474198176e-02
-1.976371036501415809e-02 2.292998848101887588e-02
-1.512592577195666366e-02 2.576490509213996000e-02
6.742056054588772482e-04 3.510296165102773890e-03
-5.409353042178823359e-03 1.112510103438278837e-02
-2.261427055697758787e-02 1.728868642494387278e-02
2.288667059260301832e-03 1.002049185203912098e-02
-5.996161514560424503e-04 -1.632649380786695918e-03
-1.459709439443157911e-02 1.813166197755110634e-02
-1.846572740665861773e-02 2.646100597328255449e-02
-1.932409242104942554e-02 2.661415359048299040e-02
-3.506668930938901946e-02 2.648377622491668998e-02
-1.634200577990223974e-02 2.148868262479786129e-02
-2.555065297802661811e-02 2.322403562494714316e-02
-2.258741424971682024e-02 3.403731518365348679e-02
-1.609408346809835383e-02 1.566952148721196050e-02
-2.380991722525495000e-02 2.682657334972658736e-02
-1.332412883474324260e-02 1.998720563927263230e-02
6.676547412975821633e-03 -1.558223517546204967e-03
-2.047558137949327325e-02 3.069179178650011108e-02
-8.653067522097055222e-03 1.860162374262978868e-02
-1.970955620114732409e-02 3.164993018820165538e-02
-1.512463458231757055e-02 1.466379625145554193e-02
-2.368908829762629217e-02 2.138074436547945240e-02
-3.904190738434810265e-02 3.670911490660459103e-02
-2.961163334787148341e-02 2.806003878935462575e-02
-7.455254256820420533e-05 -1.606718106294561729e-03
-1.328993031578308906e-02 2.450944931363111673e-02
-1.147840644103903691e-02 1.535689472611657946e-02
-9.511450691726401271e-03 1.286491020811025496e-02
-1.202670432402128120e-02 2.067620095318193837e-02
-4.556545061730157831e-03 1.462850749999330090e-02
-1.702097082913555520e-02 2.553270677002814071e-02
-1.599028640731193010e-02 1.099665736682409189e-02
-1.445115218014111566e-02 2.704561904146748560e-02
-2.364197297312610815e-02 2.055342713637431720e-02
-1.755290582504462349e-02 2.943676519394307703e-02
-1.947410858349751805e-02 1.816195699732448682e-02
-2.299442851212007630e-03 8.770097476636753639e-03
1.318476031835034892e-03 2.683149665128127179e-03
-2.130032819731948052e-02 2.687020271933659304e-02
-9.419945326833070037e-03 1.550832034926712295e-02
-2.233701432941478937e-02 2.858072457577950573e-02
-9.332322753087617107e-03 5.665898213347937348e-03
-2.547289286997024907e-02 3.503196195834636095e-02
-3.164077881942562592e-02 3.524363320114538151e-02
-1.462957919676468634e-02 1.450231698483370017e-02
1.367016907916517726e-02 5.281569392326210428e-04
-9.750063777434585244e-03 1.659313401622753217e-02
-3.978941332078027131e-03 5.199027319143028139e-03
-1.105195130024122854e-02 1.389468893215057600e-02
-8.413378601511322524e-03 1.468026209409993912e-02
