3.911125036838669633e-02 -3.291931331248819370e-02
3.021383206288502654e-02 -4.595504289996803909e-02
3.125810617587991558e-02 -4.453264990308500315e-02
4.981811788122091078e-02 -3.679120130074367556e-02
2.677746416352803915e-02 -4.976075946478324824e-02
4.246920169112429477e-02 -4.325366527354990165e-02
4.553005353232029984e-02 -3.023870266436442730e-02
3.777150894108467771e-02 -4.973442078257955812e-02
4.450512051291853621e-02 -1.487809849659994799e-02
3.330954078560129789e-02 -4.651917170848651056e-02
4.744692617063229340e-02 -3.846407758917554792e-02
2.457219394019057729e-02 -4.908224250121934196e-02
3.746920169112429033e-02 -4.108228414670132833e-02
1.750540172228350067e-02 -4.210571925542933025e-02
4.475758975142740681e-02 -1.612497425136074497e-02
3.545332135621780123e-02 -5.096581336700703110e-05
4.459684160736389347e-02 -3.741590778545877960e-02
2.404149240953959779e-02 -4.447160958156928107e-02
3.996494194864008004e-02 -3.506164503642156260e-02
3.649386747150860227e-02 -4.708975313615823555e-02
4.240839769805861137e-02 -1.938223869793446325e-02
2.298917389408690684e-02 -4.262224958521942247e-02
4.140399066178930554e-02 -9.066103856733296121e-03
3.857260029931357942e-02 -4.833915462639967742e-02
3.636916920356628863e-02 -4.208975313615823111e-02
4.027206286408192143e-02 -1.591159223529811303e-02
3.643315535217517276e-02 -1.690580752415280809e-03
3.967647406809444305e-02 -4.451415940476516342e-02
3.689282039727287410e-02 -2.689880732278511662e-03
3.701964781172007585e-02 -3.897061111453953286e-02
3.619944408525142127e-02 -1.474602576066026682e-03
3.983170122872902591e-02 -1.531017277026564503e-02
4.029036098891706358e-02 -1.492091834863279974e-02
3.823207847165994988e-02 -4.159581873468741475e-02
3.974316196668623707e-02 -1.762338644856809716e-02
3.621292510585308322e-02 -3.447668294482068158e-02
9.813454516189486221e-04 -2.631316936518598992e-02
2.858723963301929710e-02 -4.817119613125196709e-02
3.166543974058778910e-02 -4.376606505396128666e-02
2.924306211441270176e-02 -4.731634270187570074e-02
3.119805341616918234e-02 -4.648592612751829833e-02
2.952916319579459645e-02 -4.408168695126520736e-02
3.921265879496460549e-02 -3.435377059821936863e-02
4.006785049995294917e-02 -2.802100443122205672e-02
1.481733927084736419e-02 -4.004043506715460055e-02
4.006806439765295963e-02 -3.605245377315664801e-02
2.192096888520425266e-02 -4.278266221471119235e-02
4.134799376753711675e-02 -2.024983623275291092e-02
3.737524735853380020e-02 -3.607277434323998694e-02
2.209148396373446580e-02 -4.281467140411149980e-02
4.043816947258389166e-02 -3.779818277611302069e-02
3.598737010914807022e-02 -3.824482853497463558e-02
3.161262455480785827e-02 -3.853466755866972321e-02
3.814403320823262639e-02 -3.227518870341191531e-02
3.818556003336869703e-02 -3.940471534885273130e-02
3.668228290648883200e-02 -3.808485254045513441e-02
3.112870236190694653e-02 -3.777877126001311786e-02
2.785194971319240181e-02 -4.121876871464000280e-02
3.666481722803308085e-02 -3.458608482629969838e-02
4.524299953807718599e-02 -2.613135412168622954e-02
3.954920205182736737e-02 -3.432018463902761912e-02
1.862871771634139889e-02 -4.318431084908944118e-02
3.420888179603145951e-02 -4.080699886797471004e-02
2.664056116845721356e-02 -4.337887952812032738e-02
4.032851036093465513e-02 -3.413455828458421965e-02
3.798719204518773152e-02 -4.328468566885775720e-02
4.767574715558153126e-02 -2.113135412168622856e-02
3.960358521377353724e-02 -3.287435834492031389e-02
1.615665018825315769e-02 -4.124078030430329556e-02
3.705891429109790108e-02 -3.482382559464647365e-02
2.310745632149171711e-02 -4.285374714787069939e-02
4.295724697664549119e-02 -3.598632451335650323e-02
3.860415530118294081e-02 -2.590479111504158383e-02
3.774631924718147707e-02 -4.415521977887580662e-02
1.337761919627033017e-02 -3.866561521708800075e-02
4.564802034228242211e-02 -1.833677344085555064e-02
4.306568847340186412e-02 -3.230385335286135168e-02
3.750722673060807866e-02 -3.527188702297748280e-02
4.436205344009681861e-02 -3.627440753366560633e-02
4.127947455757011858e-02 -1.867096765061885058e-02
4.359419696443079389e-02 -3.073625308384379112e-02
3.977972458992889981e-02 -2.118154385384106095e-02
1.580482785117818048e-02 -4.042222901466917956e-02
3.979341386370253975e-02 -3.471169066060759978e-02
