4.236342290140086841e-02 -3.941024621941424666e-02
4.140379317698338058e-02 -3.596633640033566892e-02
3.327968275566293987e-02 -2.602513470544861110e-02
1.321563917579822271e-02 1.420536217032111487e-03
3.157844047855751929e-02 -2.328174657929555150e-02
3.356072092548228331e-02 -2.611807245300899402e-02
3.387578641320167921e-02 -2.655343588298217719e-02
3.136526170710424860e-02 -2.302774796649219302e-02
3.649761369227095403e-02 -3.218431279392467564e-02
3.038358733294170902e-02 -2.638572152891305311e-02
2.567040489692682878e-02 -1.533656032163306648e-02
3.659435152667721985e-02 -3.130583156478194962e-02
3.377952391453095671e-02 -2.992302464209576143e-02
3.559139753574007414e-02 -3.068469784516078894e-02
2.650935424066131266e-02 -1.649639247430658220e-02
