4.891600817063819495e-02 -5.258373176173544716e-03
4.440911727176551083e-02 4.513798282833728082e-03
4.690204935195740887e-02 -3.314946387239833814e-02
4.848754548258236985e-02 -2.892785577866133911e-02
4.576549771852310433e-02 -9.082866927434297966e-03
4.943885835338002188e-02 -2.049718961243921292e-02
5.000000000000000278e-02 -3.242141186638020089e-02
4.677760099925345333e-02 1.496701225258397459e-03
-1.651404823822195597e-02 -2.699650577943132901e-02
4.732841173356387016e-02 -3.484939727613813043e-02
3.700292424252518003e-02 1.386808739320395667e-02
4.783566024796957750e-02 -2.216100044419037213e-02
4.908805420071257059e-02 -1.716100044419037116e-02
4.445560125003927138e-02 -1.062146868455527728e-02
4.579406863270804595e-02 -1.027411361042176660e-02
4.149511377456329558e-02 -3.522563922023357053e-02
5.000000000000000278e-02 -3.247812121359133775e-02
4.530716728485161687e-02 -7.139103296264414852e-03
1.559766820745373851e-02 -3.183651070012569195e-02
2.093786981775470207e-02 -3.250737421366895613e-02
5.000000000000000278e-02 -4.431475227853563965e-03
2.835266294983224133e-02 -3.354146874540706036e-02
2.895568846843499938e-02 -3.367890554516273643e-02
5.000000000000000278e-02 -4.514971685164665023e-03
4.942615038752106588e-02 -2.735113297445573334e-03
4.797812649622524434e-02 -2.349827894329191078e-02
