4.753871707662742085e-02 -2.555883023103148327e-02
3.902465533715340079e-02 -2.641111163434273559e-02
4.469159380837552792e-02 -2.700786408318589862e-02
-1.362154061853209155e-02 -1.949438839325020115e-02
3.678106146461335157e-02 -1.279484798390956302e-02
4.446662111963547992e-02 -2.371477221167485674e-02
4.229681596507357116e-02 -1.964989439361185600e-02
2.319039271386880846e-02 5.385883759134145465e-03
1.326916719304608271e-02 -2.337898031795734508e-02
3.002884106749109314e-02 -2.546995327431740910e-02
3.808562144606830041e-02 -2.645641453798409232e-02
4.162833984323498909e-02 -1.906704795634929159e-02
4.098631680090009111e-02 -1.853578445214469281e-02
