1.032277516411204965e-02 -3.341359570350891511e-02
1.400712514669801012e-02 -3.773938631475923927e-02
-9.825559744633479212e-03 -6.717251184421624277e-03
1.092440448718097479e-03 -2.134127703084038458e-02
-1.164605308318491551e-02 -3.192288166443185780e-03
3.812181558896033176e-03 -2.441630023618190579e-02
6.989053926991665782e-04 -2.400286749722106011e-02
6.794349729323913636e-05 -1.941630023618190481e-02
5.467466442845871771e-03 -2.737812788777763476e-02
-7.696661241034344000e-03 -9.775510170680313041e-03
4.674664428458707999e-04 -2.237812788777763379e-02
-9.605589230130199066e-03 -7.221569959956975621e-03
-2.000374670454619849e-02 -1.937801341091013353e-03
-1.168793205792700504e-02 -1.041328739877009357e-02
-1.518634283248721309e-02 -3.376678390861810077e-03
-9.929377764779338464e-03 -7.870769223976760431e-03
-2.014575001730376652e-02 -1.644418421308856647e-03
-3.938794095616267310e-03 -1.484452353184467603e-02
-2.702417748471147400e-03 -1.716789710808783870e-02
-2.310852336970778756e-02 -1.520651284025002770e-03
-1.095207932833231271e-02 -7.394929649041419306e-03
-2.023655778044849279e-02 -1.216173173087892190e-03
-1.538551567937957408e-02 -3.286603723787734094e-03
-9.093455155999914663e-03 -9.646521526087534562e-03
-1.073905913303232693e-02 -6.922289387907417865e-03
-8.972742343803932069e-03 -8.701740836774964766e-03
-9.408131800983848825e-03 -9.454000440847553505e-03
-1.351535629425662868e-02 -3.620670866597164132e-03
-1.190604089951089774e-02 -7.372011042701838088e-03
-1.142868633174540802e-03 -2.068822225847112561e-02
-2.012279208652575924e-02 -2.899968650964472594e-03
-8.350989134022490656e-03 -1.309788128190248271e-02
-8.371621534143756233e-03 -1.266310429584753365e-02
-9.938627372219094314e-03 -9.319828587203564038e-03
-8.608833159813516350e-03 -7.835003721973305899e-03
-3.446551178725809281e-03 -1.881010632910766478e-02
-1.963685475439715458e-02 -3.124374726334916766e-03
-9.083266579280168534e-03 -9.868488647480508358e-03
-1.092039574621148958e-02 -1.262253015045825509e-02
-9.079579341163889622e-03 -8.393797423285383891e-03
-1.251781235568804294e-02 -9.044411153940924708e-03
-8.362689836465649756e-03 -8.000991500957557387e-03
-1.362204907804315940e-02 -1.000885464212257318e-02
-4.044028691100235925e-03 -1.956503222031497416e-02
-1.740685465200295101e-02 -4.066618628606737118e-03
-8.668526260980745010e-03 -9.487261614334958210e-03
-8.248828796909961347e-03 -9.997414530681744682e-03
-1.055744689664712965e-02 -1.095674860537177754e-02
-1.493193258243545336e-03 -2.193587781988094731e-02
-1.781209066089322474e-02 -4.305213435782842546e-03
-8.059309530654118481e-03 -9.808768786760806505e-03
-1.208505900037233974e-02 -1.149463009199632596e-02
-1.293044693681383653e-02 -2.688528113685567829e-03
-1.653922620581043182e-02 -3.218155300386191069e-03
-1.245667119517080909e-02 -9.322153732345815624e-03
-1.028436903694270044e-02 -1.174361223164414880e-02
-9.964963767047373827e-03 -6.359687639740492504e-03
-2.036481986550764053e-02 -2.696872609091083457e-03
-8.119386492022061252e-03 -8.421752952333435432e-03
-1.174739767854638718e-02 -1.176140481755168915e-02
-1.043370136516073160e-02 -1.224786978984277949e-02
-1.149096451193291207e-02 -1.009193602852670804e-02
7.035887635954856702e-04 -2.358059654116382090e-02
-2.105604259600324379e-02 -2.318413540875770458e-03
-1.349009386374088425e-02 -5.437675564177265122e-03
-1.970620925526792022e-02 -3.469076252077133663e-03
-2.029491450915867426e-02 -2.566431898289940790e-03
-5.929372876070090198e-03 -1.434612200948912585e-02
-1.078423143732814074e-02 -1.084025513097755869e-02
-2.329160074123178339e-02 -3.429494880167445817e-04
-9.345782053548809878e-03 -9.538956306621297274e-03
-1.454971599030914844e-02 -8.283123591342759356e-03
-1.746639310622076155e-02 -3.415424926847187778e-03
-9.883517806106311560e-03 -9.468757526258418308e-03
-8.364838849447074620e-03 -8.308670322732109037e-03
-7.533917971018265578e-04 -2.176062848434159869e-02
-2.028246305914523095e-02 -2.684652406759090865e-03
-1.144831300233357246e-02 -1.027820695610962703e-02
-1.095491894539476867e-02 -1.113323950640852239e-02
-1.981916035316278954e-02 -2.838750943824877322e-03
-1.254376771032356813e-02 -7.834452746492557434e-03
5.417276790079224649e-04 -2.033501619516796255e-02
-2.052606129731382543e-03 -2.035971877725047813e-02
-1.168919310554650606e-02 -1.051767196928423895e-02
-9.032413056017370850e-03 -7.399810882865606732e-03
-9.210310615224096692e-04 -2.080803586615345355e-02
-7.993445480373657583e-03 -1.326985876814505173e-02
-1.265660196964913525e-02 -1.098998403448838909e-02
-1.009806751429645835e-02 -1.148189352236659785e-02
-1.308228644578236094e-02 -8.859643431272925737e-03
-1.061338369634921147e-02 -1.205552448619278891e-02
-1.322392708755012677e-02 -8.222664293307108824e-03
-1.591251056472788722e-02 -4.693730814660964680e-03
-2.184542478959978704e-02 -1.342854972070229094e-03
-1.640920685731375728e-02 -2.074168519637983616e-03
-7.106423274323889726e-04 -2.225897060205994996e-02
-1.563488380490764273e-02 -4.808807515848809860e-03
-1.712300706081448104e-02 -5.557407294078467626e-03
4.108103286950552831e-04 -2.310384297173300600e-02
-1.723842247961223165e-02 -3.571551681933839324e-03
-1.730399318340317821e-02 -5.090237503925934895e-03
2.811402640923712712e-04 -2.249676961303513634e-02
-1.402486891177363859e-02 -7.716653835261866150e-03
-1.049017268694125982e-02 -7.528258453951022083e-03
-1.645409695244080817e-02 -6.767712027399941203e-03
-8.753189919131629942e-03 -1.401779359998884048e-02
-5.139639467925951125e-03 -1.852904932910229632e-02
-1.272924769502787462e-02 -1.008277123329006687e-02
-1.255964793991197134e-02 -1.016875369847479102e-02
-1.285357147917630394e-02 -8.083708876981520602e-03
-1.119831702576426155e-02 -1.048315303135802061e-02
-1.276745449402662269e-02 -9.087167876702720998e-03
-1.099355307934388182e-02 -1.093693640130148116e-02
-2.135914999128634209e-02 -2.106645197510647466e-03
-6.973555181872138214e-04 -2.149557477830890684e-02
-1.193368510235236907e-02 -7.074168519637984154e-03
-1.009211220576013320e-02 -1.331537087221823165e-02
-2.044201775210018751e-02 -3.309538604442783909e-03
-1.184629607928673264e-02 -7.953426987440925452e-03
-7.638480470278635921e-03 -1.601110738110948783e-02
-2.055886684212472962e-02 -2.467509549595271745e-03
3.281044313905269287e-03 -2.517853205797884047e-02
-1.586183612060509951e-02 -5.339486781456540161e-03
-8.565893936896952152e-03 -1.397974184206449491e-02
-1.598706665016193587e-02 -3.416116430922658091e-03
-1.576077328576069164e-02 -5.410245998054310362e-03
-7.515089028271415561e-03 -1.311233985550859169e-02
1.008726439161118649e-03 -2.336661160449146971e-02
-5.324512957225083915e-03 -1.753315534746081872e-02
-1.913396908103613507e-03 -1.894190695902123883e-02
-1.212562973120485162e-03 -1.896750017780940781e-02
2.051320170695459209e-03 -2.473495623580706029e-02
-1.204960509688993153e-02 -1.016520050919466657e-02
2.235492355305666347e-03 -2.222033796302641875e-02
-1.672500241516979708e-02 -4.226867880919725658e-03
-1.031755621561911661e-02 -1.092242982307516617e-02
-8.521217903479038312e-04 -1.885893548493447133e-02
-9.430124184816373809e-03 -1.148133883549986439e-02
-5.492355206284628248e-03 -1.579316845816946743e-02
1.893443063089085901e-03 -2.368465826039907463e-02
-9.270252622829131678e-03 -1.414564506282701625e-02
-5.615701890714090011e-03 -1.691497676921910678e-02
-9.212640917283692818e-03 -1.299576210477111117e-02
-1.142605292121387159e-02 -1.114706672615606298e-02
-1.179645884485603854e-02 -1.062796967924260587e-02
-1.266643146862939801e-02 -9.291159672413821027e-03
-5.993553079343880846e-03 -1.593693640130148387e-02
-7.600657013914836543e-03 -1.180838169129237725e-02
-1.097742397046759695e-02 -1.174496645338697458e-02
-5.204313237029035630e-03 -1.536172427063114271e-02
3.532237880138617940e-04 -2.134352473828544580e-02
-1.210390084901102545e-02 -1.075016981621367690e-02
-8.846163677521503080e-04 -2.091313135518298519e-02
-1.184629051944345070e-02 -8.723078205309771349e-03
-4.057089386129511879e-03 -1.906012101094611833e-02
-5.209289373611831336e-03 -1.499339471976949417e-02
-2.405649682589299041e-03 -1.788058929698065416e-02
-3.023348861306918503e-03 -2.071167025931041836e-02
2.254158491078071466e-03 -2.434331169806746784e-02
-7.852673117732505287e-04 -2.099057262819422481e-02
-1.396597409442427475e-02 -6.370147011965114278e-03
-6.990489653780695284e-03 -1.441250328709677703e-02
5.731824405573646662e-04 -2.107171801903635205e-02
-1.255034828509021642e-02 -9.952258424759972272e-03
-9.873195410416068726e-03 -1.156515391278935788e-02
4.532905515826657697e-03 -2.665852713575925584e-02
-5.858378572481128498e-03 -1.534607871404993114e-02
-2.166946771068746502e-03 -1.960211276773433237e-02
-6.603304476758874511e-04 -2.127862762650449893e-02
-1.040913722539607220e-02 -1.232494168122070383e-02
-1.172500241516979611e-02 -9.226867880919725762e-03
-3.960071860624381559e-03 -1.957396067660225475e-02
-5.927605006237398472e-05 -2.141155156870868173e-02
2.260167792879083128e-03 -2.428543698662669059e-02
-6.559933046074435496e-03 -1.439245963190083182e-02
-1.467518345571929006e-02 -7.742857631099539506e-03
4.000048591365303052e-03 -2.570794803541137999e-02
-1.075221046757714877e-02 -1.262507832426823864e-02
-4.402054746607412042e-03 -1.703377953029479655e-02
9.622432092638603593e-04 -2.242809799184045452e-02
2.902515653819737976e-03 -2.366793354983463826e-02
-2.493949574640334094e-03 -1.921986710070161877e-02
-5.337617496201334591e-03 -1.740214048582403375e-02
-7.142769877013415217e-03 -1.249352850317392988e-02
-5.429737118608168010e-04 -1.923752569009830674e-02
-5.112543096411259827e-03 -1.661197596940169191e-02
-6.173000995633016671e-03 -1.703161403516469802e-02
-2.364024094976611371e-03 -1.985656240783051710e-02
-8.110021393894478042e-03 -1.404667166464350705e-02
-5.204605279179373364e-03 -1.575387870872158036e-02
-2.983914694894634727e-03 -1.862008111265064242e-02
-7.666431468629397034e-03 -1.397055469288507878e-02
-1.387403421680167941e-03 -2.028487278478952743e-02
-2.611284628931289601e-03 -1.943724528591310105e-02
-9.784105023949753177e-03 -1.316351575714144392e-02
-5.008873394469601139e-04 -1.897437752302668854e-02
-1.044201775210018557e-02 -1.330953860444278672e-02
-1.270866356951954809e-03 -2.079146938856481219e-02
3.470402722617527917e-03 -2.538908128544933168e-02
1.962573593598612980e-03 -2.293918312159250877e-02
3.677128983176173715e-03 -2.453196642486943357e-02
-9.606051577662204528e-04 -2.181571271366986031e-02
1.122556003242446490e-04 -1.990203051863463288e-02
-9.841922537441821425e-03 -9.862956749717724514e-03
-2.187331576312819340e-03 -2.059965717014222708e-02
-4.052174420342564976e-03 -1.748000559341916782e-02
-7.060686663499721356e-03 -1.471874233901693946e-02
-1.055886684212472768e-02 -1.246750954959527369e-02
-9.313432951254262820e-03 -1.089275842621940243e-02
-8.445112675485840284e-04 -2.199923028999785368e-02
1.112466287436532364e-04 -2.219198530011637707e-02
-3.328301881228231535e-03 -1.956169448671996741e-02
-1.009295759320060284e-03 -1.962402941562630537e-02
-7.794234869302491681e-03 -1.355952237532500985e-02
-1.562456897041810669e-03 -1.892306800269999076e-02
-1.379325506774968816e-03 -2.115231070276436115e-02
-8.591116322855994747e-03 -1.095320601268318095e-02
-9.326519633623419486e-03 -1.102992036792808939e-02
-7.546071238141710026e-03 -1.405447790859291543e-02
-2.540389459055848558e-03 -1.815418995486479600e-02
2.934512830442860109e-03 -2.458911768228703651e-02
3.871443885890159427e-03 -2.508564609336411122e-02
-1.040947348075245762e-02 -1.012601002436673212e-02
-5.629989266635267858e-03 -1.529844036425396896e-02
-3.944095291522398128e-03 -1.741772749605424372e-02
-2.692577366963900057e-03 -2.039299246853751996e-02
1.410362368074722685e-03 -2.203004046508372227e-02
6.569857699738786139e-04 -2.158559466772063881e-02
-4.340354858148327832e-03 -1.931018576379314733e-02
-6.159410099343494080e-04 -2.097568112011534425e-02
7.651399886350472752e-04 -2.085675619372084552e-02
2.833053228931254469e-03 -2.460211276773433334e-02
3.213950615830474429e-03 -2.469959267886127560e-02
-6.959035379485193837e-03 -1.560893631316527530e-02
-1.702990002666442734e-03 -2.109330768733812256e-02
4.034117985682682435e-03 -2.578757489458676985e-02
5.458243780641943224e-03 -2.767413315297522977e-02
-6.184126945113003343e-03 -1.721043651857100468e-02
-5.869711018390904797e-03 -1.750720919626427841e-02
-3.715176104983913645e-03 -1.936906230088433420e-02
-1.507718770739515084e-03 -1.986602730563394315e-02
1.084081004123274182e-03 -2.199462159858086435e-02
3.205751324192212311e-03 -2.367828027645439704e-02
-3.528756130568646253e-03 -1.953838349277644409e-02
1.285124752093909188e-03 -2.248315222616836112e-02
-6.203442468069317664e-03 -1.694077700305968853e-02
-1.331883683509935568e-03 -1.997674452779957255e-02
-1.350732819308227486e-03 -2.110754715273174820e-02
-2.883409679820782105e-03 -1.906813120928173982e-02
-3.070768286670674807e-03 -1.898838798456994187e-02
-3.376174962013336195e-04 -2.240214048582403472e-02
-4.541679153340188492e-03 -1.686402911858592840e-02
-4.124575097911979855e-03 -1.807912596170553263e-02
-1.125430964112588555e-04 -2.161197596940169288e-02
-4.859731701227357811e-04 -1.907123217181388997e-02
-1.462930945407478305e-03 -2.062231412121269883e-02
2.030800423393500521e-03 -2.425618170962303213e-02
8.113696152835792302e-04 -2.146152062417990003e-02
-2.035496208459769765e-03 -1.770930175661879907e-02
-1.794171673575765263e-03 -2.146129115878153693e-02
-4.275824458652892693e-04 -2.145644342590368597e-02
-1.508795574266104562e-03 -1.945032588670585552e-02
-4.131922826485317363e-03 -1.699022610723095045e-02
6.334627731299797421e-04 -2.260334880042913150e-02
-2.041520887534236869e-03 -1.911976364330759959e-02
-1.387972256482366065e-03 -1.728280659061006211e-02
4.054568430215308404e-03 -2.517688863383112097e-02
-5.757863426175059002e-03 -1.574472456580893603e-02
1.148102963629742644e-03 -2.232603361376210571e-02
-2.666431468629396062e-03 -1.897055469288507976e-02
3.007919197263653720e-03 -2.464130054510309600e-02
1.325129132622464637e-03 -2.128168682281245117e-02
2.280713174828638296e-03 -2.372092165898553526e-02
4.262681501137523775e-03 -2.665918104386841292e-02
-4.784105023949752206e-03 -1.816351575714144490e-02
-9.478896158766500490e-03 -1.392551579892715476e-02
-1.325284720402533558e-03 -1.871506749478383733e-02
2.045443928823494333e-03 -2.289928427332655475e-02
-5.442017752100184597e-03 -1.796878779586197350e-02
-2.120032449543838779e-03 -2.162272695350137344e-02
-3.332525261431698149e-03 -1.821185930469050585e-02
-4.316366814243801156e-03 -1.540139045608241754e-02
1.652530117907358934e-04 -1.981523458932243215e-02
2.120304462362432134e-03 -2.282579341311152810e-02
-2.101702388099411546e-03 -2.046629349966138517e-02
1.757628684820186030e-04 -2.218353229426888590e-02
-6.003075916965593811e-05 -2.109326898471982140e-02
-3.802856279709912642e-03 -1.683415723912932982e-02
2.316579740699929377e-03 -2.341487598868738709e-02
2.997915514111512345e-03 -2.472081460020136498e-02
-1.140083799208975110e-03 -2.050335719879367580e-02
-2.370724101482163219e-03 -1.808832296592682159e-02
4.843147196520328560e-03 -2.671027394850285230e-02
-3.042327612053296985e-03 -1.865350282252165731e-02
-1.340738383151966057e-03 -2.066249457306194512e-02
2.718648759186537145e-04 -2.145379581935766972e-02
-4.704478082780231239e-03 -1.681242254886616480e-02
-2.011024456651633319e-03 -1.603486421491307976e-02
-7.506429901237024471e-03 -1.255373644982175907e-02
-9.140211087269520251e-04 -2.033757570119061955e-02
