3.502686474417117390e-02 -4.813410132067225816e-02
3.102686474417117382e-02 -4.879958824808853374e-02
2.822686474417117342e-02 -4.926542909727992664e-02
2.109632782862994049e-02 -4.177748270489203830e-02
2.975947922232563547e-02 -4.447406643799575732e-02
2.290947254707116978e-02 -4.338842955286599523e-02
3.102192426374687090e-02 -4.728956045636037442e-02
2.464359530168709969e-02 -4.329747091028195161e-02
2.805719541935071393e-02 -4.174892523199436045e-02
2.455440047395750225e-02 -3.404530774630981638e-02
2.570184790746500580e-02 -3.599925455246147377e-02
2.012126337178147054e-02 -2.798834660404367694e-02
2.738960789632102072e-02 -3.840335976140793472e-02
1.911899115824650108e-02 -2.661023083683436430e-02
2.196427060803809311e-02 -3.052046605423214265e-02
2.403544359518006851e-02 -3.358035564121084060e-02
