4.011608032719963732e-03 -2.395472892556969793e-03
1.606608759805253691e-03 -2.103359961433303588e-03
2.764534768642634699e-03 -2.409341215444465827e-03
4.865701227629672110e-03 -5.739970556753149281e-03
9.086312591727419702e-03 -3.014550771836571608e-03
1.918823229137332428e-02 -2.526949551635027102e-02
1.757802334337156894e-02 -2.306573397880953141e-02
1.304901217460306684e-02 -1.689068739056245883e-02
1.882044356649228978e-02 -2.476593244258566001e-02
1.726305239370488215e-02 -2.262318962918625706e-02
1.276148024172513683e-02 -1.647585078636211106e-02
1.758639790750078473e-03 -1.710371462776537170e-03
