2.716814953845325675e-02 -4.678971929181418438e-02
3.091149713213028893e-02 -4.180516693129283923e-02
2.783340309638297760e-02 -4.832503388295048691e-02
2.499376843178534313e-02 -4.796154885943068602e-02
3.986564871528273934e-02 -3.538073730513940918e-02
4.044624235547288060e-02 -3.476084502789557329e-02
3.411378092231193149e-02 -2.124366685485565981e-02
3.416024192418005978e-02 -2.228938925606130037e-02
4.060530563187353392e-02 -3.161512119747826588e-02
4.549833126439049857e-02 -4.596666300838359032e-02
3.951767134895212141e-02 -3.625573203919590926e-02
4.506867965303984480e-02 -4.591285100637748640e-02
3.149140932462389519e-02 -1.758074987033007158e-02
2.982091522058625752e-02 -4.818515778964232998e-02
2.552040483103005727e-02 -4.877525055326885350e-02
2.465036558640511244e-02 -4.835291777352084680e-02
4.017032593687248215e-02 -3.854685716303656029e-02
4.006867965303984036e-02 -4.136785288132412836e-02
3.136020825600107503e-02 -4.722279190777158714e-02
3.453985215530285674e-02 -3.596852861358701414e-02
2.202585734885628005e-02 -4.625518211195350088e-02
4.134487907066851375e-02 -3.956892778250684778e-02
2.923020330159788530e-02 -1.373862178365929144e-02
3.549833126439048969e-02 -3.690075979507476123e-02
3.515296140094888167e-02 -3.777558578627831370e-02
2.700696730678191562e-02 -5.315745639806885615e-03
3.075026960622063640e-02 -4.369969006466946360e-02
8.492055060138524458e-03 -3.284958076140531702e-02
4.032226480219994191e-02 -3.627491595916920719e-02
3.145399100285437011e-02 -1.545996956133978591e-02
3.105256711315790979e-02 -3.464524424784733159e-02
3.278831879425231355e-02 -1.582262539133089119e-02
2.856321408427615893e-02 -8.465340718494623190e-03
2.802581229427168058e-02 -8.287879268584295162e-03
2.925210564419119044e-02 -3.441313508789113629e-02
2.902246821526355963e-02 -8.408528230367025985e-03
2.913408168603052323e-02 -1.324159660391354548e-02
2.923338874103621060e-02 -1.340852823036702696e-02
3.123413697702227820e-02 -1.695311132491154199e-02
2.359886079673996148e-02 -5.439538934529780656e-04
2.328590752480727208e-02 -3.337521802461171708e-04
2.936863939863846792e-02 -1.064212636207160709e-02
2.979238918527555430e-02 -3.665754043584418947e-02
2.863296994548757482e-02 -3.559053277033321500e-02
3.017849296257119757e-02 -3.625005877351321348e-02
3.096806182907442181e-02 -4.113256268183634878e-02
3.121548934298093436e-02 -3.574857140769643893e-02
2.893629856745916565e-02 -3.429452044376688630e-02
3.369836379311101637e-02 -4.261327696092485212e-02
2.634122462230455153e-02 -3.992784199262965072e-02
3.336197449104304213e-02 -4.282147876424369920e-02
3.284679815885552245e-02 -3.623328607852172034e-02
1.267328424375602572e-02 -3.695907567248784414e-02
3.063951003650500909e-02 -4.197003022628305324e-02
2.955653812939489089e-02 -3.459323849288157421e-02
2.972120100400208603e-02 -4.284370609608564168e-02
2.976454477960407963e-02 -3.589538041574311111e-02
