1.047702583915416374e-02 -6.475340173969986422e-03
6.152861807123955265e-03 -2.152540718249123033e-03
7.638780579689198949e-03 -5.759611864861105893e-03
9.830319080469425083e-03 -5.783684451593775269e-03
9.876404996558122568e-03 -5.985693393325294473e-03
9.911001347863324096e-03 -5.985585540638565030e-03
9.721784793741717126e-03 -5.742270867071366802e-03
9.652112893579241001e-03 -6.017223334558102071e-03
1.020342933547806544e-02 -6.064825072370274954e-03
1.028539605872961539e-02 -6.332165499250901747e-03
