-3.710760013393502726e-02 2.090141806075952735e-02
-3.956255201347373684e-02 2.408189315288296675e-02
-3.365811272286802630e-02 1.868755530844888602e-02
-3.837759818990480604e-02 2.312363694018151200e-02
-3.794744865446984805e-02 2.218600922120193136e-02
-3.452588640480662441e-02 1.742791658948384184e-02
-3.049747985477711115e-02 1.547365827949529274e-02
-2.906966956534200175e-02 1.404901999173441447e-02
-2.530885671810901433e-02 1.030705521514063867e-02
-2.522344205219754359e-02 4.797838781522571067e-03
-3.488698209365627412e-02 1.964472733189886328e-02
-3.864654147653566463e-02 2.333668341909588342e-02
-3.512986962608660724e-02 1.823164198614642822e-02
-3.019247213598729926e-02 1.156484518313666797e-02
-3.008904827270615645e-02 1.141972926077883602e-02
