4.667241013171682940e-02 -2.249326439223860163e-02
4.138142048235327053e-02 -4.179275336246349865e-02
4.086687544915111603e-02 -3.604566125144804956e-02
4.083870584923804392e-02 -4.276411492524655883e-02
3.942304562355079811e-02 -4.774815549141821214e-02
4.035931517146434944e-02 -3.499620191185896095e-02
4.561894714742729950e-02 -3.893885712788202474e-02
4.067759800337371334e-02 -4.137374600345631454e-02
3.972818774666905806e-02 -3.930273679181881669e-02
4.352480154818569313e-02 -2.897544891785058460e-02
4.440257917418421324e-02 -3.887019527525942264e-02
3.944150689096401208e-02 -3.485623465273234023e-02
4.503416798613503469e-02 -3.720965256322955605e-02
4.007220898090632644e-02 -4.247968074016539308e-02
2.779149296809447708e-02 -3.578475174802847603e-02
4.545150858200258659e-02 -2.397544891785058363e-02
4.518402958544465164e-02 -3.387019527525941820e-02
4.441540801330629007e-02 -3.500286854696968430e-02
3.975345256586569620e-02 -4.069110158596134230e-02
4.488061597580816908e-02 -1.897544891785058266e-02
4.348181791062188939e-02 -2.887019527525941723e-02
3.158023257833111885e-02 -3.497413142431640698e-02
3.303402914028828741e-02 -4.090935892339397917e-02
3.969587787827053016e-02 -3.676576923444718759e-02
4.311843196566355479e-02 -2.287314462691348443e-02
4.199561717114392440e-02 -2.527011260451724611e-02
4.475135193504667375e-02 -1.565517938808893422e-02
4.759656375464779710e-02 -1.782213403289435033e-02
4.760770494971324623e-02 -2.113526405577155487e-02
4.514622417451569225e-02 -1.556610443960438142e-02
4.006355239559836884e-02 -2.559807862963482672e-02
4.645246846369804200e-02 -2.177767851911084282e-02
4.690028943548726903e-02 -1.499229572783638588e-02
3.959985294201613659e-02 -2.348641500898292211e-02
4.508242666204139576e-02 -2.432601228406191737e-02
3.261308393923630089e-02 -3.725960107698314538e-02
4.427866275759109738e-02 -1.242520184330273177e-02
4.350410357029643044e-02 -2.456350014037324628e-02
4.410760096816621761e-02 -2.550354014812689432e-02
4.445832126175703475e-02 -2.098361446000465702e-02
4.061105300326960793e-02 -2.393193139590655411e-02
4.274413238495138739e-02 -2.563752690236796930e-02
4.486284838791785440e-02 -2.207210202752080824e-02
4.359807300322583040e-02 -2.027968140489781051e-02
3.060134981666294551e-02 -3.344758389195146009e-02
4.296190020750948607e-02 -2.480169400747957859e-02
3.909588700760851382e-02 -5.061334010541224809e-03
4.404494037476786028e-02 -1.987889035020813655e-02
4.069747357185334730e-02 -2.454471260346949985e-02
3.303291276507376584e-02 -3.796082134570485933e-02
4.121996322705697574e-02 -2.718902606982613601e-02
2.989920633924240609e-02 -3.337339737274288426e-02
4.157512006160177243e-02 -8.206608563490997571e-03
3.169018105283042536e-02 -3.439054907920122833e-02
4.174798043761264454e-02 -2.381234375204686546e-02
3.612163703993545583e-02 -3.334354219404736530e-02
3.500098425319875944e-02 -3.746218916209154148e-02
4.142115976104908392e-02 -3.040386600525497168e-02
4.427805584581021026e-02 -1.854036546496449014e-02
3.652077757509362282e-02 -3.404405950970535583e-02
3.950653599171162489e-02 -2.343612379405025925e-02
4.205938423281303795e-02 -2.496709851111693357e-02
3.891047452863973660e-02 -3.435560275446299799e-02
4.297955966142456841e-02 -2.969537636115826898e-02
4.475371685390790166e-02 -1.652334857685789152e-02
4.380600333739829294e-02 -1.154766331297155807e-02
4.162281321431634401e-02 -8.581041151525702765e-03
4.244092670020376684e-02 -9.684129570782884153e-03
4.205660799688939328e-02 -2.935560275446299702e-02
4.383791231634334706e-02 -2.666518041081920171e-02
4.504145850868662010e-02 -1.620069366465748048e-02
4.189708957748469742e-02 -3.258651152146286450e-02
4.214506459270374317e-02 -8.946453708929869714e-03
4.421552194640684941e-02 -2.435560275446299605e-02
