2.792963297773487161e-03 -3.285567433762884987e-02
6.168960776032163251e-03 -3.616984118975147267e-02
2.335654054872567803e-03 -3.266976809735284981e-02
1.873608525704060493e-03 -3.262111460222499870e-02
2.551637011059801775e-03 -3.250698430311504961e-02
1.111626398463524869e-03 -3.110736149986928489e-02
3.071192182983315498e-03 -3.305180669896713025e-02
3.596982082529419367e-03 -3.285880355210119008e-02
2.095289186312319918e-03 -3.210360788251875180e-02
3.106435175383640175e-03 -3.289542914587653688e-02
2.434338219776864543e-03 -3.244628408988776969e-02
