1.237971050830168063e-02 -3.182363337883548082e-02
1.250530529327609046e-02 -3.081413256088733413e-02
5.691543304562569905e-03 -3.013462869767079624e-02
7.198979652338281798e-03 -2.658163843430717821e-02
9.492156518322306807e-03 -3.100432566202587781e-02
3.381182476514059919e-03 -2.270985453606459009e-02
1.555627195515568110e-03 -2.956207528037922694e-02
-1.819281692322185368e-02 -2.647666966369251890e-02
-2.613123398042534878e-03 -2.893005055831137512e-02
-4.537773205494401163e-03 -2.863646539309790129e-02
