-2.874250404731485894e-02 -1.429667383478385422e-02
-3.580223248801751856e-02 -7.105687376614068344e-03
-3.134169370910322439e-02 -1.150718280259578272e-02
-1.407887743222364409e-02 -1.294555411970593761e-02
-3.186401382191471343e-02 -1.024499169184661662e-02
-3.377749176875986109e-02 -1.011165840455213565e-02
-3.222606041352056583e-02 -1.043914377505156602e-02
-2.784258820704075058e-02 -1.078848222016782002e-02
-3.093359048246170639e-02 -1.031094061715852328e-02
-2.642265629689282552e-02 -1.102521597764897533e-02
