-2.658712708466054453e-02 -2.114996383940170865e-02
-2.456491564224846588e-02 -1.546121679567202117e-02
6.361122660492046776e-04 -3.780607945768034439e-02
1.596120677250270625e-02 -4.752911038654128451e-02
3.373727080393840172e-02 -4.605715241248312802e-02
5.770662371901949528e-03 -4.068557697828023567e-02
2.128296072657162585e-02 -4.802414278515235169e-02
2.017779268060959641e-02 -3.374193469374321686e-02
-3.557500017119444649e-03 -3.429898292815025673e-02
-1.179575178864153764e-02 -2.443957043512183167e-02
1.945070907924780629e-02 -4.729128836227036031e-02
2.994748548830681797e-02 -4.105715241248313052e-02
3.048588577320570162e-02 -4.299152952187185184e-02
-2.105837205082560903e-03 -3.622424291858598877e-02
-4.411430624667239675e-02 -3.510763716566929569e-03
-1.759316434454060579e-02 -8.853829332678629996e-03
1.736458673394761579e-02 -3.590351105907019225e-02
1.642708501020585798e-02 -3.315298127130174299e-02
3.129149804669272700e-02 -4.089864038083973474e-02
-3.911430624667239231e-02 -5.549297507191800621e-03
2.975012061218770473e-02 -4.292480522214866395e-02
3.144875631305500685e-02 -4.036406781319875486e-02
-2.152491400223542628e-02 -2.095520811743413481e-02
-2.560381124928491625e-02 -2.078550866330760097e-02
-3.201867868960212027e-02 -1.189626251180881528e-02
-3.411430624667238787e-02 -8.853730388663792750e-03
8.636009153480346534e-03 -3.058136647502593744e-02
-2.696147276330771239e-02 -5.706909506203701812e-03
2.475012061218770376e-02 -3.792480522214866645e-02
-1.004268285895962114e-02 -2.160175151113299941e-02
-4.799649178429565843e-03 -3.085125259449621182e-02
-2.322996585815405302e-02 -2.422108433921827189e-02
1.701291516556674779e-02 -2.489739869079272971e-02
-2.033904681131066747e-02 -1.237742584356567657e-02
-1.326193697581992507e-02 -2.847839819011772911e-02
-2.641478427856056369e-02 -1.384731831139122439e-02
-3.128095589678202282e-02 -1.081223287251464361e-02
2.158801662140061306e-02 -3.024268191001719744e-02
2.293554301025885547e-02 -2.830390484684675370e-02
-9.154069100684694010e-03 -9.081056439346663761e-03
-2.796112176563636531e-02 -1.795070284274138256e-02
-2.653234729501907987e-02 -1.572353619202147487e-02
-2.396351904474793015e-02 -1.031620842230444347e-02
-1.397933605351222436e-02 -2.314993094991229378e-02
-3.084823468952446052e-02 -1.093105409022142836e-02
1.020035082157043707e-02 -2.775228263761399944e-02
-1.047992362484631915e-02 -2.732419118205550723e-02
-6.641837919398767449e-03 1.361002598761197613e-02
-2.544635725937760898e-02 -9.985627901626530772e-03
1.369547031164888677e-02 -2.313016679835372749e-02
-8.547476136059583771e-03 -2.009127176244454235e-02
1.793251592076402709e-03 -2.050113539423244896e-02
7.629920829732902282e-03 -3.055310264416086219e-02
5.075288330089633426e-03 -1.342104975174467432e-02
4.967912506002287489e-03 -3.002724627682980263e-02
-1.324558251773671341e-02 -9.006188185663902696e-03
1.460292101149906867e-02 -1.523709547600082120e-02
7.261427440874101968e-03 -2.902015896921789420e-02
2.680494376871812683e-03 -3.463075534931796262e-02
-1.493864130353498090e-02 -9.093723368468167173e-03
-2.619076918683488353e-02 -9.050899128549717149e-03
6.749819653291810190e-03 -2.171726319798694335e-02
1.020302945679274487e-02 -2.299029153714748225e-02
-4.032167171235184581e-03 -2.960223403481015980e-02
9.410085650138266464e-03 -3.375844059175331369e-02
-5.396338001759253857e-03 -2.086985260200500264e-02
9.835606912891717291e-03 -1.968358325515397189e-02
7.680494376871813654e-03 -3.914913994244026418e-02
-1.430543984622439577e-02 -9.312566871609835942e-03
1.189260464279149124e-02 -1.681110106077344374e-02
2.261293917155756533e-02 -3.179183570778023465e-02
1.293779018089431625e-02 -1.586998969729858794e-02
-4.021379146014769992e-03 -2.206902901443982476e-02
1.022919699365183906e-02 -3.376756431513496665e-02
2.864069827258992982e-03 -2.149630421802691330e-02
1.101570350766149613e-02 -4.102279489528023321e-02
1.411516753726162546e-02 -1.858745755724866902e-02
1.202488003517329304e-02 -2.312068937734728172e-02
1.268049437687181549e-02 -4.234374847635682254e-02
-2.133475815343115201e-02 -1.069100017164296632e-02
6.727781312378211358e-03 -2.951625552914159331e-02
-1.723615605631737338e-02 -1.614206553301970881e-02
1.070779826072976518e-02 -1.894875773424942525e-02
2.116984479365009025e-02 -2.436643393397405766e-02
1.384754615825169524e-02 -1.762227883256589980e-02
2.325586789225485632e-02 -3.083180714857424246e-02
2.324006538583090441e-03 -2.476366206901220099e-02
5.421462843424483188e-03 -2.112849313829203574e-02
2.014494917208119185e-02 -2.420359891143121153e-02
-2.532270634853708326e-03 -1.458391898096974941e-02
-1.764169055051354948e-02 -1.214865832554462913e-02
1.016737805427735293e-02 -3.224243751799382718e-02
1.378948583917250295e-02 -3.176741079710531518e-02
1.461416358393009644e-02 -3.089761440536026652e-02
-5.180189031292093023e-04 -2.369863352763217426e-02
1.136255962950125445e-02 -2.572288713316576644e-02
1.080067302479268375e-02 -1.316409842962866332e-02
4.811426437700497966e-03 -1.677359630292251866e-02
1.818993675540770110e-03 -1.454284725099024532e-02
-9.668699410688281343e-03 -1.529684387807470590e-02
1.850420566411737841e-02 -1.936809775745922807e-02
-1.257401409993444408e-02 -2.156293467694933227e-02
2.049373549604514150e-02 -2.268284352296049550e-02
-4.883771767615984957e-03 -1.160445083699889607e-02
1.592159141241071552e-02 -2.141667382444656029e-02
3.258428785044297209e-03 -3.361017795475635533e-02
4.115167537261623515e-03 -9.194241812120300394e-03
3.877485286209572928e-03 -1.906815394930043081e-02
-1.490718252798589778e-02 -9.699598216355917804e-03
-1.791862511990625906e-02 -9.349463313438562129e-03
-1.092093647752337589e-03 -2.684990127188627632e-02
1.262634287367251848e-02 -4.252322845183133249e-02
7.802842458150029137e-04 -1.852812416924019823e-02
-1.098963992368484806e-02 -9.993639006616707524e-03
1.512010686266455559e-02 -3.069099755318153641e-02
-3.238850795821624894e-03 -2.451856688642962967e-02
1.504194257507316355e-02 -3.398915103193339560e-02
-2.039651292028009724e-02 -1.120797989900848557e-02
-2.607810331943089671e-03 -1.180835938862907775e-02
-7.466826261397699685e-03 -1.700676714454041338e-02
7.466953916061527981e-04 -1.509138315395393282e-02
1.360579878160778598e-02 -1.916369806679111762e-02
2.296566266153686128e-02 -2.826768773625092795e-02
7.172740934753847608e-03 -2.750538817170384773e-02
-1.505261091951788990e-02 -9.757741933165468839e-03
-2.376202838146952018e-03 -2.015264554282894527e-02
6.827718073807286653e-03 -1.951605881566649894e-02
-5.263231719447823524e-03 -1.097801548557155761e-02
7.626342873672517508e-03 -3.752322845183132805e-02
-1.257540996649087264e-02 -1.324879461912464862e-02
2.464765219298723983e-03 -1.247439785424955296e-02
1.012810026817529546e-02 -2.721948489877342933e-02
-1.274896073139094275e-02 -1.440066444416148762e-02
5.620805095594720927e-03 -2.162333144943856533e-02
-6.881972246641249180e-03 -1.691490574355369869e-02
4.629659783174869085e-03 -1.905507911284354261e-02
6.060558285631342974e-03 -2.470475066245235440e-02
-1.026063909288462556e-02 -9.724556838567250880e-03
-4.789046451477106496e-03 -9.719554475353119755e-03
-7.861004725528739079e-03 -1.495767762279589554e-02
1.546529565327205494e-02 -2.682138098541431148e-02
1.420557991682585598e-02 -3.295279354215543272e-02
1.235855492618484139e-02 -1.634547394152109298e-02
-3.238320208239769005e-03 -2.349088874539651678e-02
4.566853164070259173e-03 -1.059891270475108588e-02
9.569006877801870814e-04 -2.945790833070546094e-02
-5.255153802091789943e-03 -1.563859938248444645e-02
-1.311671365706349249e-02 -2.238038586268111321e-02
-1.010852957245043232e-02 -1.412077282260360001e-02
-1.567449005808630932e-02 -2.122114683099964733e-02
-2.575839981229685605e-02 -6.715970201101172966e-03
-1.337461005066079706e-02 -1.328286820270113862e-02
4.006332739683029706e-03 -2.240504858952678188e-02
-3.846858698725516557e-04 -1.358997766295869797e-02
-1.482010339992976926e-02 -1.571503345681437430e-02
1.796566266153686031e-02 -2.383983467492511304e-02
4.128811122051893358e-03 -2.250538817170384676e-02
-9.575438667451326331e-04 -1.343753793755435647e-02
-1.543955854232604424e-03 -2.294517947049736634e-02
1.249289598703028428e-02 -1.966415502900541526e-02
4.525659805988043252e-03 -1.265488882588677172e-02
-1.343914379913238241e-02 -1.264423521466132364e-02
-1.837990131257937094e-03 -1.217312511712838850e-02
7.314229134542824147e-03 -1.952350635389410449e-02
-1.830145972594984446e-02 -1.162543411516788437e-02
-2.402132310071417032e-02 -1.295901606467557074e-02
4.879464700240069078e-03 -1.564075119436917488e-02
2.626342873672516537e-03 -3.252322845183132360e-02
-1.732448027689931919e-02 -9.927520973019764161e-03
-9.401735887436250827e-03 -9.763662069012198075e-03
1.410994436635542096e-02 -3.349408224437311343e-02
-3.689358441725259889e-03 -1.378155721317517006e-02
-1.000025613933372935e-02 -1.116526605406325569e-02
-9.554861623524025377e-03 -1.470391210169748157e-02
-6.121781367806292118e-03 -2.003055381689994308e-02
6.208050955947199551e-04 -1.805184574743810139e-02
2.454799210384952645e-03 -2.027670618886309381e-02
-2.017768930573392988e-02 -1.418704648616181743e-02
8.808961517957509049e-03 -2.055814763429254094e-02
-6.981669464401298042e-03 -9.768872229377015270e-03
3.495242446312628315e-03 -1.229129802700201085e-02
-4.914348691175520270e-03 -9.370437514019154188e-03
-2.052568324219954110e-03 -9.672777955618440740e-03
1.475311522004089243e-03 -1.222295203905133382e-02
1.269299803573561980e-02 -3.289698589394554618e-02
7.358554926184840417e-03 -1.693076426805901688e-02
8.838219176957354609e-03 -1.870407299204993740e-02
-9.220273745864777243e-03 -2.048345934847457112e-02
-1.179310199877564753e-02 -8.968600938699992919e-03
-1.061688546933868375e-02 -1.569006034952286771e-02
8.965331252021620581e-03 -1.808297797703111581e-02
-4.777782854742828765e-04 -1.972659153165426393e-02
-7.573694658123600494e-03 -1.258169540718164642e-02
-8.585863666905800551e-03 -1.067599743648354506e-02
-7.498176221476934508e-04 -2.474960310782566703e-02
-1.250219026925111256e-02 -9.080196814341825323e-03
-2.709052437832688495e-02 -4.479623860335717883e-03
-7.082966220896383218e-03 -9.911144947195251256e-03
-1.982010339992976850e-02 -1.071503345681437333e-02
1.296566266153685934e-02 -1.883983467492511207e-02
4.797336609787410805e-03 -9.517735619901941668e-03
1.257177654233840314e-02 -2.383416847498418326e-02
3.005902808478787790e-03 -1.939800899564417605e-02
-2.324840687586968591e-03 -2.010238968152026212e-02
-1.492930853683526772e-02 -1.558016106451436643e-02
2.577002249007480979e-03 -2.117434124817613866e-02
-1.152098537302856905e-02 -2.156340341951324541e-02
-8.818768165512958640e-03 -1.679864093394210778e-02
-1.876072412165846054e-02 -1.124762128324228831e-02
3.496341675275019961e-04 -1.098116562597172344e-02
4.634549978923150834e-03 -1.468110229735956201e-02
9.109944366355419987e-03 -3.198764189552357612e-02
3.006651768023481993e-03 -2.266272680977498774e-02
-1.083599009298806884e-02 -2.116893053334006208e-02
-6.034567525497825172e-03 -2.506271827856041898e-02
-1.796337176345253785e-04 -1.154372950254667005e-02
8.809475848406864932e-04 -2.014576141200445647e-02
6.977231898189521428e-03 -2.098403518479107291e-02
-3.067381661158359932e-03 -1.057621894993141139e-02
1.500764668516540654e-02 -1.757113801891738852e-02
-8.894617810706011499e-03 -1.467412997632822763e-02
4.421969941726092493e-03 -2.361622212667391363e-02
-1.349892326150498902e-02 -8.909874517001013100e-03
6.948762354311636275e-03 -2.387046064329503836e-02
-1.245185938698899382e-02 -1.589614529695321590e-02
1.079069896448006313e-02 -3.363119888381110173e-02
-8.087514125995726513e-03 -8.949196562714298309e-03
2.358554926184839445e-03 -1.646791187820297389e-02
-1.726504356515547872e-02 -8.951062523922210384e-03
7.719882988921603420e-03 -1.557614698946136779e-02
-1.174127883063666444e-02 -1.795081656215395324e-02
-1.131724419782062160e-02 -1.892888268430445442e-02
-8.881631905838523189e-03 -1.396860093869999389e-02
-1.486628353575950717e-02 -1.565374870239146649e-02
-1.195406155092965626e-02 -1.793444908600846932e-02
9.696509609149096690e-04 -2.260297064199277145e-02
1.852267490955185900e-03 -8.067218874838823911e-03
2.616783815079152305e-03 -1.569652618238479014e-02
-2.246682626139770086e-02 -1.304838390043840633e-02
-3.245602100461101452e-03 -1.513377813432768143e-02
-1.210980804644805689e-02 -1.152292924894291783e-02
-9.980707319653940590e-03 -1.397051633195348953e-02
-3.095464415726503164e-03 -2.363269065864311361e-02
-9.043099312219814861e-03 -2.247768149770636506e-02
-8.285078859914144639e-03 -1.087458579544351919e-02
1.458835897804171625e-03 -2.396502100520733411e-02
-1.868669822149518142e-02 -1.440588733011940320e-02
-7.939183133683212767e-03 -1.109102365538170917e-02
-8.502795071243286068e-03 -1.175938482242056514e-02
-1.363903222384363345e-02 -1.576060173587034638e-02
3.497337593016645874e-04 -1.125346201864298526e-02
8.498194415298379600e-03 -2.374735621090333718e-02
8.723290917921610113e-03 -2.552657005154750081e-02
-2.487010535612802289e-02 -6.311142099517805942e-03
-1.222024155441527385e-02 -1.736219707936352899e-02
9.534601043196064968e-04 -9.929241841785679465e-03
-4.604884254793530952e-03 -1.702416974245100911e-02
-1.902301913555946855e-02 -1.780229148853707671e-02
9.246162632573367429e-03 -1.796719421139320386e-02
-7.310135401887180376e-03 -1.186201421728053616e-02
-6.589101260684390726e-03 -1.480445861172138139e-02
-6.258410946237257660e-03 -1.957681280460436823e-02
8.029417262697182214e-03 -1.715823338313835628e-02
-1.217866133359204669e-02 -8.002972668378408733e-03
-6.503931387732446098e-04 -2.271960479616228282e-02
-1.245473364233115263e-02 -1.236377763514358991e-02
-7.259271466013829388e-03 -2.743565582618705256e-02
-6.058180849228822495e-03 -2.264423521466132558e-02
-6.911850777165567776e-03 -1.260521572596257946e-02
7.363762608850941277e-03 -1.734099013832259006e-02
-2.468785758846091943e-02 -1.690328284732656866e-02
-5.429325451855157927e-03 -1.089650923192727813e-02
-6.367632150228800560e-03 -2.420080389946321561e-02
-8.767427523421090704e-03 -1.004479090041463137e-02
4.776016166910071817e-03 -3.165228312471961292e-02
-8.855120154150485090e-03 -1.008725098979367657e-02
2.199983245036182290e-03 -1.865271023086800123e-02
6.345172168360224685e-03 -2.454836245036157855e-02
-4.568644863749325713e-03 -2.027668042161728107e-02
-5.261535027479609210e-03 -1.352418162076853350e-02
-3.966660470320969127e-03 -2.323416242830741302e-02
-1.759336223712837724e-02 -1.369937762140191299e-02
-1.856703898572601222e-03 -1.973844381715981686e-02
-2.346083613985847950e-03 -1.581066344598980669e-02
-9.153144513181379546e-03 -2.475661088937974874e-02
1.058311892950482801e-02 -2.117008926884416178e-02
-4.588073113011350949e-03 -2.904132902492143412e-02
1.444959419568038732e-03 -1.461400023781719848e-02
6.496457219076712253e-03 -1.992223588833838890e-02
-1.983651482625565371e-02 -9.561469247671639665e-03
-2.033879343118965080e-02 -8.499679391937639897e-03
3.385018942407066068e-03 -1.457089056869130886e-02
1.000764668516540556e-02 -1.619154851613267831e-02
-7.677788479688477802e-03 -1.824389158059556634e-02
3.540517286458829717e-04 -1.516154500806725022e-02
2.351395065644669435e-03 -1.628282211047966249e-02
-8.053581933684453298e-03 -9.063012680128480075e-03
-3.862214723427214065e-03 -2.023273728220927395e-02
9.199176650620734252e-03 -1.572998003311674303e-02
7.311615242112165861e-03 -1.920381344142403982e-02
