1.546822936290550080e-02 -2.783809145813260014e-02
-6.305866480704616986e-04 -1.168903244121348786e-02
4.999609217628806813e-04 -2.590687663854434122e-02
-2.761241563124363437e-05 -2.582306455073960644e-02
1.481213277262688824e-02 -2.717198662588569263e-02
1.791281437391943274e-02 -3.026987890367820178e-02
1.544696295460699399e-02 -2.801855038692209823e-02
1.502685764806947072e-02 -2.739669610334100752e-02
1.688921438125942642e-02 -2.820884153608616343e-02
1.591906482377074272e-02 -2.815454395600549067e-02
