-5.383957271495667940e-04 -9.329340833215793438e-03
1.302199304388743269e-02 -2.837655289189621247e-02
2.145470838213569403e-02 -3.989589283326946262e-02
-4.643016697236290215e-03 -6.325037559202819834e-03
-1.286496045837268263e-03 -1.157500798030663275e-02
1.645470838213569306e-02 -3.489589283326946512e-02
2.070248963125103855e-02 -3.778673533118351302e-02
-5.659804141992946097e-03 -8.252981026794536587e-03
3.022182925263080123e-04 -1.358165551580969681e-02
-5.513379612798550294e-03 -1.281178504565575436e-02
-3.829834879761143118e-06 -1.247672641934905249e-02
-1.149806094061031278e-02 -4.841419509858068543e-03
-9.296684017197066191e-03 -8.325817146793817666e-03
1.303567463547184585e-02 -2.989899191574527798e-02
-5.154560855288634925e-03 -1.182986338627589791e-02
-9.574561897385733961e-03 -5.344103602532575270e-03
-1.406187023691191432e-02 -4.637476228081498751e-03
-6.498060940610311809e-03 -9.841419509858069514e-03
6.904669772560496910e-03 -2.489589283326946317e-02
-6.440832587647853623e-03 -8.717591469059919607e-03
-5.905611321562483952e-03 -5.022380130758847226e-03
-9.571655711097432767e-03 -9.474711430378410237e-03
-1.032140273293707076e-03 -1.444540200308800509e-02
-5.106475358885422325e-03 -1.214738004168964755e-02
-7.264492465827270852e-03 -1.194551163861887720e-02
-7.118010770119405015e-03 -1.201495713408184084e-02
-2.848709204411594906e-03 -1.422226781690679245e-02
-1.498060940610310837e-03 -1.334111418299209137e-02
1.524735041554810093e-03 -1.763293256858447164e-02
7.726569462574701605e-03 -2.080998954026441750e-02
-3.378615618739888495e-03 -1.501323128612446281e-02
-1.159176008218078084e-02 -4.015967157372830540e-03
7.322707645381981711e-03 -2.449765108139210362e-02
-2.815866695489031152e-03 -1.024246325875533513e-02
-1.058392440455993219e-02 -8.170932347812309010e-03
-5.837730346446839275e-03 -6.480471575157578483e-03
-5.970518400759420620e-03 -9.203568316399381166e-03
1.019240156555455135e-02 -2.427363670581848820e-02
-4.587599119066225993e-03 -7.295684650020282588e-03
-5.722103048258694868e-03 -6.620457298352915021e-03
-9.921614013809138335e-04 -1.105603358958480789e-02
-2.118010770119404043e-03 -9.386714551387939642e-03
-3.005662605202671922e-03 -9.345632752997073966e-03
6.319264313631818217e-03 -2.069014017406234363e-02
-5.471817394874161494e-03 -1.231090091077464629e-02
6.763666632943879375e-03 -2.040045519753959716e-02
7.344654615036184248e-03 -2.244775882016235638e-02
1.987817675164171329e-03 -1.386817079368869721e-02
-5.583924404559931221e-03 -6.966709058123956785e-03
-8.377303464468383032e-04 -1.081626104176165032e-02
2.722886219475882663e-03 -1.426478121000568366e-02
-1.701137838171412620e-03 -1.350654110581722168e-02
2.840589177781168394e-03 -2.179639144851479304e-02
7.384577723466203419e-03 -2.014800122071803284e-02
3.412060979606445187e-03 -1.622770488997326427e-02
-1.571954244386601640e-03 -1.217085479215368818e-02
1.178826554126301274e-03 -6.538018693679672338e-03
4.274744231547562834e-03 -2.069624708188880571e-02
-6.621445344825841600e-03 -1.106237905199819807e-02
5.495952289304367050e-03 -2.103092934626341753e-02
-3.782884177703574324e-03 -7.448801560767420032e-03
3.588381928612275045e-03 -2.135649709225009851e-02
-1.206116090820122388e-03 -1.623154534515992842e-02
-1.462957385972928070e-03 -8.361020803090427750e-03
6.016356115649369035e-03 -1.930564449609740302e-02
-1.004502197136116284e-02 -6.108901528764407174e-03
-3.458488418852583707e-03 -6.772263429726789463e-03
-1.621445344825840629e-03 -1.448817548635253881e-02
3.921978624719676607e-03 -1.930187238750850215e-02
-4.161758462442183282e-03 -1.409856376344088488e-02
4.106369010999458627e-03 -2.228322756024088414e-02
-2.473847367877000936e-03 -1.522478739079037580e-02
2.532378173674521005e-03 -1.793905022511049080e-02
5.499556297454755334e-03 -1.819940249880593053e-02
1.346847763421584604e-02 -2.819239589140835542e-02
-4.613170200948601279e-03 -6.360832307916485136e-03
2.899819490121353753e-03 -1.980918443034302562e-02
-9.794060042710647784e-04 -9.027214500066433125e-03
6.128572030695645344e-03 -2.448228966492869627e-02
2.478201810680083581e-03 -1.980756982563677132e-02
4.809993074456177589e-03 -2.268724878851808430e-02
-1.734973621396427267e-03 -1.460002421002148769e-02
-7.255748956453029856e-03 -9.430316313690449703e-03
1.537359179112067487e-02 -3.317090202802420312e-02
9.153205859005267286e-03 -2.766255885140304904e-02
1.524881104267289400e-02 -3.129823567463670131e-02
9.894428220957847755e-04 -1.551388399315302771e-02
6.130298602211177797e-03 -1.920684548117148824e-02
2.607318579021790546e-03 -2.168239060342434452e-02
3.981900465163095565e-04 -1.487246459163906603e-02
1.116584224344067608e-02 -2.597742652790818729e-02
-3.254814372588906313e-04 -1.373988053207389481e-02
1.084664953813789696e-02 -2.701819615669667080e-02
1.508804597973816691e-02 -3.099630182480083915e-02
5.464475552373703957e-03 -2.134160622609435065e-02
8.207733902737188864e-03 -2.199437595855699076e-02
7.430058071998734900e-03 -2.263157870640435110e-02
2.818362252218572454e-03 -1.582801177543903537e-02
6.090663530268132855e-03 -2.201969807840954696e-02
-2.954221488710544186e-04 -1.410952866532940234e-02
6.074776138874433268e-03 -2.361172317635882451e-02
1.495943392939038524e-02 -3.075475474493214942e-02
7.302211815342309585e-03 -2.354801411038366654e-02
4.229153206074125898e-03 -1.770845817430393571e-02
9.529701358166135436e-03 -2.328246811413228409e-02
1.158766849617649114e-02 -2.634483156398747042e-02
-1.567386769914276470e-03 -9.703090882061619210e-03
8.770111162356115236e-03 -2.287973862861494845e-02
-1.689871906758466614e-03 -1.315808633490363026e-02
1.002586147430525008e-02 -2.438960084271262624e-02
-2.321681083388065902e-03 -1.321791612787768383e-02
-2.352805044451831452e-04 -1.453692312950574661e-02
4.859583987335045104e-03 -1.867695040290711511e-02
1.347848355158575220e-02 -2.813984347591194993e-02
7.102262426892980846e-03 -2.001475532804054130e-02
7.840260099774832431e-03 -2.356412308780866244e-02
1.220122556988609795e-02 -2.672573166681529652e-02
3.298555931283437409e-04 -1.470309088206162018e-02
7.366837375519460357e-03 -2.579697238867910761e-02
8.595286008206163772e-03 -2.462726862779623591e-02
6.392227754123964122e-03 -2.074145190553617485e-02
-4.012279577180285009e-03 -1.162456012286479032e-02
4.099462285434515331e-03 -1.879671491080088519e-02
1.699350403663394023e-03 -1.398375482775952687e-02
1.023990811052350597e-02 -2.479195332835483837e-02
6.094558225117944171e-04 -1.189745327405563984e-02
6.925734633878504604e-03 -2.090038357054729498e-02
4.115653298684076103e-03 -1.574416153655968861e-02
-8.211322143214412617e-03 -6.232955383028590708e-03
-1.337003736891644512e-03 -1.035423728488513162e-02
-4.374087780240889720e-03 -6.017739319808716215e-03
2.518233574502607743e-03 -1.651027543823428700e-02
-9.695924364006349447e-04 -1.021262788756073688e-02
-1.706496692294879464e-03 -1.221375873099823407e-02
2.804044940445745045e-03 -1.501474484758386421e-02
5.238736778870546531e-04 -1.359493617235064608e-02
4.428134035840615434e-03 -1.917668402526125082e-02
1.379628280950068002e-02 -2.979195332835483934e-02
1.210323606839173657e-03 -1.537215843350774568e-02
9.451976233434736772e-04 -1.518531137379065810e-02
8.954057028366690582e-03 -2.482977589845243929e-02
-1.169904817727987142e-05 -1.555838928041067618e-02
-7.613471847338433920e-03 -4.961766973787948981e-03
6.506714330704878660e-03 -2.018082024953360420e-02
5.060858439176381569e-03 -1.692791041261641066e-02
4.828111083411181122e-03 -1.878459293455755214e-02
-1.923043594142573830e-04 -1.153339389999068904e-02
9.090277020818205572e-03 -2.570172267902305283e-02
8.482047711983266985e-03 -2.244779423628048484e-02
-8.341842066156135828e-04 -8.737461967347953662e-03
-1.113136000949897309e-03 -9.986345715786434235e-03
3.430024009139185336e-03 -1.547193903543358715e-02
1.676575767690847334e-03 -1.591397691411542206e-02
1.683200325085745450e-02 -3.409143152863770843e-02
4.083865918275555312e-03 -2.000167305333823073e-02
1.032863357342498137e-02 -2.750645983948955819e-02
-4.533030955827981393e-03 -4.897749751017882285e-03
9.799191896533200608e-03 -2.614411404029927735e-02
-1.002767975629650313e-03 -8.716017570390534666e-03
8.164686674904190686e-03 -2.345525950052964811e-02
9.772205755285534590e-03 -2.384562183805482433e-02
-4.303595462778702849e-03 -7.227313082134992350e-03
3.878702942281147571e-03 -1.609880685713201837e-02
-3.927496585878241043e-04 -1.635309605611910688e-02
3.788023835786274562e-03 -1.901082753102916259e-02
2.572174387467901068e-04 -1.170049475938285399e-02
8.585539384556799269e-03 -2.329727022428087352e-02
5.635894524341288720e-04 -1.097832359883673704e-02
1.932897470068794914e-03 -1.290177675024319244e-02
-2.425026626891415345e-03 -8.965986757193799422e-03
-7.980976753754400344e-04 -9.353151810410603728e-03
1.909801130571013019e-03 -1.476999652138372317e-02
1.892372211566715774e-03 -1.295196574779880830e-02
6.192452601848242449e-04 -1.363966983725219129e-02
-2.826210607816000663e-04 -1.113023526991082507e-02
-1.150082252397940843e-03 -1.070579197039214780e-02
3.082487225493895332e-03 -1.888926326273545481e-02
-3.652112141418125150e-04 -1.065913606598132765e-02
5.026983806038057973e-03 -1.943399657861543187e-02
3.985010764245869481e-03 -1.655310506111252328e-02
2.576888175927376234e-03 -1.470817407077979096e-02
-1.574265358267204137e-03 -9.400775797877770901e-03
1.160650360841782719e-02 -2.799562716777085486e-02
1.025048417849172555e-02 -2.424783776993322260e-02
-4.626545213017854360e-03 -9.465209105577066656e-03
-3.095611787999141048e-03 -5.919677929475515576e-03
8.470428216729542631e-03 -2.347551812327659457e-02
1.131335158804536601e-03 -1.318170121978647774e-02
-2.263850400244533240e-03 -1.343768044920130161e-02
1.123474223168680758e-02 -2.857659591923863637e-02
-3.051036048136956903e-04 -1.465143777120991343e-02
-7.364947646953403336e-04 -9.978128975843877230e-03
1.616317325194953358e-04 -1.243201302058486064e-02
4.091122409491398243e-03 -1.645425583418251222e-02
1.614937886553064351e-03 -1.227133049842774742e-02
-4.007761651441624044e-03 -5.409937332679373712e-03
2.368885457302315201e-03 -1.457634721019277803e-02
9.908929395942673093e-03 -2.365369055595384698e-02
-2.910712387522957929e-03 -7.151705472178273432e-03
3.697811472732197638e-03 -1.534800278662205690e-02
-1.352164353426455953e-03 -9.638531190143011240e-03
4.505765362856667573e-04 -1.428495654926558930e-02
-2.904458215130374622e-04 -9.636516362545382089e-03
3.035799041737015369e-03 -1.799878558901940942e-02
6.056327342175010786e-06 -6.347773955879603899e-03
3.592408729208050773e-03 -1.627669944079716130e-02
-2.033670576180876457e-03 -7.490329145723050377e-03
-3.252895971653025839e-03 -6.907159064114532648e-03
1.114498053649470681e-02 -2.582285324403546176e-02
-5.775916308585790464e-03 -7.120872549181181746e-03
1.955166775355767373e-03 -1.407049880397761264e-02
8.477403747201484388e-03 -2.241453068550972039e-02
4.899970233194193142e-03 -1.702208441078368120e-02
-2.105570439644301184e-03 -7.359861671214397091e-03
7.811811764903658743e-03 -2.155138025860663109e-02
2.719565851127073511e-03 -1.380302470969832322e-02
3.532966630617817311e-03 -1.635323009555580964e-02
-2.605443121850611887e-03 -1.162463980752223916e-02
7.998440467880174598e-03 -2.170249202889582354e-02
7.512754931669963360e-03 -2.177845867092831691e-02
3.939964023451345693e-03 -1.539964909230154624e-02
-1.574692229616407200e-03 -1.007996137340919432e-02
-1.371185494358397993e-03 -1.266643093484533938e-02
8.744629697251465189e-03 -2.315206575471543890e-02
-7.154331006782317214e-04 -9.574711351105599094e-03
-1.914359105552282869e-03 -7.755786340539335202e-03
-1.931432618888532507e-03 -8.595199195733933817e-03
3.671759292461178673e-03 -1.536820193740990811e-02
-1.599018368711899673e-04 -1.031233887694146985e-02
5.558991528101185284e-03 -1.805269347708465116e-02
1.734486676095712871e-04 -1.442870615447175951e-02
4.607571724666931906e-03 -1.741595414495977767e-02
5.257973739012490946e-03 -2.238945472775365902e-02
1.268257532384355762e-02 -2.920846682647581724e-02
-2.297014028218988778e-03 -8.506030156188504332e-03
3.921021745484057526e-03 -1.856616979999776290e-02
1.139876958856697120e-03 -1.568551563402861143e-02
4.342659987919834930e-03 -1.901859616164067526e-02
-1.209203860472075377e-03 -8.880035717649925261e-03
6.144544205122432108e-03 -2.006473448030828000e-02
2.992508722005773805e-03 -1.693179593097346100e-02
3.472022015497135648e-04 -1.131638474665985772e-02
1.575514203379318242e-03 -1.295096521976986555e-02
1.376454113336434250e-03 -1.222367040077518806e-02
-2.632317415080265852e-04 -1.237688623967782807e-02
1.139867180086039967e-02 -2.620578122994719414e-02
-4.047572591056456531e-03 -8.311989582264707466e-03
3.238462833554120804e-03 -1.460237971420459170e-02
4.723625935613355413e-03 -1.652485541691995144e-02
6.905002544912116659e-04 -1.132078124026544667e-02
5.263463431081888411e-03 -1.973758226730277024e-02
-2.466131059377175364e-03 -9.846849246962637373e-03
2.351719387419563823e-03 -1.438061732216866333e-02
7.007177600088039873e-03 -2.015681936883205461e-02
-3.393724064061009842e-03 -7.632790878848573317e-03
-3.283436965077659100e-03 -6.004643236938297587e-03
-5.624008170247944000e-04 -1.120420261616365994e-02
-4.629769679079654213e-03 -1.010219279576056971e-02
8.508437935134180799e-03 -2.216706893626390132e-02
1.108428704057612402e-03 -1.246523882585440571e-02
1.332011438382142135e-03 -1.604552020513887178e-02
-9.974101058237384507e-04 -9.017490326195349779e-03
6.226729090234920522e-03 -2.159867220441914759e-02
-4.086963642248038053e-04 -1.021144206384785348e-02
4.838623989309275356e-03 -1.900757270301619076e-02
4.308542335426189702e-03 -1.652653040358207509e-02
1.789300742209432721e-02 -3.475732084324699434e-02
1.777054880911745809e-03 -1.365090143878998005e-02
3.945480786788291977e-03 -1.657481417796938250e-02
9.733886710681986104e-03 -2.587312528303946715e-02
2.434206788253494985e-03 -1.620310730055238291e-02
1.541676911040612433e-04 -1.343284987776783429e-02
6.184961919776023678e-03 -2.244011918379637538e-02
1.061150903837052711e-02 -2.563923505745128659e-02
4.104529974526286915e-03 -1.569046637784541481e-02
-2.822586732496898398e-03 -7.384203708994008242e-03
6.704568253857851566e-03 -2.127108836861206498e-02
1.654622434880342148e-03 -1.625593738996005885e-02
7.272037501671088644e-03 -2.138306414646500703e-02
4.813518371637265370e-03 -1.956290537512424266e-02
-1.486955188285455677e-03 -8.833032646240310606e-03
-5.836084046796333365e-04 -9.914779467272561223e-03
-1.860485032891465423e-03 -7.392565163113349463e-03
1.121571161873531315e-04 -1.103648348604294865e-02
4.216767977422812563e-03 -1.700747600938344595e-02
-4.096533291021155166e-04 -1.208190711892996073e-02
1.124677286721475523e-02 -2.552109917779564474e-02
-2.875038914667074619e-04 -1.230416183052365081e-02
2.858912417084718671e-03 -1.399221616706770172e-02
8.016778882794974720e-03 -2.373425814417311902e-02
-2.087234604813227156e-03 -8.433792389630519540e-03
7.760384657091124946e-03 -2.112203430062666032e-02
4.903072762816767724e-03 -1.758735208444205458e-02
9.590613584235119921e-03 -2.320210836868020349e-02
1.272833452738401407e-02 -3.206626126452996606e-02
7.255905419643561213e-03 -2.080415734478501671e-02
3.246827269690479890e-03 -1.568957664620624498e-02
8.098026546185459196e-03 -2.099557920380841144e-02
-1.359843646238579479e-03 -1.009765923809894522e-02
3.766812824396217332e-04 -1.174073378478094655e-02
