3.959487148851720262e-02 -4.743764413198212765e-02
4.446505836031218462e-02 -2.847898499673190420e-02
3.556612243680089269e-02 -4.666313927781234189e-02
4.000592638667825607e-02 -3.702406220502015011e-02
3.673865470865948779e-02 -4.272803036822775402e-02
4.982686087025377242e-02 -4.869251583914013110e-02
4.279017262443557401e-02 -4.954435509793691378e-02
3.299394067648472872e-02 -1.384142085376652981e-02
3.403319791222338131e-02 -4.316067385243412685e-02
3.901387731092934713e-02 -3.560837289576369857e-02
3.360263430539710272e-02 -4.074108781763025044e-02
3.620211333120904734e-02 -4.170922207568625306e-02
4.482686087025376798e-02 -4.527399003991024184e-02
4.316535317855136472e-02 -4.919952883530632343e-02
1.621799552862575322e-02 -3.038920824781598043e-02
3.579961055019387217e-02 -3.445901781460552343e-02
8.179998598844245850e-03 -2.574246914981473400e-02
2.860263430539710175e-02 -3.574108781763024600e-02
2.617654261914177660e-02 -3.785607013848085040e-02
4.014356885087685956e-02 -4.027399003991023740e-02
3.288054174130674440e-02 -3.845985795676015728e-02
2.360263430539710078e-02 -3.074108781763024503e-02
3.514356885087685511e-02 -3.649090834073991096e-02
2.555808562670883882e-02 -4.258029591231976552e-02
3.392944410846170100e-02 -4.116871813881369663e-02
7.019036567470700837e-03 -2.760119223287649942e-02
8.907849385734229949e-03 -2.917882765288750194e-02
3.014356885087685414e-02 -3.149090834073990652e-02
3.636950454896744483e-02 -1.804101028654650843e-02
1.087315434798900513e-02 -2.780156655159922441e-02
1.473644018617631564e-02 -2.769792731450216108e-02
2.937634129365718216e-02 -3.358848564983494406e-02
9.020576924147470990e-03 -2.946520204972132018e-02
1.921460870781462049e-02 -2.773658703012372995e-02
1.377539094338087362e-02 -2.844768377515339078e-02
1.552180303286669442e-02 -2.619076873355493176e-02
9.990867107411847275e-03 -2.600240972947533494e-02
3.202363342483380976e-02 -3.081709938482752112e-02
2.417665581673558717e-02 -3.293476046225492226e-02
5.983803257698743633e-03 -2.388653339606251064e-02
8.913291855671190422e-03 -2.754374140380941305e-02
1.479177490170567252e-02 -2.546707790699519192e-02
3.114771842136798002e-02 -2.931268542680718833e-02
6.797791248757199811e-03 -2.624234825327311643e-02
8.199027908692837346e-03 -2.541844617290311276e-02
1.810206843502904991e-02 -3.281606257851103770e-02
3.136809915187588338e-02 -3.011629741026470783e-02
8.966627748314380530e-03 -2.518087012456075163e-02
1.587930395383200036e-02 -3.376006186173747398e-02
1.179779124875720078e-02 -2.596104427192934966e-02
6.176348130841846813e-03 -2.417439645728337513e-02
7.541129646807722547e-03 -2.441791218023465007e-02
3.640093318027297353e-02 -3.551805673379792444e-02
2.613975421525021811e-02 -2.760710864068384451e-02
1.819902790869283929e-02 -2.600425395368394232e-02
1.415733527893244664e-02 -3.024229956492048219e-02
4.071172486526309503e-02 -2.765682598416469365e-02
4.012013302588534475e-02 -3.935807998947323666e-02
1.565874262873530320e-02 -3.373329238700218530e-02
3.210583220233813317e-02 -2.701753503842101167e-02
1.904578969811694666e-02 -3.682098943252001821e-02
3.004844700689021306e-02 -2.985243471264379528e-02
3.248853840979833152e-02 -2.833818965165234988e-02
3.356641277773046717e-02 -2.927720875977133166e-02
3.076916036483270250e-02 -3.043291868451627330e-02
-5.887832167930122027e-04 -2.335413010121201866e-02
2.341952046092406203e-02 -3.551033481331228314e-02
4.110078003146364067e-02 -3.080271540895457294e-02
3.865268129354616777e-02 -4.044570127961983480e-02
1.544658108722119644e-02 -2.623663928347724772e-02
1.282486847710765862e-02 -3.014434810883342974e-02
2.537263638997971568e-02 -2.691786089339359006e-02
1.493611020176661280e-02 -3.296870154492769628e-02
3.146829583521404405e-02 -3.982175839584866511e-02
2.808135527256682903e-02 -2.872019628209892053e-02
3.299495069191460406e-02 -2.668355818537700500e-02
2.777393073712275742e-02 -3.007807008355676062e-02
3.617900306608598515e-02 -2.965525841519132955e-02
2.849578718877997935e-02 -3.479692376339003218e-02
1.413122415144015508e-02 -2.621702322214265052e-02
3.981884920732853966e-02 -3.418259605664400458e-02
2.372865483371828371e-02 -3.169302664982587975e-02
2.253399004418247392e-02 -3.390235278787429724e-02
1.907670149560741768e-02 -3.131863959084688759e-02
2.461239248811727259e-02 -2.734159107792601476e-02
3.226998418613825914e-02 -2.680600208718439403e-02
3.025257550581626070e-02 -4.183520734710195754e-02
1.835341447740442000e-02 -3.125925030059295562e-02
1.843427267592879018e-02 -2.869291603438206550e-02
1.736039287116906971e-02 -3.368292259863000376e-02
1.101176644575001598e-02 -3.133459254595647586e-02
1.252971609415399340e-02 -2.550201251287062890e-02
3.846108844785255804e-02 -2.972004993088266447e-02
3.106191889763327413e-02 -2.991823077697367689e-02
2.557455290427534250e-02 -3.073464975779225880e-02
8.273045214692324387e-03 -2.753801436000195141e-02
2.258900341380148252e-02 -3.692330778897446458e-02
2.420967047543907957e-02 -2.694212809339184209e-02
2.324529810690156850e-02 -2.805069202493402220e-02
3.014065218762101983e-02 -9.926672990917935480e-03
1.604275020898406068e-02 -2.548026383215700602e-02
3.112929136483788897e-02 -3.390209458013802163e-02
1.433432112269112692e-02 -2.925675808695471503e-02
1.355744327876699101e-02 -3.304219146813820729e-02
2.873445929109645983e-02 -2.871758121776836828e-02
3.569311689644719815e-02 -3.463331250290971330e-02
2.104821098345601577e-02 -3.212028615095726541e-02
3.383374948060383081e-02 -4.262935719072575430e-02
2.973212099570723618e-02 -2.867514936806246986e-02
2.046931416967237918e-02 -2.605377329363197866e-02
2.287146307047785432e-02 -3.399150628157420612e-02
1.620874359828482561e-02 -2.784121053513828950e-02
2.938838094394568765e-02 -3.063799377377426567e-02
1.985753710298762340e-02 -3.491203373320322240e-02
2.115922341461683870e-02 -3.138677685056605327e-02
2.564554406866258185e-02 -2.697886668057685941e-02
3.380911310293138045e-02 -1.468538740810007744e-02
3.901373025264923133e-02 -3.893203644867978402e-02
2.703042744711620093e-02 -2.890209458013802066e-02
1.054222057203571539e-02 -2.881730005639490666e-02
2.071703272513736316e-02 -3.214478024146356916e-02
2.545248450622650260e-02 -3.068218109606680663e-02
1.423811460183398159e-02 -3.175202176973308810e-02
2.848920546550527330e-02 -2.748226126205918773e-02
3.655886719760246401e-02 -2.058463210007684813e-02
2.352880871845807950e-02 -3.450516328389752196e-02
1.938633601352700991e-02 -2.701471516182516255e-02
2.377423663250925051e-02 -4.179538057595143241e-02
3.174511007927518363e-02 -3.454373441789095056e-02
1.441033184884908669e-02 -2.656577290894996529e-02
1.579841086929883662e-02 -2.940847660519197576e-02
2.130633347991613483e-02 -2.694654498282193777e-02
2.488608713246010656e-02 -3.095626081239789829e-02
2.865117668165734210e-02 -3.404644968281983486e-02
2.447397617747302384e-02 -3.406448141150468512e-02
2.912577696531458080e-02 -3.059127838155246970e-02
2.050547373035050552e-02 -2.724843931835672917e-02
2.495400133513366384e-02 -2.931729179204358576e-02
3.980326581989941659e-02 -2.512946175511666241e-02
1.712861405337298346e-02 -3.116030538068151334e-02
3.459089542245886301e-02 -2.729319877568432695e-02
3.100647491625199009e-02 -2.749935557455801885e-02
3.233425441667578393e-02 -2.799385624302089259e-02
2.305727400440232486e-02 -2.832052370371988814e-02
3.992241567233702215e-02 -3.392638696129971626e-02
1.733495537457360389e-02 -3.352034074366051081e-02
1.857417882336099418e-02 -2.570154529672819335e-02
3.509048300466608566e-02 -3.717627434908379186e-02
1.779824277876663335e-02 -3.170277878575527425e-02
2.064117982579025817e-02 -2.943482693298079059e-02
2.140470881134483652e-02 -3.437187713430409769e-02
2.411302616088697309e-02 -3.082034185935979276e-02
2.010103937414696798e-02 -2.607876572029466447e-02
1.738258234995342447e-02 -2.921217845239001618e-02
2.161433914838160192e-02 -2.673175388101578162e-02
1.324529644153362579e-02 -2.759460258197519306e-02
2.475810157740626974e-02 -2.871887414568221122e-02
2.229541645970246205e-02 -2.644042597356427438e-02
3.559324805821886817e-02 -1.781322879942680987e-02
3.013654421205395201e-02 -3.093524619664552583e-02
1.559926245365749961e-02 -2.443931869828108380e-02
1.418936925772259529e-02 -3.033763193891570245e-02
3.161080498917056419e-02 -3.065677948571350273e-02
1.402355405796861833e-02 -2.747070557315378983e-02
2.941342912048616406e-02 -2.783529741895546944e-02
2.807996814246676784e-02 -3.228945784535709046e-02
2.947397617747302481e-02 -3.658106261601035136e-02
2.285133297280011327e-02 -2.989494271389270610e-02
1.754594459656210262e-02 -2.769260323602577498e-02
2.595196730048867501e-02 -3.117384224857726663e-02
2.111828416249787385e-02 -3.054124709945371316e-02
3.228632104844995909e-02 -2.780088966100932590e-02
3.051142639315765695e-02 -3.066767212093311074e-02
4.175783904161638888e-02 -3.285301911653987217e-02
1.993726060113414772e-02 -3.320864660189840056e-02
7.777070470657875163e-03 -2.687700563811228072e-02
3.201902631063476001e-02 -3.217627434908379436e-02
1.362450822211408626e-02 -3.051431275273431415e-02
1.765971208373392706e-02 -2.932450202154058411e-02
2.637111540986269986e-02 -2.784427011910688837e-02
1.238258234995342350e-02 -2.792176217722804749e-02
9.109498370748276425e-03 -2.585246851825536221e-02
8.598290289799075115e-03 -2.419850054004533957e-02
1.126004265894979886e-02 -2.840755029873335072e-02
2.661080498917056322e-02 -3.078610734517844144e-02
2.768793535862566421e-02 -4.055602908230191567e-02
2.958877871106022073e-02 -3.239157427231682124e-02
1.480167203089432365e-02 -2.513679082511374729e-02
1.437796333120703804e-02 -2.535348659495213416e-02
2.952658022497356080e-02 -2.647933279917531052e-02
2.722354928795052767e-02 -3.250118063472202945e-02
3.046770023804642319e-02 -3.727163432813505178e-02
2.406999969741897838e-02 -2.950800791586631264e-02
3.640451001368257000e-02 -3.295837411059692607e-02
2.294146393889390234e-02 -2.998304012067908725e-02
2.806610639793791565e-02 -3.125697936346687883e-02
3.347064142187810426e-02 -2.773362258717348636e-02
3.194923454711572769e-02 -2.906972266453691084e-02
3.899151551119894171e-02 -3.104443593919921016e-02
2.303944394103127000e-02 -3.063109392739066239e-02
3.024329339857115967e-02 -2.717627434908379339e-02
1.546526628503209523e-02 -2.862197513723573755e-02
1.876926926345736518e-02 -2.913831408709746662e-02
2.869637301801363644e-02 -2.748882733279506621e-02
7.382582349953422524e-03 -2.643266594949687104e-02
1.856606774832181284e-02 -3.092334196862515927e-02
2.279915919664457155e-02 -3.506866994883805350e-02
1.080464233279868416e-02 -2.501539725580592677e-02
2.458681489647658591e-02 -3.017863097084961393e-02
2.149840942289608231e-02 -3.195476211962886698e-02
1.615336538799563154e-02 -2.767195007694136372e-02
2.757485662814126992e-02 -2.794836440113109000e-02
3.113060227540526137e-02 -3.502053839290062559e-02
2.440145551164746990e-02 -2.698959649987889287e-02
3.169418662462629432e-02 -2.747926934650459993e-02
2.729943437905636358e-02 -2.723406227095252763e-02
1.467819758027411048e-02 -2.658279128374094191e-02
1.411224360068627851e-02 -2.668575196743880329e-02
3.488394547712284077e-02 -3.053270435535229352e-02
1.908590075311861894e-02 -2.950872913646666873e-02
3.070366321399720447e-02 -2.955831557226152803e-02
3.089851655623327559e-02 -2.726788304509340788e-02
2.970189847849550105e-02 -2.737959878872708169e-02
3.399151551119894421e-02 -2.900939713126202829e-02
4.628413606604761706e-03 -2.397256776665583622e-02
7.659615755924382811e-03 -2.578868303004228091e-02
1.913531370045705796e-02 -2.613936656730744476e-02
2.785121840101097840e-02 -2.938359583802291689e-02
1.511402730098987575e-02 -2.635662008369873618e-02
1.971968115118713505e-02 -2.734111587947113051e-02
1.481289196311074731e-02 -2.856404643136054022e-02
1.376926926345736421e-02 -2.610415305352600107e-02
2.847575272151869549e-02 -3.000945248158200587e-02
3.024275036540390732e-02 -2.871361996169807806e-02
1.684393449964060804e-02 -2.903713142849639536e-02
1.113704730025852352e-02 -2.437675474191768749e-02
1.966897980812898003e-02 -2.655505665054753994e-02
2.099894648228584071e-02 -2.550849648050347585e-02
2.404605179750247956e-02 -3.039312679416526081e-02
2.023331975690549622e-02 -2.926381355189650382e-02
2.742592582909005039e-02 -3.124443987372498704e-02
1.221132885182857168e-02 -2.528224914847074581e-02
3.051372310338614641e-02 -2.944360899191979589e-02
2.450942549052182243e-02 -2.678900443309265370e-02
2.832332274627927943e-02 -3.220907323785519860e-02
2.905440213478378830e-02 -2.746437977897720623e-02
2.229943437905636261e-02 -2.737833672936446777e-02
1.911224360068627948e-02 -2.561405259886655184e-02
3.040001725413281342e-02 -2.813437805030655561e-02
2.420249954589934194e-02 -2.597966277702797380e-02
2.684508549472072042e-02 -2.680827714807981071e-02
2.155942474848199231e-02 -2.864562785192528716e-02
1.314739294187602589e-02 -2.556391566024734247e-02
1.763196024699965891e-02 -2.974634643247921900e-02
4.116744744701735480e-03 -2.468300836094350012e-02
1.275082498758329380e-02 -2.799671183364553159e-02
1.137407476389350018e-02 -2.507405538913437884e-02
1.188973670820644285e-02 -2.597867499233148456e-02
2.915640465237057805e-02 -2.944138704136765872e-02
2.824206115035740247e-02 -2.903502581588158007e-02
1.679589966949368574e-02 -2.561711715263553790e-02
2.504529459619862439e-02 -2.815936560179495632e-02
2.554808258072755606e-02 -3.059339672232947588e-02
2.575594979215645175e-02 -2.843136409717067492e-02
9.617205242399173848e-03 -2.560177806480961119e-02
2.166822116668879958e-02 -2.688552839090192423e-02
1.743709634638074615e-02 -2.790117038386756218e-02
2.239477300352407663e-02 -2.542628976952016756e-02
2.332332274627927846e-02 -2.907440680015453693e-02
7.829539255832150546e-03 -2.290734928692693753e-02
2.831546966350334191e-02 -2.873491810780133202e-02
2.036888500879919725e-02 -2.604959902335217403e-02
1.375417416733848083e-02 -2.491925674966902898e-02
8.089216605304825128e-03 -2.556100437404665998e-02
2.063423679854311729e-02 -2.696754955224016370e-02
3.123158265186823726e-02 -2.632356526072311340e-02
1.861119508740379652e-02 -2.693080915168960185e-02
2.407830977385545801e-02 -2.851720452013007528e-02
1.297371923452356017e-02 -2.463087689138130504e-02
2.047672221482416122e-02 -2.837955003654477754e-02
7.208397177283688666e-03 -2.412745723973015385e-02
1.304636082471784773e-02 -2.579257373097226455e-02
1.026779773545478426e-02 -2.628262234016665380e-02
2.979935095057712618e-02 -2.703546328415120867e-02
2.683136888204656206e-02 -2.738131521673201757e-02
1.389810038271127070e-02 -2.527804672857141693e-02
2.227684705842786564e-02 -2.565674456100655934e-02
1.481289207335132960e-02 -2.570637954982822951e-02
6.047597248576466744e-03 -2.393732141699617469e-02
1.109850102130887847e-02 -2.595776155231593191e-02
2.076227451615109479e-02 -2.724073892750367501e-02
2.155707866176490538e-03 -2.286891175540636117e-02
1.832332274627927748e-02 -2.630811262386982194e-02
3.267440270247876782e-02 -2.716021164144995573e-02
2.483389839844934999e-02 -2.921326997020170374e-02
1.524840514798301606e-02 -2.529769506890418990e-02
2.444933656206661407e-02 -2.831013896455464654e-02
1.802117340622460401e-02 -2.563410892408841610e-02
7.468978558225288292e-03 -2.723962593849459102e-02
1.914259627255221127e-02 -2.729793133827652929e-02
