-3.464024114735604620e-02 -7.418140110163479184e-03
-3.401468555139187250e-02 -9.762946932730776073e-03
-3.253778958638531282e-02 -6.583901169101638584e-03
-3.306298133675886902e-02 -7.110201858982609889e-03
-3.407839056406021527e-02 -9.174078983042194962e-03
-2.298850122633835924e-02 -8.333047308589955349e-03
-2.086517137269193120e-02 -8.659280865698594509e-03
-9.753303620101821947e-03 -1.031108504264868081e-02
-3.089426097564852008e-02 -7.054929176821706296e-03
-3.443274117063317014e-02 -8.410650727022812162e-03
-3.444173355206929521e-02 -9.549699243726172959e-03
-3.018575221687655810e-02 -1.520555503657109592e-02
-3.157086275803852593e-02 -1.330750230746783822e-02
-1.380621757272950702e-02 -9.708074163614979768e-03
