4.197985112098188976e-02 -4.673107034571667706e-02
4.208831703924423295e-02 -4.676318218112192338e-02
4.828480485012595635e-02 -4.862380032977588196e-02
9.431615069216359171e-03 -4.403593629824115174e-02
2.326488566105608391e-02 -3.966183256937652613e-02
1.667551002902774304e-02 -4.967431758359532046e-02
2.722397897137790457e-02 -4.888638962543297162e-02
4.727368879260412937e-02 -3.826922932051465831e-02
-3.476356821665328722e-02 -1.255824436979548903e-02
8.782465099733981206e-03 -4.710554804960387365e-02
1.887568822255961121e-02 -4.817714596788982839e-02
2.718831157677874255e-02 -4.702804602503465881e-02
3.697985112098188532e-02 -4.392894415862936414e-02
4.711743251561682083e-02 -4.762382924295589098e-02
3.393938290059210494e-02 -2.149050913850223191e-02
1.169080274873376263e-02 -4.565386248358632715e-02
2.708054168015938679e-02 -4.743205510871709163e-02
4.558899163272354949e-02 -4.090466132421290146e-02
2.467648809670007840e-02 -8.633326512835777511e-03
2.375455377363922330e-02 -4.657022428242916373e-02
3.863488418438006111e-02 -3.118928224734190263e-02
4.226454078434475903e-02 -3.805967936849350558e-02
4.379827996255344219e-02 -4.602765270614195964e-02
2.673973021796049315e-02 -4.253414808742784353e-02
4.324474274759400327e-02 -4.080804850823060298e-02
2.202603044382289710e-02 -4.369599537395207900e-02
3.042462104122501537e-03 -4.970918492047632364e-02
2.950842063157287087e-03 -4.333344039654350721e-02
4.095853359759173834e-02 -4.342649208449220199e-02
2.015919996084863247e-02 -3.685986573508560210e-02
4.254825020343129538e-02 -4.018771864812416966e-02
3.977425253533758281e-02 -4.036225474278776204e-02
1.457613767846350702e-02 -4.213332997846299527e-02
8.042462104122502509e-03 -4.739475367310595766e-02
3.172487451617393706e-02 -3.978690859861357121e-02
2.735108211582929286e-02 -1.219778687037641890e-02
-9.543205721040547498e-03 -3.789518035216536684e-02
8.295695266968714995e-04 -4.463183686734321226e-02
1.389653310651695582e-02 -4.385520124283639326e-02
7.261859072044924562e-03 -4.239475367310595322e-02
2.702003587422655007e-02 -3.954965147105313217e-02
1.292741384410139513e-02 -3.711711864946978107e-02
3.254825020343128650e-02 -3.747742781861202604e-02
5.829569526696872471e-03 -4.138774167140425037e-02
1.107683602339861947e-02 -4.446450903883066713e-02
2.441858352749993327e-02 -3.757765724850573030e-02
8.751966816056675272e-03 -4.338412494540235670e-02
2.236321210703865608e-02 -3.310562879690081423e-02
2.457747591832157991e-02 -3.430254721950604796e-02
2.153611155382267189e-02 -3.154229339694022971e-02
1.043591487155156455e-02 -3.601957503704447672e-02
1.173751312083135163e-02 -3.666324808472821994e-02
3.320940417972567671e-02 -2.036064599555419130e-02
2.214889441236989054e-02 -3.240195683874275839e-02
2.251349630267949001e-02 -3.319654883302867315e-02
2.657683208508270639e-02 -3.619716840086346227e-02
2.863181797591070679e-02 -1.416605508971040955e-02
1.666392658446044089e-02 -4.067250612329868092e-02
2.248377952404690891e-02 -3.646258664676912259e-02
2.721581887025575214e-02 -3.589955829480485222e-02
1.153365089995404130e-02 -3.610644191919011592e-02
1.193317534589002221e-02 -3.637016006810758761e-02
1.291727003314090128e-02 -3.725567244811535395e-02
-2.971057310325518792e-03 -3.783301521115375182e-02
