-4.732383621412081243e-02 8.558985198903537595e-03
-4.452123826400311568e-02 -1.441643850141934025e-02
-4.949918095701463794e-02 1.683213844688932759e-03
-4.831647540665728185e-02 -2.425799137564858127e-02
-3.104288640995715026e-02 -4.147165428901170708e-02
-4.607652814851670442e-02 -2.601658598588900764e-02
-4.859662694006040146e-02 1.071198596146111411e-02
-4.169711702471529113e-02 -1.921632713337240866e-02
-4.842784203806659721e-02 5.646858434240110275e-03
4.105737934740832928e-02 5.548337532341408775e-04
-4.743896497934374512e-02 -9.498711928586409114e-03
-5.000000000000000278e-02 1.259205309945817322e-02
-4.098644225550669706e-02 -9.932242157429809620e-03
-4.803695152809939889e-02 -1.081516614593111200e-02
-4.465867104152745209e-02 -2.746341250257081784e-02
-5.000000000000000278e-02 7.592053099458172249e-03
-4.220450514236430417e-02 -2.143011366994330980e-02
-3.965867104152745459e-02 -2.401022738087191938e-02
-4.690271615447890591e-02 3.899033066072364693e-03
-2.506467076503202801e-02 8.129134877517152358e-03
-2.597230470652913889e-02 8.192133628377824481e-03
-4.121732465742444784e-02 -7.996168711446531574e-03
-3.945630036637769872e-02 -2.186591749224313722e-02
-4.237515726282420347e-02 -2.476506329644559412e-02
4.743850081750908970e-03 4.258726061471849317e-03
-7.876589001239695659e-03 5.864752809361370445e-03
-2.661972081765424936e-02 8.172209537115001504e-03
-2.161972081765424838e-02 7.752585992600884504e-03
