-1.848487593720329197e-02 2.329189984746356246e-02
-2.108726152094835687e-02 2.554102012516997616e-02
-7.611840601524713645e-03 7.045832800695121453e-03
-1.496324007991275441e-02 1.876732359335543665e-02
-1.605339954692484167e-02 2.007962586528917737e-02
-1.117934247750364436e-02 1.365532106302458012e-02
-8.608800748265015707e-03 1.087757111137249190e-02
-7.412117131667915471e-03 1.115059631811770452e-02
-8.419955702419851251e-03 1.024441730285074320e-02
-8.051056546540428377e-03 8.879646329312106817e-03
-6.524223297707625914e-03 1.081370847117605477e-02
-1.013081604503611628e-02 1.293878184885516314e-02
-5.153520930153432551e-03 6.684184802005333804e-03
-9.708840573054211553e-03 1.345222330078047097e-02
-5.305911121964661421e-03 9.075258083773195955e-03
-8.776118708563821619e-03 1.309791069827122983e-02
-8.524460202451424745e-03 8.330092456435508191e-03
-8.525985895622350402e-03 1.195078121289990664e-02
-9.546741703138912627e-03 9.230464162503582495e-03
-8.020237880065176489e-03 1.003706172716298077e-02
-5.942787442223877031e-03 7.138860388689086470e-03
-1.956134918339725096e-02 2.250944382194093249e-02
-1.183556624954084160e-02 1.402340258569228018e-02
-6.831272844755056917e-03 9.917202473163081594e-03
-7.555938625047345369e-03 8.808420491626828622e-03
-1.138750587142732876e-02 1.399282924819169119e-02
-8.055970220796503448e-03 1.207366774623974508e-02
-8.960621467817066546e-03 1.142587367791306034e-02
-9.397084121346488406e-03 1.084052144878069716e-02
-1.679750822858424447e-02 2.094808367276735500e-02
-4.940507573822533124e-03 9.606862472506217179e-03
-1.650267104722025202e-02 1.824965020049322539e-02
-8.085638365693462518e-03 9.013172921479550501e-03
-8.334007472096192914e-03 8.324672847227718511e-03
-1.074375371182933331e-02 1.279068841483858680e-02
-1.781592608532973909e-02 2.263982859426904443e-02
-1.453470963674495867e-02 1.689391741332820635e-02
-2.113485822470519832e-02 2.526745940112390745e-02
-1.949616610955614074e-02 2.228397013377656985e-02
-9.512976765262562764e-03 1.179272820349623607e-02
-1.068619847615905408e-02 1.094215396362654101e-02
-2.046252761105791726e-02 2.436874309111686579e-02
-1.679069675177974341e-02 2.145105703149229395e-02
-9.382949524113065251e-03 1.090873647937384144e-02
-1.858405303299726780e-02 2.261546549485441912e-02
-3.882714079556389905e-03 7.854358956131709049e-03
-4.461195339500446250e-03 8.495901433975426922e-03
-1.417822594770521555e-02 1.591905375539764966e-02
-8.976720197166235260e-03 1.059541112885315287e-02
-1.053724104026099520e-02 1.322169013850528485e-02
-1.219009044708371098e-02 1.623929503565969129e-02
-7.743987753842009568e-03 7.511169421311742270e-03
-6.702819034063416635e-03 8.310095904629668032e-03
-5.695148454188183294e-03 6.760507833992987319e-03
-1.982415078434462269e-02 2.279948539491689560e-02
-3.556396249576473066e-03 6.962446486711802544e-03
-1.870828852675749526e-02 2.201514882136097057e-02
-1.054700002401346044e-02 1.453407344386590735e-02
-1.317712685546562276e-02 1.655317007182333447e-02
-1.238090927487287690e-02 1.566547779354718339e-02
-7.540183463850979977e-03 1.193853097672720014e-02
-7.658305906594626428e-03 1.003513405416476927e-02
-6.179225555502911027e-03 9.377871649873073187e-03
-8.263014077032729970e-03 1.271610215947236756e-02
-1.224697447520412159e-02 1.496010021068725285e-02
-9.929937122814718256e-03 1.320107175501237899e-02
-1.227017013991118892e-02 1.537481380218575985e-02
-8.611863506043052063e-03 9.513294687587435169e-03
-1.050740412406832129e-02 1.099687514431181394e-02
-9.305806918562644151e-03 1.032719423804076032e-02
-4.035320974563366865e-03 5.991754999347669031e-03
-7.931090877666961692e-03 1.161255911464981368e-02
-9.759419942625961741e-03 1.394447972207249822e-02
-1.340923345335485843e-02 1.726570910242321288e-02
-5.356745244208285101e-03 8.877531600888598565e-03
-1.808303521522052620e-02 2.151082725791050865e-02
-8.236175917162504023e-03 1.047002227522534669e-02
-1.693411866798874565e-02 2.099119948531466551e-02
-1.143346799700413821e-02 1.442326020699217018e-02
-6.976774069959332421e-03 1.165171079824306628e-02
-1.394610416534570324e-02 1.555948443412917027e-02
-6.206528522582770678e-03 1.034519800805460028e-02
-1.750610655072802266e-02 2.054659341659393484e-02
-1.414962142344510995e-02 1.730578168856013177e-02
-8.423617595132975450e-03 1.055589544866275369e-02
-1.967436722767770471e-02 2.251846530634244933e-02
-1.594075384409241250e-02 2.019464940050605395e-02
-6.146243925924886262e-03 9.300568798871311493e-03
-1.878983246093835630e-02 2.165162240967400537e-02
-8.224988483581502016e-03 9.788009386733759892e-03
-7.988319769181620109e-03 1.220545366313573188e-02
-1.059854374499022076e-02 1.265013746269689696e-02
-7.466888710114211875e-03 1.112059914212419100e-02
-1.536407926142270043e-02 1.798261611151158457e-02
-7.187747020995690836e-03 1.192725605832948774e-02
-1.014419489374162806e-02 1.351402692921807244e-02
-1.078212437260665443e-02 1.198337632972702044e-02
-8.757053340846393530e-03 1.312715832075082509e-02
-7.164212687130404322e-03 1.152050453167943744e-02
-8.320092928996089543e-03 1.155765923634318772e-02
-8.036808282635204623e-03 7.774225011696268145e-03
-2.826300678315518677e-03 6.537891718283566841e-03
-9.323202396353090157e-03 1.138982548594675778e-02
-6.121325142902167039e-03 9.827715042534284143e-03
-1.230051980015215568e-02 1.666195333063023171e-02
-8.007915640959607437e-03 1.154155622891220659e-02
-8.793174395671779150e-03 1.115444418639926875e-02
-1.647376505769599861e-02 1.844658343538073050e-02
-1.041085853534322314e-02 1.077883094391576119e-02
-1.486075100787877593e-02 1.890769621608738918e-02
-4.557949876184573187e-03 8.809086165102873039e-03
-4.789322264223397005e-03 7.411996085350909189e-03
-7.590301611381755804e-03 1.033622644689310283e-02
-1.387824158100885857e-02 1.852182430437857366e-02
-8.169081265884621523e-03 1.220909997434490440e-02
-8.892412215359277866e-03 1.346984981612266673e-02
-1.106541252583167351e-02 1.125136193581015819e-02
-1.948052381904206206e-03 6.288240312870411498e-03
-1.471533597058502160e-02 1.853457386065795673e-02
-5.504194352872758371e-03 8.474797344682788447e-03
-1.170139339847131414e-02 1.569328872248362122e-02
-9.409837809900824246e-03 1.237473233156232734e-02
-1.247169894174817925e-02 1.686405120639874675e-02
-1.124685498353367001e-02 1.403325758735250207e-02
-1.019814824166852436e-02 1.237533786587844895e-02
-9.857015956021371664e-03 1.276865629884559733e-02
-1.023724899710579984e-02 1.220675114201636921e-02
-1.239417242643349806e-02 1.398489106536901332e-02
-1.010437417070829055e-02 1.204788207937093625e-02
-3.498670014053508522e-03 5.897141322677143527e-03
-7.629761602009677880e-03 1.078781163152976383e-02
-6.424149308502997979e-03 9.805831535150485653e-03
-8.952009282403331977e-03 1.221070675497877046e-02
-4.360524125293966345e-03 8.398732704957022344e-03
-1.013183513016334414e-02 1.404617618513385839e-02
-5.185708631428846520e-03 8.933212158095990563e-03
-1.979769810020915941e-03 6.499286784618740591e-03
-2.784410462787214983e-03 7.036992908263152782e-03
-6.429419216077265041e-03 8.751438500428213030e-03
-8.143407529323869534e-03 1.215954584364529502e-02
-1.221786091397330035e-02 1.567603970202259556e-02
-7.550174873556282640e-03 1.204543008243538424e-02
-7.056419509872189147e-03 1.143043315790579460e-02
-7.527441666653444420e-03 1.101557910156862261e-02
-6.306628019056501055e-03 9.654206318477227475e-03
-5.975782338964598372e-03 7.765045196929701646e-03
-7.921911747063525855e-03 1.206322254826498915e-02
-3.015817260286442637e-03 5.886970680599494347e-03
-7.944704293991069685e-03 1.060038138628068005e-02
-2.642134357281197658e-03 6.730111831103238740e-03
-4.776454804150726333e-03 8.679812683226388950e-03
-1.100324192284963740e-02 1.553014000878260789e-02
-1.199247586375100372e-02 1.581980074811794798e-02
-1.240975335815260212e-02 1.306556932261207157e-02
-8.033781020944843337e-03 1.165646258163309870e-02
-6.016016076555771169e-03 8.232671849000776365e-03
-1.048646730840347915e-02 1.491010644976394420e-02
-1.129741563051955486e-02 1.464973508429871264e-02
-4.136471441115636277e-03 7.280791057435341204e-03
-5.056136416565804557e-03 7.767746894032782554e-03
-7.186782036976854804e-03 1.040740890788388780e-02
-8.483704696462264494e-03 1.282545908173690977e-02
-4.155129964398401876e-03 7.165552388443695124e-03
-3.274610186335082627e-03 7.450263877527633395e-03
-6.989177919719351956e-03 1.153585175695865175e-02
-6.249093479451883412e-03 9.910192990710168376e-03
-1.006693430543191201e-02 1.456850020632884449e-02
-8.961233654568911966e-03 1.235401451745631561e-02
-2.360212263270607125e-03 5.750300426548974816e-03
-5.408904132668328549e-03 9.070268138442427047e-03
-5.069951605878200533e-03 9.586828946127546464e-03
-1.148554033868767754e-02 1.396259702769064512e-02
-8.755977685242747818e-03 1.338900030897716142e-02
-9.928276308328673125e-03 1.403659348814693952e-02
-3.938345504005093083e-03 5.493348536497079729e-03
-9.265981410483580677e-03 1.356980279053600011e-02
-4.837919057287407010e-03 9.173537149094697363e-03
-1.073532194376481189e-02 1.528067014509904356e-02
-6.528219951206567541e-03 1.035452226061782909e-02
-6.375247296005050017e-03 1.048763116382731009e-02
-3.582442825006233386e-03 8.130880058258356524e-03
-7.113978214957410347e-03 9.833470516407271517e-03
-9.175825645434393732e-03 1.343612747652828641e-02
-6.720301081391931962e-03 1.134946646753738457e-02
-6.299778931429282462e-03 9.772856907443453617e-03
-3.455607373315533297e-03 7.543456458628102108e-03
-8.621513247316603748e-03 1.091785331709115188e-02
-3.878290864265751797e-03 8.028938797330173460e-03
-6.046563150073317947e-03 9.980855353425363910e-03
-6.908696836453678651e-03 1.068371211708202956e-02
-7.816304288882358620e-03 1.021252316007926000e-02
-5.791528308129029017e-03 1.044780103525137435e-02
-4.265705156543073487e-03 8.292868091461296984e-03
-6.310970082263509320e-03 1.041484168329758105e-02
-8.539305291886059232e-03 8.574532419176415093e-03
-2.697042683203031664e-03 6.785940492161522328e-03
-5.111412465253502464e-03 9.047579224195113901e-03
-2.656837805901547753e-03 6.931043890369453959e-03
-3.809285711700066863e-03 8.325452111566570765e-03
-7.084323525283475580e-03 1.137451156349672705e-02
-9.375806685650456967e-03 1.386772831356337596e-02
-4.538236225559816664e-03 8.809926353642815594e-03
-8.074424720877621670e-03 1.102577696488042137e-02
-7.688111895676832258e-03 1.148396309412492641e-02
-5.222501892810930274e-03 8.781671021684518338e-03
-7.809213971933071097e-03 1.228835094139202333e-02
-5.334452764654572243e-03 8.671790676675998621e-03
-6.452521141409206518e-03 9.933040154409517042e-03
-8.406746191319314221e-03 1.153251347474506736e-02
-1.035420727208198090e-02 1.400784517775323021e-02
-1.049715565605193260e-02 1.396270943829549735e-02
-5.067114133612274189e-03 8.707925909705078668e-03
-1.104379371709860065e-02 1.484159059785636510e-02
-7.363755505084432218e-03 1.091887841311737009e-02
-8.414032561430138599e-03 1.235929112308320477e-02
-3.534785711654701238e-03 7.246710848429508030e-03
-5.393200762700246613e-03 9.249306911227044015e-03
-1.147730969591280979e-02 1.476831774609283984e-02
-1.123915276037697544e-02 1.543557831679723269e-02
-8.632049122431048951e-03 1.280733767566891168e-02
-5.801660694602496331e-03 7.541427043053537151e-03
-1.099580394614472524e-02 1.497973177217486705e-02
-1.418129567674014961e-03 5.974028635071647331e-03
-3.691732633886699727e-03 7.517882914275785325e-03
-4.384724594549443966e-03 7.374343688126630547e-03
-7.520089279005340299e-03 1.205493729419998550e-02
-7.847846821488965730e-03 1.150549617173435117e-02
-6.009004753497899573e-03 8.633483757937265857e-03
-1.244673138962970951e-02 1.606383381032189597e-02
-5.102913706473744676e-03 8.164994630340319942e-03
-6.262716981884177900e-03 6.162218915581037758e-03
-6.896325438255763302e-03 7.541562056888877208e-03
-6.491773716562683483e-03 1.089581165463611792e-02
-1.059183647322900317e-02 1.460210178484137866e-02
-7.060887167034058526e-03 7.980068291781477335e-03
-1.242457329723731935e-02 1.558497081812754495e-02
-7.079433054930590885e-03 1.140659745877115397e-02
-1.159900960504786464e-02 1.195676701779906266e-02
-6.406822604212662926e-03 1.103806935328243040e-02
-5.157586675547248811e-03 9.089524042751030014e-03
-5.001781784718654922e-03 7.981505578995941319e-03
-5.989018796031135572e-03 1.063416374071917206e-02
-1.029405512313169915e-02 1.363783751680276712e-02
-7.130633399999964511e-03 1.042324535328396050e-02
-7.444482993775018535e-03 9.350316268824404586e-03
-8.755212756664030108e-03 1.336114051397261152e-02
-1.066245366839677945e-02 1.451065771834034700e-02
-2.525580539480111551e-03 6.693818907022565379e-03
-7.457818742062837999e-03 1.082688396001940320e-02
-6.227139364197399260e-03 1.090814481847581126e-02
-6.514018025554733568e-03 1.081256520689954405e-02
-1.100406260545754022e-02 1.572546793193995915e-02
-2.734938505160684243e-03 6.476936703341782363e-03
-1.035975188098759922e-02 1.410533403264084898e-02
-9.472003284592592220e-03 1.209541871738386773e-02
-4.683374049436935145e-03 9.248711112632314671e-03
-7.465128204445731740e-03 1.133472860071652391e-02
-9.563045845484802882e-03 1.019935872228025335e-02
-4.319752669340525333e-03 8.481199356538352691e-03
-8.690089340273784643e-03 1.290965739354748947e-02
-4.822875389345941677e-03 9.045293406604938344e-03
-7.136613117172423658e-03 1.110365992214499761e-02
-8.088175680103911955e-03 1.279028396553053004e-02
-1.087348814120460590e-02 1.444672928920264290e-02
-4.308322363350471085e-03 9.006170060646252751e-03
-8.141281842132140276e-03 1.224225455839906239e-02
-8.446456853274159418e-03 1.188591301555643950e-02
-1.023318891981967078e-02 1.485864307677161288e-02
-6.416510300241705898e-03 1.077275005618323449e-02
-9.991178441434387172e-03 1.286172244748973702e-02
-8.492063889616955838e-03 1.258955157018593236e-02
-8.571367375528084198e-03 1.059401168589449091e-02
-9.699754174331838563e-03 1.358431102168912961e-02
-6.548195273969714680e-03 1.096036942784772358e-02
-6.764126362762588711e-03 1.086807129177410139e-02
-8.371460812540598012e-03 1.268756534559853724e-02
-7.028083572260786574e-03 1.068319040080710144e-02
-7.215839962212994979e-03 1.134667359521556590e-02
-6.483911699869044851e-03 1.052604169852850921e-02
-9.349528130006072926e-03 1.243422932067239639e-02
-1.133969034191925282e-02 1.450222370968279849e-02
-1.000847342959091529e-02 1.402984415359824488e-02
-5.559170204260703400e-03 7.941181997962986835e-03
-9.617595536253905480e-03 1.327310424934682702e-02
-7.436220008178863299e-03 1.145118172089399852e-02
-1.126784119603712296e-02 1.532740148862887959e-02
-9.962626770699659073e-03 1.452633061988369348e-02
-8.359453209462212528e-03 1.234229561886891931e-02
-5.629138905487086030e-03 8.363158774292916986e-03
-9.599793936576086345e-03 1.208189803947392824e-02
-6.386058918634582478e-03 1.033409648480978875e-02
-1.244254214763178268e-02 1.683500684486147550e-02
-1.298204316390661438e-02 1.693584947155706705e-02
-7.268541316675074943e-03 8.861940866078821949e-03
-1.276358998777260036e-02 1.748091389106638111e-02
-9.140432143212869065e-03 1.194450429133221171e-02
-9.065909486212893331e-03 1.349640302724397153e-02
-6.496501819085739350e-03 1.073426262554665229e-02
-8.651662226361107877e-03 1.321385109177072685e-02
-4.848729140702652193e-03 9.441826957278064494e-03
