-4.762967396551956445e-02 -9.612831399361962403e-03
-4.991301844058874254e-02 -6.676662991148413218e-04
-4.409282363540045768e-02 4.313869908820676391e-03
-4.366760391100731747e-02 2.461408273406885672e-03
-4.509370125915180411e-02 -1.485714774214181438e-03
-4.532492045237493383e-02 8.948669382496794028e-03
-4.394054179451820780e-02 9.934692053550461116e-03
-4.380834991707391324e-02 -1.945936046216294527e-02
-4.504692137781069611e-02 6.712042796964010072e-03
-3.942879387952450548e-02 8.878091070392470779e-03
-4.558515429598039570e-02 -1.210303207732697783e-02
-4.516143779157391625e-02 -1.388637681568182479e-02
-4.297118677461837788e-02 -1.732868167819525546e-02
-4.329679439343411818e-02 3.087446515939159652e-03
-4.295721552923181807e-02 2.478091070392469172e-03
-3.300662584732368121e-02 -2.883178842171005632e-02
-4.232514893829483760e-02 -8.541202080228599280e-03
-3.995514179653181924e-02 9.140117898289057408e-03
-4.569622986273944726e-02 1.238466669200449094e-03
-4.334923001928960712e-02 -7.328681678195253513e-03
-4.544003721461877671e-02 2.534080127403388373e-03
-4.703099407099350926e-02 8.977531337043893195e-03
-4.437522291784624928e-02 4.962535807420500808e-03
-4.590634788568171559e-02 2.173661304800657279e-03
-4.395569618307744453e-02 4.436245452832630019e-03
-4.547576669003416255e-02 2.828741379028224239e-04
-4.310030854264938760e-02 2.371617952032175659e-03
-4.651109230704195130e-02 -8.996395112550455847e-03
-4.350747267793494966e-02 -8.690403691780083928e-03
-3.079812720651555272e-02 7.409012722946811333e-03
-2.277264754034567101e-02 6.192750634980145191e-03
-2.624651278039709379e-02 6.711113737972770887e-03
-4.134733178636816608e-02 -1.900815809163549849e-02
-3.089628756936747822e-02 7.438846790612688858e-03
-3.303804316456478846e-02 7.615508565856599424e-03
-4.115399963901462954e-02 -2.043623090867467337e-02
