-4.635895904137191798e-02 3.230381824819514303e-02
-4.957399260181946654e-02 2.965984958705483732e-02
-4.319797851905433916e-02 3.399205113673291201e-02
-4.676277990574628785e-02 2.806463617274491604e-02
-3.995811425623178176e-02 3.508161203343346940e-02
-4.378540503945280160e-02 2.598544565022233716e-02
-3.601617301563758700e-02 1.108053097101794823e-02
-3.829857566460759949e-02 1.430538899111239749e-02
-2.377353739031134311e-02 -5.649315762239238981e-03
-2.442755163627034071e-02 -4.766365262679726766e-03
-4.125869392451460282e-02 2.352117858488681976e-02
-2.892839169516223802e-02 2.458360761773265360e-02
-3.835029119852698121e-02 3.271645504518985031e-02
-4.055601666393558041e-02 2.794497966231469094e-02
-4.079385856781019698e-02 2.844470635461956651e-02
-3.413332799125728956e-02 2.970358172760836565e-02
-4.175518319572898984e-02 2.784038744232275597e-02
-4.187740595473538746e-02 2.890449700653859380e-02
-3.566072897025735627e-02 2.883913011542670740e-02
-4.443589774717965346e-02 2.945246339695135537e-02
-4.138119748286125943e-02 2.792064686978185106e-02
-4.060072795798480572e-02 2.874213173182330050e-02
-3.839440909978365096e-02 3.133910567398923153e-02
-4.337720271726095561e-02 3.565645607368145981e-02
-4.579877848547347918e-02 2.977178345289491559e-02
-4.177140518006686870e-02 3.043850655830643986e-02
-3.447178484625997019e-02 3.017747740826783043e-02
-3.856740685458240336e-02 3.306222321327762642e-02
-4.286063633705552295e-02 3.536380543354430972e-02
-4.461567231735884265e-02 2.654149262049794455e-02
-4.079926998934089305e-02 3.186730441506872846e-02
-3.877967377647650177e-02 3.432147272014661465e-02
-3.206628906094413645e-02 2.770038335269136079e-02
-3.698560365475907913e-02 3.000451243234849089e-02
-3.124477232454218184e-02 2.693660045061621600e-02
-3.821777137703578214e-02 3.247315803913276150e-02
-4.168578272229909315e-02 3.153441748927544863e-02
