-4.779814511610988581e-02 1.423290247270238285e-02
-4.971075559891125623e-02 1.625846111618795692e-02
-4.848327284834146045e-02 1.681702563684993670e-02
-4.660791327217748276e-02 1.710808180215552671e-02
-3.014931752405421508e-02 1.444360825591995898e-02
-2.664156253009229702e-02 1.394366097124691631e-02
-5.930191321870434407e-03 1.117686090607393490e-02
-3.419867558106168964e-02 1.507613546056102601e-02
-3.481731778511326647e-02 1.166012577617375930e-03
-3.214531860613631387e-02 -1.513845321762691135e-03
