-3.885431287633583919e-02 6.757164162652332107e-03
-3.522555214853795302e-02 8.610821773126962897e-03
1.410406322480672880e-02 -3.523983592281108163e-02
-1.608004793315784275e-03 -3.032691856571289105e-02
-1.768082958324529441e-02 6.579123754044166605e-03
2.238248893394818861e-02 -4.670165619413692293e-02
-4.470317815512613729e-02 1.154608143916550228e-02
-3.032297635560461668e-02 4.598558996301363444e-04
-2.431110176328076314e-02 6.856307563112146175e-04
-3.206745383301248808e-03 -2.572926004368438976e-02
-4.595930014560344751e-02 1.124255771147446986e-02
2.947442234422847224e-03 -2.664635211772608397e-02
1.013788475447432134e-02 -2.972323054136674983e-02
-3.124175635729858208e-02 3.112102771463915590e-03
-4.022713287581909658e-02 1.141410310954855435e-02
-2.237903323019229535e-02 5.873131422920833955e-03
-3.052677902179424044e-02 5.276427310175282361e-03
1.238248893394818667e-02 -4.423733468269065022e-02
-3.522713287581909214e-02 9.379004748130225985e-03
-3.061739105103613093e-02 -4.279692314358635782e-04
-2.133466609145278844e-02 1.414123131085492924e-03
-1.067474036039882911e-02 -2.026957535378246314e-02
6.843552534444564267e-03 -3.247568281383283323e-02
-2.552677902179423947e-02 1.395112307014402617e-03
1.463087705029557720e-02 2.291204487911670945e-03
-2.270205020877561972e-02 -6.760117773762284663e-03
-3.248812295554077967e-02 6.460972791946463858e-03
-7.443351276827086388e-03 -8.168887710041521782e-03
-7.596353621293263497e-05 -3.001922196852237559e-02
4.903361684129150209e-03 -3.312048705895199313e-02
-2.118711730666894555e-02 1.715001600996880586e-03
9.640113346772566892e-05 -1.630539801240792758e-02
-2.074350670527567303e-02 -1.121848951640251960e-02
-6.950294131583220972e-03 -9.377949589371636571e-03
-2.992060207861211261e-03 -2.058663366760100574e-02
7.776155660796932670e-04 -1.940820071753018849e-02
2.197548826076015441e-04 -1.690392963188750916e-02
4.404494489714717680e-03 -3.303345029757846774e-02
-3.503926627662376156e-03 -2.062997725582855352e-02
3.610048102169827536e-04 -1.779598942100361209e-02
-1.542604589823097158e-02 -8.853671634448860225e-03
1.044267067928164594e-04 -2.125131850461686733e-02
-1.255587821359521045e-03 4.192298662820085828e-03
6.094973509758884033e-04 -1.899565171326107055e-02
-2.115766741672983620e-02 -6.193772254690360982e-03
2.580870130616230371e-03 -2.652231948602918124e-02
6.577626364126375365e-04 -2.483236900535130964e-02
-7.219173252254340416e-03 -9.962968082329239777e-03
6.356532760203751319e-03 -3.140543702208443977e-02
-1.161384706783241683e-02 -9.399268072888464914e-03
4.751525489167605226e-05 -2.428356665351483201e-02
9.219520282200514838e-03 -3.513863466057472879e-02
-8.129546034326702586e-03 -5.793584438967003432e-03
-1.793839637311998164e-02 -1.416398278029436242e-02
2.509892379976676538e-04 -1.681626814351694713e-02
2.565390903070535744e-05 -1.957728694940754841e-02
1.044640944663106225e-02 -3.835786337927822587e-02
-1.475068997575043096e-02 -1.629711906899460397e-02
-1.003081743758970495e-02 -8.601303526208411293e-03
4.187417336141540519e-03 -2.394996364763626526e-02
2.041637092906151748e-03 -1.928262906080852046e-02
-1.870688750495206817e-02 3.425848308816618979e-03
-8.006437373434394447e-03 -2.165488617986304626e-02
-1.135810351197004756e-02 -2.472672086878812715e-03
-1.622742026843996058e-02 -4.558155786947962022e-03
-1.137421492706702092e-02 -1.322811598967102431e-02
-1.518028422773389126e-02 4.372184165797791608e-03
5.785486956242271404e-03 -2.791115530571525519e-02
-1.010072098112130973e-02 -1.363338555908670709e-02
-6.908549091332842271e-03 -9.677211613501884510e-03
-1.516328638558955832e-02 -1.339803012767100919e-02
-1.610436943791440992e-02 3.984452609069026423e-03
-8.833611265533900317e-03 -2.028394127392307844e-02
-2.330872489572280285e-04 -1.973018061164420051e-02
-5.811690098992787490e-03 -8.360605919984493220e-03
-1.771115984368653445e-02 -6.189461295975604536e-03
-2.074940827498565621e-02 -3.353829379889959779e-03
-1.292547350058584690e-02 -1.326478520975188542e-02
-8.029212301966206361e-03 -8.919201197754092481e-03
-1.694072152625285960e-02 -3.268484158186851091e-03
-9.784364569448721939e-04 -2.454259988073952126e-02
1.002642906223970634e-03 -1.962853605884930935e-02
-9.905201475351180923e-03 -1.747263000510837841e-02
-2.765988872978709934e-02 5.409304908504816711e-03
-1.622064858441757754e-02 -1.143683286159835957e-02
-2.984718118493030758e-02 5.439189763078918285e-03
-1.341221779641055441e-02 -1.195637040815089244e-02
-7.676866541483563788e-03 -7.586431097971040385e-03
-1.358522452176082716e-02 -1.366255216043639129e-02
-2.109817787424966840e-02 -5.268290034676059025e-03
-5.603135203794932725e-03 -2.069042469308452967e-02
-5.673519346337318331e-03 -9.022324619730758000e-03
-5.886117579911613260e-03 -9.452687249238148764e-03
-2.332035758682563312e-02 -4.664334450834486077e-03
9.480602316173735930e-03 -3.407744017913490880e-02
-1.801149440222269207e-02 -5.734545379620039143e-03
-1.102382603732934320e-02 -1.472567536218052919e-02
-8.192861633045374001e-03 -9.306335170151955674e-03
2.284951024583185657e-03 -2.064738152137368665e-02
-9.132566588177629813e-03 -4.975733771508861550e-03
2.786192719995074681e-03 -2.172424029877915302e-02
-8.067518181204684155e-03 -4.419718720571362558e-03
-1.743452116897853746e-02 -1.336503781135875771e-02
-1.764872410294366506e-02 -1.159276011475837871e-02
-2.769234513237317855e-02 2.289912004484249194e-03
-6.947533195959293591e-03 -9.466288081463967302e-03
1.645627337884489902e-03 -3.026430304954470796e-02
-2.061566776000807455e-02 -6.095295516785817838e-03
-3.456492313868246308e-03 -2.175266016798155233e-02
-8.311134289445416823e-03 -1.852242456571294438e-02
-6.885174245415031161e-03 -7.026749454333357930e-03
-1.517675416396711309e-02 -5.502293770207967831e-03
-1.065207492324583664e-02 -1.672817986652358133e-02
-2.311262361882443495e-02 -1.287591260799685489e-03
5.132222363038421893e-03 -2.907744017913490783e-02
-1.285691051218611561e-02 9.866056450287680191e-04
7.349732480027796472e-04 -2.257009457573017769e-02
-7.501694716913778066e-03 -8.496447356809508009e-03
-1.490642543605368367e-02 -1.629764547754564835e-02
4.338873078532845193e-04 -2.429222739504750816e-02
-4.673946068279108065e-03 -1.226760214759154734e-02
-1.619736985672926011e-02 -1.393620358191998559e-03
-1.907787462785641430e-02 -6.506569631032148651e-03
-3.615560032725764240e-03 -2.086532924295704181e-02
-2.318589388117149597e-02 5.959705757746025035e-04
-8.747713264291403709e-03 -2.230099675178871116e-02
-1.235154992688730288e-03 -2.029561015931883455e-02
-9.956401082914170461e-03 -8.092796230186580925e-03
7.689234055788362731e-04 -1.743461872777357646e-02
5.555383765118069271e-04 -1.954711563497661328e-02
-1.062868453357094199e-02 -7.677490800239764566e-03
-1.173002912828450921e-02 -1.837963148171696884e-02
-5.751943799029975678e-03 -1.949817351417993533e-02
-8.518182866906014433e-04 -1.926875049748515492e-02
-7.822121833479188900e-04 -2.437226442734565304e-02
9.851346805621881246e-04 -1.931508730418927955e-02
-2.325703605171993912e-02 7.319729712085124886e-03
-2.008805121257378062e-02 -1.060102282895414305e-02
-2.269234513237317757e-02 -2.710087995515751778e-03
-3.852494328022938383e-03 -1.867684507491311485e-02
-8.002793590149933495e-03 -7.834962902963774067e-03
-1.369426725772081299e-02 -7.649103129881787595e-03
-1.262157694264316558e-02 -4.641301534349331730e-03
-1.196221776930703889e-02 -1.337849086516025750e-02
5.665914234400023022e-03 -2.359379748054804549e-02
-4.339920533061782798e-03 -2.066535365013189018e-02
-1.285375405240756462e-02 -7.565385164915448477e-03
-1.550911599714499371e-02 -7.932821874012764563e-03
-6.939027114857231754e-03 -8.850929264545798897e-03
-4.679310216123336134e-03 -1.284867954826808892e-02
6.638590108277457515e-04 -2.015993305043233333e-02
-5.588306853131096499e-03 -1.163570565954085215e-02
-1.006719718238469671e-03 -2.300136633810460213e-02
-1.628453084783466204e-02 4.278011227236999149e-04
5.296951747849509146e-03 -2.640195681960029461e-02
-8.008376616686135527e-03 -1.168239634147586956e-02
-1.311699593697870404e-02 -6.908103005179694854e-03
-6.881748077986866996e-03 -9.366510997489025173e-03
-8.623357762637763602e-03 -1.500355365742625513e-02
-1.162212693813642443e-02 -8.733305764922550882e-03
-2.237517409792226172e-02 -2.076189543298890237e-03
-2.061005843820876843e-02 -4.106389807866080675e-03
2.378545057621146708e-03 -2.659342962949048234e-02
-1.110453740388703953e-02 -1.570654359465665020e-02
5.620486323748615648e-03 -2.942305445010703902e-02
-1.042343041547723684e-02 -1.748184085439232968e-02
-1.631218166385963939e-02 -1.239542140405999748e-02
-1.343390374086371637e-02 -1.794125168612270213e-02
-2.064177836417786793e-02 2.589791556898915579e-03
1.719070172033176393e-03 -1.897949911858297020e-02
-4.316768016484962174e-03 -1.748622764496047394e-02
-1.851228239374908685e-02 -2.315191656483769986e-03
-1.340955858750564854e-02 -1.557929178201107080e-02
-3.634781361351288858e-03 -2.272458867461494766e-02
-1.145535119768329411e-02 -5.729542059599363434e-03
1.042769925493085195e-03 -1.778490715525640406e-02
-2.860664471902925332e-03 -2.159317818717606738e-02
-4.924227753305989407e-03 -2.214425509069478312e-02
-6.854485972339532246e-03 -9.472965430321000913e-03
1.801245660238463440e-03 -1.901018836676581295e-02
-9.561678219103465076e-03 -1.056198493321946520e-02
-4.214566319942451324e-03 -1.144297314449001755e-02
3.204195138581232821e-03 -2.632614337690617964e-02
-1.717396540758062140e-02 1.198691054416033304e-03
-4.543617414646092430e-03 -2.106392171436400132e-02
-1.250018276476674156e-02 -1.644245447583805864e-02
-1.214807046850076375e-03 -1.878864209136059393e-02
-1.855830132839710739e-02 5.043381473943966964e-03
-5.347189312605265914e-04 -2.037944740968348697e-02
-1.334938073203107214e-02 -1.018103576468598094e-02
-1.697820092422913998e-02 -1.224309679448461197e-02
6.926355425827718064e-03 -2.510175366490264431e-02
7.994762275688642797e-03 -3.851705604993393289e-02
-9.707998031940147377e-03 -4.843280850792446197e-03
-7.747194630342024886e-03 -1.333526752399720461e-02
-1.912249496255736397e-02 -3.601659282718975078e-03
2.195593339691360134e-03 -2.184707798018177896e-02
-3.125221117596388432e-03 -1.705793079553433872e-02
8.778825025378163630e-03 -3.119487542246996911e-02
-5.808688026025614175e-03 -1.668239634147587053e-02
-7.948360298054768167e-03 -6.117234690059963204e-03
-6.144868324996798949e-04 -2.409040760580954607e-02
-1.062813655895160185e-02 -1.484025135473879091e-02
-1.360855614132016125e-02 -2.187081276204195374e-03
-2.843683886688753298e-03 -2.672817986652358327e-02
-8.543575979729437636e-04 -2.422223681716858049e-02
6.717605238987857039e-03 -2.731025351278668079e-02
-2.007314251855352866e-02 -8.200442779975588084e-03
-1.577643157431151549e-02 -9.464622786410985603e-03
-1.011871953056065095e-02 -2.040115828814762985e-02
-2.424750092298017575e-03 -1.880940731317984338e-02
-1.220549311086847194e-02 -8.220715969742850224e-03
-1.564177836417786696e-02 -1.500847380221926024e-03
1.785414256627979642e-03 -2.049404594823023631e-02
-1.119138785230197608e-02 -5.393916304742722712e-03
2.409261577771934677e-03 -2.412942402504240913e-02
-1.431193229251661149e-03 -1.992603322377099057e-02
-1.226726354596549204e-02 -1.084865294309794552e-02
1.497403392263283286e-03 -1.906607313420981969e-02
5.107774365874446013e-04 -2.286758155255574909e-02
-1.173823840955258262e-02 -1.350901449007330807e-02
-8.409558587505647567e-03 -1.691080533147927556e-02
6.623599160468059827e-03 -3.838859836741514986e-02
-5.729284939366838941e-03 -2.099637229061070143e-02
-9.656096636453564627e-03 -1.451390461973001318e-02
-7.878396809892749403e-03 -1.648940970747811430e-02
-1.034529268280592017e-02 -6.474632988365049656e-03
1.004445142152916902e-03 -1.959845546410369718e-02
7.577224669401156493e-05 -2.690215263576197988e-02
4.907500242229583150e-03 -3.024588593597790295e-02
-1.242515753346265387e-03 -1.678634689508067337e-02
-2.774757676943394227e-03 -1.268665487837933661e-02
-2.941847946672288341e-03 -1.583097210065470550e-02
-2.868160460875626531e-03 -1.492554981874809339e-02
-1.217396540758062043e-02 -2.207635735010296443e-03
-5.752808157184294106e-03 -1.928706893184478632e-02
-7.637177101375971187e-03 -1.471391999189101442e-02
-6.633557595484240038e-03 -1.815490848738374186e-02
-1.448489465651097048e-02 -3.560004963834846863e-03
-1.298770759729388560e-02 -1.556763569751728159e-02
-8.637697769076984125e-03 -9.569841557585789110e-03
1.779293567670597962e-03 -2.169691159232350550e-02
-3.228278588290164203e-03 -1.633399468108006486e-02
3.166891542794968064e-03 -2.646816459633787033e-02
-1.276671926068465197e-02 -1.384324689589067590e-02
-1.300542593121984010e-02 -7.163383969758564847e-03
1.446313095069889573e-02 -3.589823352784209110e-02
-4.678646387430639500e-03 -1.538507510929714578e-02
3.160065639460330703e-03 -2.815621941471461304e-02
1.083809971708188033e-02 -3.679268522827776333e-02
-7.217431330982031559e-03 -9.843280850792446302e-03
-6.005844291714947970e-03 -1.774212201351597906e-02
-4.196832063111023518e-03 -1.445221964894340128e-02
-2.747194630342023915e-03 -1.406994601780982984e-02
-2.174841586334766430e-02 -1.269781823436838888e-03
-5.627388754342329581e-03 -1.185902169642959365e-02
3.419379853686225611e-03 -2.802086825168843831e-02
2.019667980696121697e-04 -2.915236881974015218e-02
-3.116995936978702100e-03 -1.447579048181907996e-02
-1.673477323024353050e-02 -1.556837615799542586e-02
-8.250620901474039690e-03 -4.954877591228759419e-03
-9.053822414145594119e-03 -1.426501668576509764e-02
-1.450945163379332645e-02 -5.497006259704744283e-03
2.156316113311247673e-03 -3.172817986652358424e-02
-1.935687150936275455e-02 -8.625560543966540646e-04
-9.991071415999138589e-03 -1.177509767947526771e-02
-8.729126729332337825e-03 -1.728258530631703732e-02
-5.818325071653397684e-03 -2.043137614493441973e-02
3.775285044018924542e-04 -1.974690136832762608e-02
-1.530508342313593659e-02 -1.028006384165453327e-02
-7.521268060705363703e-05 -2.095361957208255466e-02
-7.015325588817537469e-03 -8.083964669365990494e-03
-9.896856380082648397e-03 -8.752235875122808123e-03
1.425529090134329720e-03 -2.209399464615336914e-02
-3.541427747324782556e-03 -1.441317760015194821e-02
8.906800223912641340e-03 -3.147733206473969647e-02
5.827027356475574568e-04 -2.585848615419903893e-02
4.948710516152012018e-03 -2.530506163572453920e-02
-6.648094533532562973e-03 -8.430909447119159725e-03
-1.222000649196365932e-02 -1.109921151917776447e-02
-5.118719530560649975e-03 -2.499913336036650030e-02
-1.111504626139431760e-02 -1.079084283447573865e-02
-3.300040406220576886e-03 -1.810174510415343829e-02
-4.556822729945974627e-03 -1.418179150287436456e-02
7.208436145047899396e-03 -3.323735275247341470e-02
-1.401791006462589032e-03 -1.969907574026861369e-02
-3.194344122540636495e-03 -1.690381299384544414e-02
3.051802874743918953e-04 -1.795758139013651361e-02
7.409261577771935649e-03 -2.705818453413334768e-02
-8.467844645196592746e-03 -1.147296069188108794e-02
4.512916673217325265e-04 -1.754299266630070936e-02
-8.569959269636513895e-05 -2.582446763526828962e-02
-7.813739633315575431e-03 -9.878708101578679429e-03
-1.354252883085743826e-02 -1.429460644409331904e-02
-7.130341833858694876e-03 -1.619458120610267615e-02
-4.585002237082989873e-04 -1.838812754675215114e-02
-8.509386224770204912e-03 -6.165828890441238039e-03
-3.265112990534498744e-03 -1.151130363985285003e-02
-1.445845503876386868e-03 -2.002548113016601808e-02
7.379546639458061004e-03 -2.961965143383908650e-02
