8.045486813179611452e-03 -4.924322758440810577e-02
-4.404440067641102186e-02 -9.672798748332142593e-03
-4.333999820626879829e-02 7.260789793075407561e-03
3.432652180495078531e-03 -4.183413535968064090e-02
8.479183880466645284e-03 -3.321077236187607029e-02
5.536357698682289538e-03 -4.582292315313299391e-02
-1.680112756718018206e-03 -4.127986311492017057e-02
3.611904318111991592e-03 -3.702550771993984996e-02
-4.733056512969656404e-02 -1.228831385455959576e-03
2.482475845402815073e-03 -4.423216540420654014e-02
-6.084831553122890119e-03 -4.133861122322220194e-02
-9.313725770604977527e-03 -9.430154662969956331e-03
-4.180082085103992151e-02 1.682945774321607628e-03
4.747389759591874939e-03 -2.575309561942821374e-02
-4.233056512969655960e-02 -1.621137685302236325e-03
-3.873737805610567159e-02 2.247245472163741410e-04
8.606440861865011140e-04 -3.986892887778165778e-02
-3.221204150122516929e-02 -6.145424916437440717e-03
-1.997602164242530398e-02 -4.443912721615648695e-03
-3.340340123549326301e-02 5.948696917936967601e-03
-3.297388634465940604e-02 2.670034669018384911e-03
2.539119552222842378e-03 -2.326030124275218006e-02
3.172620978886218305e-03 -3.359363378184918036e-02
-4.395969761840063522e-02 7.859714698869299521e-03
1.327311247357191009e-03 -2.448790240532564000e-02
-1.788249518389488715e-02 -3.167433405180616370e-04
-1.917650312585765515e-02 -7.686910703973946768e-03
-2.917576043358256419e-02 5.645282847076958654e-03
-1.460029019721311577e-02 -4.143293090494609004e-02
-2.417237135119737826e-02 -2.920983392706552433e-03
-1.596862246573543462e-02 2.936196329852654163e-03
-3.234183161738039131e-02 -3.109917835249369038e-03
-4.453463681636365273e-02 -1.643783932556520944e-02
-1.821797221424231727e-02 3.926296214775061577e-03
-4.483964979310045562e-02 5.728241626658747698e-03
-3.112357226089377746e-02 -5.287638255886482896e-03
-9.374008511462507409e-03 -5.017507287160907076e-03
-4.671839819253920112e-02 -1.519988938303349496e-02
-4.688070589842550234e-02 7.282416266587467268e-04
-2.805047182859687557e-02 -8.864890471053665094e-03
-9.507781045325505373e-03 -8.545417158924747958e-03
-1.481053781460618321e-02 -4.468011114699020625e-02
-1.878744213776900596e-02 -9.273147070454797192e-04
-1.903201519109480946e-02 -1.581114017622606976e-02
-3.392383409458216842e-02 3.414057691025131069e-03
-2.139085926067834861e-02 1.513534221206098984e-03
-7.652886643198870270e-03 -2.195887419785108943e-02
-2.381011918382417228e-02 1.350136554789070631e-04
-3.114077694284549461e-02 -1.572415424892174146e-02
-1.446877426808593041e-02 1.669244568831742409e-04
-4.811156627084142018e-02 -4.271758373341254245e-03
-3.439375886500395385e-02 -8.636786385443117123e-03
-5.898313012969955485e-03 -2.542606627123625979e-02
-3.622782821202114728e-03 -2.496331346442885388e-02
-2.807152398837089308e-02 -1.905551148507166753e-02
-8.003667540668162050e-03 -1.784933823076416751e-02
-8.931676568864866175e-03 -2.203003282328428944e-02
-1.681110014537076300e-02 -1.986317860641902827e-02
-8.872757292907235138e-03 -1.843245323615884390e-02
-8.988988822154448527e-03 -2.496127317477142213e-02
-4.172977178346599231e-02 -1.435471715292304523e-02
-2.258195273041557413e-02 -4.057756169028894910e-02
-1.996036254574639832e-02 -6.590613060350641525e-03
-3.497804850629845225e-02 -1.756456979288388565e-02
-1.824385655942445394e-02 -1.434224093810622901e-02
-4.800186042308279832e-02 -1.241045820167313921e-02
-4.242159308943170212e-03 -1.730661317223655682e-02
-9.711214298558965008e-03 -3.369423116382919831e-02
-3.299293344597193506e-02 -1.515460416887702381e-02
-2.158019423255193303e-02 -1.719315775454428874e-02
-2.782636447847408601e-02 -1.831628901606766058e-02
-9.962132424020064131e-03 -1.906580839914909578e-02
-3.140093993695181052e-02 -3.291308907552730617e-02
-3.136143023611365904e-02 -1.414131275352000297e-02
-1.757960031162541722e-02 -1.676853897163056717e-02
-8.920174953807058840e-03 -3.262629071830862315e-02
-3.535717513165118064e-02 -2.108234382252502717e-02
-3.123553009660568619e-02 -3.172066804671661022e-02
-3.713515370428754209e-03 -3.633973730738466329e-02
-3.543248877041042105e-02 -2.896534462973678753e-02
-3.486684003379643404e-02 -2.830110442248318092e-02
-2.913218747646156501e-02 -1.901309827135616234e-02
-1.924215930894317139e-02 -2.140198440755590806e-02
-2.291926770444756289e-02 -4.147694263078367805e-02
-2.859245719810829534e-02 -3.088936424809005446e-02
-2.660563503512465566e-02 -1.814122982851528593e-02
-3.990496377306779890e-02 -1.726776318135163704e-02
-2.584043216512486169e-02 -3.542207690052366631e-02
-2.733099572436978320e-02 -2.972267711366120835e-02
-3.041804767776091697e-02 -3.356888342523517421e-02
-3.309097954362040517e-02 -2.859453685997289177e-02
-2.359541937305283110e-02 -3.078633757801793949e-02
-2.174412991036985335e-02 -4.090310681657834124e-02
-6.438523158747898323e-03 -3.706984611839556770e-02
-2.806401003138843733e-02 -2.331384969659260759e-02
-1.858468030492278766e-02 -2.241050485578318860e-02
-4.290862955396030493e-02 -1.697353836074082592e-02
-3.416219412042009740e-02 -5.485359439029210103e-03
-1.745003580671958612e-02 -1.873881441147883312e-02
-1.663609646201587994e-02 -1.930132158928902705e-02
-2.803145289777231319e-02 -3.321885398796391858e-02
-3.448408548961927333e-02 -2.851069015755310423e-02
-1.856244397511460156e-02 -2.838520269482497360e-02
-2.203646153111097489e-02 -1.289166036355275657e-02
-1.402546064454122422e-02 -3.671074210005933341e-02
-3.013416458341685797e-02 -3.165512124327798937e-02
-3.321048214493655532e-02 -2.684342707511705797e-02
-3.087231599242761318e-02 -2.197571443385000489e-02
-2.479034713138187490e-02 -8.307185246994783917e-03
-2.858105990296709933e-02 -3.564484886359531313e-02
-4.453840793403604503e-02 -1.725564067258624629e-02
-3.660889584227349641e-02 -1.722222010252718108e-02
-3.630371550737215153e-02 -1.228130464601861344e-02
-2.914239043921806535e-02 -2.155779480265909015e-02
-1.702143324720531425e-02 -2.093990314503960462e-02
-4.222689503283748313e-02 -1.821273345973348917e-02
-1.322222952741793078e-02 -3.392799823737836784e-02
-2.567587622937081773e-02 -2.828394964723598623e-02
-3.222073413177097001e-02 -2.809484345640613986e-02
-2.498459116001791255e-02 -3.185681944924636383e-02
-1.747976198045514407e-02 -2.637989017138396217e-02
-1.400570678692752459e-02 -2.908767121142184775e-02
-1.770614665288083867e-02 -3.477812532179160032e-02
-3.062802806332982561e-02 -2.666172716469168008e-02
-1.298614537709060282e-02 -3.299369098933978978e-02
-3.135537720375509291e-02 -3.148529770782640402e-02
-1.491241588673850385e-02 -3.482595757211853771e-02
-2.530654832012878969e-02 -3.731767753292137418e-02
-3.216235442154592727e-02 -1.712805421759429347e-02
-1.688556384435107444e-02 -3.243564423415905285e-02
-2.990183110050924700e-02 -1.680524399599015589e-02
-3.174168670983056745e-02 -2.691251093984708617e-02
-3.227754305224446452e-02 -1.605721106187752226e-02
-3.419491082031565765e-02 -1.870104481136190128e-02
-2.568218289902325299e-02 -1.091395462227608831e-02
-2.255180639759515882e-02 -1.756212597914642848e-02
-2.220165034357830889e-03 -3.672513313125819884e-02
-2.144377150887809974e-02 -3.069925135065820071e-02
-3.173243771487824216e-02 -2.369211556357314966e-02
-3.028128920384011782e-02 -3.381692291516052301e-02
-3.050740941468352979e-02 -3.051021753459058281e-02
-1.700627837153847327e-02 -2.754208337903656795e-02
-2.693184187919338973e-02 -2.268948478292585544e-02
-3.394519430973349378e-02 -4.059752585866410746e-03
-1.356343095617478824e-02 -3.357573397470654114e-02
-3.038249117961300261e-02 -2.232050046041952895e-02
-1.093886781043332257e-02 -3.073109722910567082e-02
-1.402162992359532075e-02 -3.551084751123730759e-02
-1.940090047796091954e-02 -1.753373394449135939e-02
-1.528644814829935132e-02 -2.395729023560341439e-02
-1.778059608896260385e-02 -2.767774553561471590e-02
-1.736185955340649456e-02 -3.304529395295980471e-02
-1.489002381699166752e-02 -1.883043442441801815e-02
-1.771003638581706771e-02 -3.151579579035226897e-02
-1.024117463426703865e-02 -4.130297690838337366e-02
-3.063802227637399053e-02 -1.388698050965756978e-02
-2.677294409395323052e-02 -1.128884833199980155e-02
-2.717123818088450563e-02 -3.032560312994733026e-02
-2.555004377367196475e-02 -3.038049441392205383e-02
-2.753314654342887621e-02 -2.410658689295782503e-02
-3.958915186843176004e-02 -7.816161089491074562e-03
-1.499691256166452852e-02 -3.343873545420814053e-02
-1.832902600420695943e-02 -2.534868895788451593e-02
-3.371267101272384936e-02 -1.589321331037651247e-02
-2.493913549096170301e-02 -1.591395462227608928e-02
-2.716347026046349658e-02 -2.660767957716657708e-02
-4.140891580984375903e-02 -1.529712371966258574e-02
-1.375144099136680655e-02 -2.879373831344083506e-02
-2.039343125122873579e-02 -4.043885659760843715e-02
-3.219097350286292264e-02 -2.293340473382076208e-02
-2.012009075927320007e-02 -3.222997513245327156e-02
-3.224386131778048808e-02 -1.963851197028070733e-02
-7.958073499983748383e-03 -3.730884270359251242e-02
-1.363136577573550133e-02 -2.410384884327305272e-02
-2.504519804470320063e-02 -2.979945048015543094e-02
-1.867840907302141529e-02 -2.692013406863880826e-02
-3.050483977349371933e-02 -1.805780162674112954e-02
-1.365482516300651344e-02 -3.434584937003134358e-02
-3.400472820476657665e-02 -7.741791838397245329e-03
-1.932902902119367633e-02 -2.990344991874419739e-02
-1.258125253314709702e-02 -3.721035009850522102e-02
-2.151248090462203055e-02 -2.495809101396125398e-02
-2.513879547283469004e-02 -1.611120130410032339e-02
-2.727034777307544774e-02 -1.856034893725654403e-02
-1.775362891134857693e-02 -3.046935977952113309e-02
-2.066481223079446802e-02 -1.394525863231299047e-02
-1.500997021735536036e-02 -2.563435003332906886e-02
-6.182144444302833768e-03 -2.275179019497612989e-02
-1.005591411596219037e-02 -1.978359657695043239e-02
-1.642529471480915632e-02 -3.377157381452684098e-02
-3.459790383872331232e-02 -1.885716106495265165e-02
-8.826540478216494956e-03 -2.861273814352173483e-02
-3.179872670717825978e-02 -2.956256514027126581e-02
-2.869831493029647435e-02 -3.154044183771827214e-02
-1.351392942063568171e-02 -2.795975481636125970e-02
-2.535428498858102384e-02 -2.402462595604871673e-02
-1.388027808444254781e-02 -2.491276587324243313e-02
-1.300258542890071756e-02 -3.726858507301234608e-02
-3.450925440409782774e-02 -2.972308705575761600e-02
-2.347487102962350983e-02 -1.143287487456513124e-02
-1.665771974623107832e-02 -3.405063098927067072e-02
-1.023855944992357186e-02 -3.031950210057333950e-02
-8.375170251735966631e-03 -2.997589880949982563e-02
-2.230068378229378701e-02 -2.489928182071824564e-02
-1.950487332411937266e-02 -1.608962216958462199e-02
-1.906160777678329171e-02 -2.459719901758699798e-02
-3.105319135195342209e-02 -1.948213435930594775e-02
-1.534016686625756624e-02 -1.731213876554318215e-02
-1.740625118755181194e-02 -2.809545607814597362e-02
-1.447023022859770386e-02 -2.293135235673381817e-02
-2.167133908272410314e-02 -1.599030734673362666e-02
-1.745899262329697263e-02 -8.699252608937502185e-03
-1.314679732450937770e-02 -1.994839484116545103e-02
-1.596415364209616966e-02 -2.987442190835334910e-02
-2.109575802487853244e-02 -2.269363617952262213e-02
-3.056307919082383237e-02 -3.183249784131688548e-02
-2.170933922697524526e-02 -3.130704156873245075e-02
-2.987634856238960412e-02 -1.730087155365352819e-02
-1.355526212969330319e-02 -1.746702778350510410e-02
-1.271420229695408889e-02 -1.895729023560341342e-02
-1.281853958685781267e-02 -2.797313970756943463e-02
-1.328090221408123606e-02 -3.261166870576146654e-02
-1.630805426362931868e-02 -2.697134812639869969e-02
-2.123942752302215506e-02 -3.058074941273178360e-02
-8.583671579764596757e-03 -3.529129646205985543e-02
-1.615353467780222471e-02 -2.743514597982182543e-02
-3.248737818350742185e-02 -2.034924615735439132e-02
-1.629790913385648771e-02 -3.234867634285670812e-02
-3.015855916853061799e-02 -1.047371955191331652e-02
-2.756506086021692781e-02 -6.288848331999800575e-03
-2.578888422195025135e-02 -2.983957408443097675e-02
-2.311334249809300634e-02 -2.618451810712281447e-02
-2.538900559782463276e-02 -2.248168581718743703e-02
-2.436994833926345305e-02 -2.094204905920261928e-02
-3.692003140578189319e-02 -8.301728505439634129e-03
-1.395087353520844606e-02 -2.224146823155039032e-02
-2.265592588104544877e-02 -2.478025765063826547e-02
-1.289352720365540342e-02 -2.017842604920440028e-02
-2.961234684732850717e-02 -1.624104031451861427e-02
-2.562486393265487120e-02 -2.623541210009764854e-02
-2.961216677221487070e-02 -2.224923904924034843e-02
-3.094300937826695123e-03 -2.896832499474590733e-02
-9.750322429382368705e-03 -3.466235954182143170e-02
-1.969465052620550730e-02 -3.981282498254918450e-02
-3.640891580984376152e-02 -1.874208150816878554e-02
-1.091686329214954995e-02 -2.923404323252842482e-02
-2.027782499640012892e-02 -3.721512203211024827e-02
-2.719097350286292167e-02 -2.018982649269770654e-02
-2.413750474995945278e-02 -2.266901139987606908e-02
-3.037468832782373729e-02 -1.626007726175483434e-02
-2.927642367144350430e-02 -1.401757836160712895e-02
-2.417115704803734014e-02 -1.521272674829133448e-02
-4.270749305297661183e-03 -4.121181955555548032e-02
-1.802132756729207114e-02 -2.275336170429200291e-02
-1.721152450491072669e-02 -2.732244849072462678e-02
-1.939194226658281714e-02 -3.098775151288725785e-02
-1.357263650823776167e-02 -2.978344935973955762e-02
-2.824023787285005055e-02 -1.782427461095924953e-02
-3.284504885774266331e-02 -5.621458338050596380e-03
-1.934229968892476823e-02 -2.172529025411216314e-02
-2.299788176762694245e-02 -2.325375429334324007e-02
-9.406376552304699518e-03 -3.705640783682739858e-02
-1.983030295621279054e-02 -1.679003516212483615e-02
-1.802584970591181515e-02 -2.057687737770955844e-02
-1.822324834664045684e-02 -1.583951950786549601e-02
-2.735502344274449646e-02 -1.095636178218637076e-02
-1.580215828014568807e-02 -2.623197156988041345e-02
-1.823539582049664431e-02 -3.157350928753634850e-02
-1.496970398594228528e-02 -2.063435003332906789e-02
-2.565584723189389890e-02 -2.469792599931509500e-02
-1.745038249240370154e-02 -2.476464004400065824e-02
-2.790070516136911385e-02 -2.444365256680204601e-02
-2.839364369852755143e-02 -9.971117166839505580e-03
-4.470599702000458212e-03 -2.355663748909142888e-02
-2.967751696068319026e-02 -1.921923318655653981e-02
-3.879223886922630871e-02 -1.383182625082485413e-02
-2.691083472854888942e-02 -2.350856865058372283e-02
-6.851561233349874082e-03 -3.143383683617249902e-02
-1.904635733525215924e-02 -1.974230209023112095e-02
-1.454460555571821835e-02 -3.016273061145140211e-02
-1.536057080975044772e-02 -3.627970165568514260e-02
-1.718793897166423501e-02 -2.824880081399008813e-02
-1.584162740584592333e-02 -1.817968798944648301e-02
-6.651712895577198068e-03 -2.176960603416516066e-02
-1.408781242618792687e-02 -3.242901349182473331e-02
-3.044914913953723073e-02 -2.408729037196919234e-02
-7.341873241576910014e-03 -2.865536172822900907e-02
-3.236823253798905287e-02 -2.560528500193760479e-02
-2.404790761835347290e-02 -2.223755512377180443e-02
-2.466305511437201850e-02 -1.573380948744378116e-02
-2.073736676016779343e-02 -2.185711407224608799e-02
-2.266725200702907062e-02 -3.327757813006510662e-02
-2.164541673390354276e-02 -3.339576159154237361e-02
-1.299180952190326366e-02 -1.443534335826357658e-02
-2.777899516566169347e-02 -2.591510955341132239e-02
-3.290169120556812182e-02 -4.490762301164149747e-03
-2.114748459067892702e-02 -3.052481312603332053e-02
-1.887974200674855801e-02 -1.319911872861613197e-02
-1.908855347738624281e-02 -2.367634459409633657e-02
-1.752699609715220597e-02 -2.910833907742672519e-02
