7.122268154474404867e-01 1.079149442072088738e-02 4.552030904534289102e-02
4.773916342332569229e-01 1.959781371625277102e-02 2.161706472091166897e-02
2.065464007262081125e-01 2.975450997276704590e-02 4.332751974696145980e-02
4.950706584524118270e-01 1.893485030803451763e-02 3.509194302594359494e-02
2.081061296377635372e-01 2.969602013858371747e-02 4.278453051854004541e-02
9.654847058370004120e-01 1.294323531112334669e-03 2.156728914255738594e-02
7.786225014922871779e-01 8.301656194039080949e-03 4.577194193367849218e-02
7.100283212102027619e-01 1.087393795461730206e-02 4.157830788913961795e-02
1.180897750142113622e-01 3.307163343696703506e-02 1.664310721331900556e-02
4.194941066947484032e-01 2.176897099894689602e-02 4.088171111527777457e-02
6.224806003177691949e-01 1.415697748808350531e-02 2.161821586028685183e-02
1.001686061019133156e+00 6.322728821764322937e-05 4.303165905401490354e-02
9.430922469982512268e-01 2.134040737565484624e-03 4.072592931145423145e-02
7.146946743731925622e-01 1.069894971100512904e-02 4.441965773928931160e-02
7.014995365293792418e-01 1.119376738014818407e-02 3.806835397662698683e-02
5.393839657596544157e-03 3.729773101284003523e-02 2.482970877065850124e-02
8.823144272361966856e-01 4.413208978642474412e-03 4.616537069258629111e-02
1.480444630895734193e-01 3.194833263414084690e-02 1.994661666150947255e-02
2.191547009567402782e-01 2.928169871412208969e-02 4.381045128513401388e-02
2.170054095891122969e-01 2.936229714040825001e-02 3.374062313144689240e-02
3.815569477445279745e-02 3.606916144595792573e-02 2.352087852304952931e-02
4.272249339287004233e-02 3.589790649776722353e-02 3.873598539681728792e-02
1.390096408440983922e-01 3.228713846834616041e-02 3.587217142482038157e-02
5.262206009467069734e-01 1.776672746449844964e-02 3.840989902298784509e-02
9.096941168884304929e-01 3.386470616683817658e-03 3.746037770902156672e-02
5.140091179116774711e-01 1.822465807831194495e-02 4.215107833524957270e-02
4.873927711718257783e-01 1.922277108105649446e-02 4.048033811252681191e-02
1.002378955218349965e+00 8.921082068816255095e-05 2.935374787004448038e-02
6.099572871074672165e-01 1.462660173346982950e-02 4.342176646709899890e-02
2.590329144868093181e-01 2.778626570674455620e-02 2.992354637041323706e-02
7.453080456750589278e-01 9.550948287185251351e-03 3.032033770940237294e-02
3.426052356013471467e-01 2.465230366494938763e-02 2.464233489099477981e-02
8.890987291496061928e-01 4.158797656889617889e-03 4.433905336524271434e-02
9.274110477688042309e-01 2.722085708669691462e-03 3.947032472766019706e-02
3.325951127034905141e-01 2.502768327361901135e-02 3.061388933331105067e-02
4.362577121251094425e-01 2.114033579530824603e-02 4.063148445717618129e-02
3.740936239913024153e-01 2.347148910032612057e-02 4.074342406729027088e-02
3.436234681453482764e-01 2.461411994454940078e-02 3.980915499231794941e-02
9.315707449275745233e-02 3.400660970652155668e-02 4.071510277665553457e-02
7.529183613171852585e-02 3.467655614506046091e-02 3.619509034820572735e-02
7.411435857032699914e-02 3.472071155361264316e-02 4.200808529673584479e-02
5.723079513225544090e-01 1.603845182540405978e-02 2.979885498610651551e-02
5.353494787734831561e-01 1.742439454599428728e-02 2.327212757736145388e-02
2.324607368709559196e-01 2.878272236733900313e-02 3.406388214131973735e-02
2.322331340859724591e-01 2.879125747177599393e-02 3.392246098533027721e-02
2.147009998408844211e-02 3.669487125059664456e-02 2.341646785166064115e-02
5.575659051748944606e-01 1.659127855594130785e-02 3.839002294566402906e-02
8.729634949964477642e-01 4.763868937633114475e-03 3.123640537051143584e-02
8.144714391108616169e-01 6.957321033342539485e-03 3.863212201087165565e-02
7.389358594402146707e-01 9.789905270991855479e-03 3.502499928872916668e-02
9.307679511657962479e-02 3.400962018312822521e-02 3.819632920151434796e-02
3.154544469781868088e-01 2.567045823831790030e-02 3.355448634822462417e-02
5.962033291851005501e-01 1.514237515555869051e-02 4.457155102237844724e-02
8.026146946610257515e-02 3.449019489502100355e-02 3.768580709695706910e-02
1.376739769743791086e-01 3.233722586346074457e-02 3.789708527113595793e-02
5.415828172204557589e-01 1.719064435423275916e-02 4.382877925424168153e-02
6.059237165126658553e-01 1.477786063077499157e-02 3.328199714251355024e-02
3.454444026841558824e-01 2.454583489934400453e-02 3.975477368771258846e-02
2.581520814406612629e-02 3.653192969459748141e-02 4.177696846884706994e-02
2.396893596604661170e-01 2.851164901273248176e-02 4.092937721378232807e-02
1.178382378139382070e-01 3.308106608197722287e-02 4.017797574190305754e-02
3.690192774428808775e-01 2.366177709589187272e-02 4.429558401211267094e-02
5.348007670032535188e-01 1.744497123737795419e-02 3.172371862819610422e-02
7.464500713151140943e-01 9.508122325683071585e-03 4.252431510805113057e-02
6.611192129676597418e-01 1.270802951371260980e-02 3.707604518746111799e-02
6.976470940294365874e-02 3.488382339738946292e-02 4.015635111709557614e-02
6.249894482668834073e-01 1.406289568999183337e-02 4.384217885113289581e-02
7.699437162213369490e-01 8.627110641699825555e-03 2.627931313604990604e-02
3.459263494071791456e-01 2.452776189723068767e-02 4.179431695293121807e-02
2.769926520153465077e-02 3.646127755494230072e-02 4.089020575193838547e-02
5.919192211898733902e-01 1.530302920537959799e-02 4.083998825026845247e-02
1.500280706290064714e-01 3.187394735141210744e-02 4.341847902709668194e-02
6.313512604194277955e-01 1.382432773427141881e-02 4.372459024140352979e-02
3.225968813180442041e-01 2.540261695057330349e-02 3.882728259688629502e-02
2.729848189639278999e-01 2.726306928885255387e-02 4.239916031501030080e-02
3.821501174264092526e-01 2.316937059650955866e-02 4.415369793877957361e-02
7.109925216419084038e-01 1.083778043842839600e-02 4.511951437301874035e-02
7.616872694455407711e-01 8.936727395792182227e-03 4.146473943732645329e-02
3.879945214465569947e-01 2.295020544575407384e-02 4.392431401507296274e-02
3.217283278195921525e-01 2.543518770676519991e-02 4.376297208392357363e-02
7.257881610189365063e-03 3.722782943961785995e-02 3.655444624206097282e-02
2.412608118715304784e-01 2.845271955481751269e-02 4.295933618242507579e-02
7.350134307986673221e-01 9.936996345049825541e-03 4.562113651600747943e-02
4.243507014248644182e-01 2.158684869656743444e-02 4.288359879609995873e-02
7.091652430787505068e-01 1.090630338454676163e-02 3.815760099078101264e-02
1.344696691136455513e-01 3.245738740823819746e-02 3.327554874602080270e-02
1.277795461765203200e-01 3.270826701838033812e-02 3.959332038436652601e-02
3.896226922140044735e-02 3.603891490419738886e-02 4.228321568702865518e-02
5.955508028151879074e-02 3.526668448944300649e-02 3.932961925003700121e-02
4.132877356911697220e-01 2.200170991158109657e-02 4.209389469032819020e-02
1.002759812614479884e-01 3.373965070269555055e-02 4.589598232954864021e-03
8.033053527394429238e-02 3.448760492722699467e-02 3.797104038993261155e-02
1.618354422993624198e-01 3.143117091377387040e-02 4.358266998870981290e-02
6.591041466020808315e-02 3.502835945024215802e-02 4.195017453822282028e-02
1.250008900372385767e-01 3.281246662360345900e-02 4.116083386846350334e-02
6.953767671405470807e-01 1.142337123222944562e-02 4.534281887993861504e-02
4.775943958195467687e-01 1.959021015676695732e-02 4.249333368669346023e-02
1.432461338292441155e-01 3.212826998140325130e-02 4.355084947860689282e-02
9.644603483244091890e-01 1.332736937834505531e-03 4.626728457565859598e-02
5.582785466814410569e-02 3.540645544994455718e-02 4.020158357104251790e-02
3.964816217592188607e-01 2.263193918402914284e-02 4.438834966428080453e-02
8.246304227805341114e-01 6.576359145729820943e-03 4.013253503225140684e-02
5.172549783088076225e-02 3.556029383134182154e-02 2.157148935509127508e-02
2.945482112713166956e-01 2.645444207732547404e-02 4.371827778827884481e-02
4.860098458094226359e-01 1.927463078214661230e-02 1.778845055205209580e-02
7.318324891511807095e-02 3.475562816568297797e-02 4.023208175892924177e-02
3.578727150822924585e-02 3.615797731844136442e-02 4.323218819184425354e-02
7.133800918102295441e-02 3.482482465571154484e-02 4.329117623242079160e-02
1.608483612862672274e-01 3.146818645176482909e-02 4.347412667422421995e-02
6.809036755028596843e-02 3.494661121686423733e-02 3.999500623120168241e-02
5.393426528150335741e-03 3.729774650519432355e-02 3.874583982603115040e-02
4.559731640158011245e-01 2.040100634940741897e-02 4.414271067200409293e-02
1.218325258279513434e-01 3.293128028145173025e-02 4.306434191043789772e-02
3.822777285889751298e-01 2.316458517791328275e-02 3.628986249601619252e-02
1.688529399977518608e-01 3.116801475008421085e-02 4.361614752669427941e-02
6.150906179811173047e-01 1.443410182570800671e-02 4.519187128941951070e-02
4.953325187373192051e-02 3.564250305473501412e-02 4.194926678130329878e-02
8.493343834866458053e-01 5.649960619250687932e-03 3.148572569666770182e-02
8.653552027588506945e-02 3.425491798965416002e-02 2.156507011577461774e-02
2.275803859257381490e-01 2.896573552778466953e-02 4.360988481106559123e-02
1.438657883680045657e-01 3.210503293619967891e-02 4.353887669180088460e-02
4.412159758913691832e-02 3.584544009040721568e-02 4.167630588519678769e-02
9.018138007826426161e-02 3.411819824706494031e-02 4.317037364652434595e-02
9.810114024284732892e-02 3.382120724089307529e-02 4.261016570548672999e-02
1.179649426549884694e-01 3.307631465043789354e-02 4.343758754308567338e-02
7.167366640515178133e-01 1.062237509806793212e-02 4.532462555188977726e-02
4.504646774685383548e-02 3.581075745949288680e-02 2.738129183060032668e-02
1.567197740495780423e-01 3.162300847314067354e-02 2.008443452861018164e-02
8.341711142323138262e-02 3.437185832162867327e-02 3.606172127318524323e-02
2.395876604627096285e-01 2.851546273264835007e-02 1.459845241262681947e-02
1.817698104980509655e-01 3.068363210632293891e-02 4.368297156631358036e-02
2.084833029902073420e-01 2.968187613786707479e-02 4.361410585737092449e-02
3.962879293959948868e-01 2.263920264765015289e-02 2.082335178640000450e-02
8.301620424448614699e-01 6.368923408317600510e-03 2.933409423663201065e-02
7.385015067302598268e-01 9.806193497615106613e-03 4.497206174444119686e-02
1.684656363386878297e-01 3.118253863729911202e-02 1.481448385333188067e-02
1.639892770278867928e-01 3.135040211145420641e-02 3.635322276423770538e-02
1.588662016855719727e-01 3.154251743679101216e-02 4.354463619899634486e-02
5.114598184415370952e-01 1.832025680844226456e-02 1.876196617642945930e-02
6.052664015136306475e-01 1.480250994323881186e-02 4.484626139152517177e-02
4.338851131263083971e-01 2.122930825776334074e-02 1.541106728785955615e-02
8.840920382750372397e-02 3.418465485646846047e-02 1.215372904080551375e-02
3.612296328485697927e-04 3.751354611123178251e-02 1.039152387437684844e-02
4.207003532717923378e-02 3.592237367523062885e-02 3.605466467860619917e-02
1.950285719407141016e-03 3.742686428552208233e-02 4.241646862519435346e-02
5.416860319528389311e-01 1.718677380176844571e-02 1.369242727274004590e-02
8.319937184649184303e-03 3.781199764442430555e-02 6.132015581662805803e-03
2.360758562146969552e-02 3.661471553919479205e-02 2.536729343790640467e-02
5.377688759916576799e-02 3.548336671503124484e-02 1.922374515545623164e-02
7.144387542145009817e-01 1.070854671695617433e-02 3.133824096225830413e-02
8.339203685464102733e-02 3.437279861795081159e-02 3.017609733771987879e-02
1.771281884609239299e-01 3.085769293271520275e-02 3.372976338223086790e-02
3.243124336022136234e-01 2.533828373991683924e-02 1.807152524973996977e-02
2.133064452149264767e-01 2.950100830444010724e-02 1.654288482531678095e-02
4.032255644518212279e-02 3.598790413330563154e-02 1.342951847307168045e-02
1.420736010437639862e-02 3.696722399608573517e-02 2.498680514727287527e-02
7.426629597597651511e-01 9.650139009008767976e-03 2.542765735841764907e-03
6.022969025922098041e-02 3.524138661527906335e-02 3.863373135651591850e-02
4.357438961368638175e-01 2.115960389486745696e-02 1.359239556658968506e-02
2.475297390657145158e-01 2.821763478503566680e-02 1.563696992077294456e-02
1.869795389546142772e-01 3.048826728920181472e-02 2.939072225283162476e-02
1.494415332901750659e-01 3.189594250161839617e-02 3.872310131704768954e-02
8.042011710057650475e-02 3.448424560872828670e-02 2.298961764088501558e-02
2.844004410181639741e-01 2.683498346181875660e-02 2.735771843343547116e-02
3.096727888768313619e-02 3.633872704171178802e-02 3.099255861203478735e-02
9.923986769504011818e-03 3.712785049614350519e-02 2.481372208592687312e-02
7.709843515665033564e-01 8.588086816256085276e-03 1.804169081162473876e-03
7.036242067025284541e-01 1.111409224865508860e-02 6.223166690437501036e-03
1.533467975580178333e-01 3.174949509157429239e-02 4.032901730586067879e-02
1.113829929132732488e-01 3.332313776575221431e-02 3.423331851481428711e-03
2.460351300063630120e-01 2.827368262476123717e-02 4.831431406643618698e-03
2.962944145903918525e-01 2.638895945286021116e-02 1.457507784662125105e-02
6.734822878090529485e-02 3.497444142071590156e-02 4.043000712573591171e-02
1.546126596540364773e-02 3.692020252629721333e-02 2.921366036963270185e-02
2.757323408001317588e-01 2.716003721999502019e-02 4.540695869502356374e-03
1.344961388470728991e-01 3.245639479323467191e-02 2.612394477895288447e-02
9.521618673074279116e-01 1.793929975971358948e-03 2.034135563104312594e-02
1.076662903249454573e-01 3.346251411281450650e-02 3.238308097949434139e-02
1.505945640147121622e-02 3.693527038494467951e-02 2.872786469814357646e-02
3.489123343416178358e-02 3.619157874621889426e-02 2.908212020898444383e-02
3.880025956097377104e-03 3.735449902664619848e-02 2.345751132762920188e-02
4.911066893807003453e-02 3.565834991482227934e-02 4.320717178281680004e-02
1.282068893263650367e-01 3.269224165026116125e-02 2.065336503808813673e-02
5.594762834382933647e-01 1.651963937106390445e-02 1.171327054465547135e-02
2.924164734905838614e-01 2.653438224410295532e-02 1.316206704415444351e-02
6.071563410453668652e-01 1.473163721079870370e-02 2.746457143573508008e-03
1.014399554937801540e-01 3.369600166898320537e-02 4.120331688738251841e-03
8.302083792146142116e-03 3.718867185779436979e-02 3.181216357117912230e-02
5.950612720307457693e-02 3.526852022988466451e-02 6.316591289832126921e-03
3.071435908515569579e-01 2.598211534306646420e-02 1.319027521491360211e-02
8.093139462054921296e-03 3.719650727017284608e-02 3.846230860120386508e-02
3.480601887737639899e-01 2.444774292098381152e-02 4.166633029978175640e-02
1.212987066608057773e-01 3.295129850021968898e-02 4.144604986272847069e-02
3.110459126403242180e-02 3.633357782759868981e-02 3.356155796730111995e-02
3.601964761042149021e-01 2.399263214609179129e-02 1.019285481764516110e-02
6.830330833537985313e-01 1.188625937423246071e-02 5.211240705413108798e-03
4.043062587356160975e-02 3.598385152974134527e-02 3.585706387786634364e-02
1.168017154151774761e-01 3.311993567193080579e-02 2.900721527987891457e-02
6.331725782391002255e-01 1.375602831603370269e-02 1.012670476343995041e-02
1.655342995455795219e-01 3.129246376704072907e-02 2.855418410158129527e-02
1.737681937327995030e-02 3.684836927350185198e-02 2.530518458302262463e-02
1.490097944355079918e-01 3.191213270866830043e-02 1.866277997922270726e-02
4.810336957856682361e-01 1.946123640803740229e-02 3.562121609153855173e-02
1.085889547744756101e-02 3.709279141959562209e-02 3.784069071587943534e-02
4.035119310656760661e-01 2.236830258503705315e-02 1.617665617003284650e-02
4.990379420385977483e-01 1.878607717355249007e-02 1.582408975438136245e-02
2.951337829459461659e-01 2.643248313952692441e-02 9.567836817947886208e-03
5.016295917916542280e-01 1.868889030781292759e-02 1.277742380518272214e-02
6.213636780349762745e-02 3.516988620736868909e-02 2.091163189323926030e-02
1.596322657615596441e-01 3.151379003394136347e-02 9.737174674717366529e-03
6.404108418359655275e-02 3.509845934311503490e-02 2.643612558721725181e-02
1.547278906761802020e-01 3.169770409964320357e-02 4.105567685630157060e-02
3.477704611921623723e-01 2.445860770529381667e-02 4.118608690731853650e-02
5.948142501377935432e-01 1.519446561983270327e-02 2.740587523718519825e-02
1.686299083632558649e-02 3.686763784363775165e-02 4.097204895039668893e-02
1.658531716141871115e-01 3.128050606446794446e-02 4.255283229148242030e-02
1.140911879205370738e-01 3.322158045297970985e-02 3.718984695130807261e-02
4.198924727116732925e-01 2.175403227331215716e-02 1.202320364629293203e-02
1.421374876313059588e-01 3.216984421382593218e-02 3.476444301706199669e-02
4.493980877715904043e-01 2.064757170856532098e-02 6.153855276158790022e-03
3.261691398128059305e-01 2.526865725701962773e-02 1.874550817838245564e-02
1.508426162023441819e-01 3.184340189241194330e-02 3.412776620994864563e-02
2.100359913722993355e-02 3.671236503235383863e-02 2.092745173477757181e-02
3.886698692217205320e-02 3.604248799041850915e-02 3.869462888070053508e-02
1.604142651745643633e-02 3.689844650559534478e-02 3.856528723346293319e-02
1.225004760807664184e-01 3.290623214697116494e-02 3.250131057651163557e-02
2.369228420075319974e-02 3.661153934247160513e-02 2.317580844048432176e-02
4.794874786849341319e-01 1.951921954931487568e-02 3.881901580472223168e-02
2.146345144576473629e-01 2.945120570783807401e-02 4.310414062379322453e-02
2.500636646996774459e-01 2.812261257376200141e-02 2.291582693802775295e-02
1.210301270707310195e-01 3.296137023484754791e-02 4.220287559541933964e-02
7.309939202516613221e-02 3.475877279905623118e-02 1.525352346262077996e-02
4.789018461302214646e-01 1.954118077011654520e-02 2.085047217487094595e-02
6.134753669154235922e-02 3.519946737406706716e-02 2.700586703791364729e-02
9.476235996776782855e-02 3.394641150120855655e-02 4.203654986204714838e-02
1.401041606369552994e-01 3.224609397611408190e-02 1.421064166684986307e-02
9.244005566679369679e-03 3.715334979124937376e-02 3.294539033641881443e-02
3.678028242350528387e-03 3.736207394091181633e-02 1.811192380727043305e-02
2.774367707674318950e-02 3.645961210962198051e-02 2.079930768339326164e-02
7.789900676203398433e-02 3.457878724642368673e-02 3.343916377673096518e-02
1.766088166575192631e-01 3.087716937534298878e-02 2.437083576839763066e-03
3.261261497972363088e-01 2.527026938260354405e-02 4.308028535312496965e-02
3.096072992626615061e-01 2.588972627765015466e-02 4.164432418280489268e-02
2.975738672793948325e-02 3.638409799770223052e-02 3.611606221665338012e-02
3.027949423705944554e-02 3.636451896611023193e-02 3.295307776768340025e-02
3.703049213715887689e-01 2.361356544856527129e-02 1.292474143495102312e-02
4.992757801816694041e-02 3.562771582431864537e-02 3.780004998852407039e-02
1.205108232986091821e-01 3.298084412630206130e-02 3.726373831414492299e-02
3.998584819967083703e-01 2.250530692512339725e-02 1.005251742910200086e-02
2.949476199374529983e-01 2.643946425234541819e-02 4.347189841690836387e-02
1.468902647982224252e-01 3.199161507006662020e-02 2.933067520166911246e-02
9.195486035449018658e-02 3.405169273670657915e-02 4.092644325776891023e-02
1.047321968814891591e-01 3.357254261694406217e-02 3.607916054853971266e-02
1.164586541633889638e-01 3.313280046887276398e-02 2.383543494013602715e-02
2.674269713535144533e-01 2.747148857424316915e-02 3.117265623862722213e-02
5.213148941776779566e-02 3.554506914683361329e-02 4.288493573987076091e-02
1.267605031972891538e-01 3.274648113010156236e-02 3.916455047538819345e-02
4.414074084079251392e-01 2.094722218470276842e-02 3.909114770986631127e-02
1.935114884752371367e-01 3.024331918217856852e-02 4.372799505468395742e-02
3.314944481822807987e-01 2.506895819316432017e-02 4.407073489487407791e-02
1.846224955157600434e-01 3.057665641815895952e-02 2.846959447041855218e-02
9.619206706227689807e-02 3.389279748516446644e-02 2.717448909461046835e-02
2.060528705359550017e-01 2.977301735490164858e-02 4.276831391626957635e-02
4.502550726034888484e-01 2.061543477736912933e-02 2.714814177273756901e-02
2.197376843267235813e-01 2.925983683774777133e-02 4.245677871364912648e-02
3.857057991090329097e-02 3.605360325334103222e-02 4.058907666802837044e-02
1.176675715381598764e-01 3.308746606731891027e-02 3.201477274583773569e-02
2.025648763570382371e-01 2.990381713661091623e-02 4.336664234234711979e-02
3.267172768150761186e-02 3.627481021194331468e-02 4.015014275535756794e-02
7.041126769485828163e-02 3.485957746144272007e-02 1.942025867305476050e-02
1.977530002299054956e-03 3.742584262491374658e-02 2.816125500984274777e-02
1.366074298370723028e-02 3.698772213811082898e-02 4.149542274239298445e-02
1.246931484680464663e-01 3.282400693244821865e-02 3.064230690728460271e-02
1.402711958433222605e-03 3.744739830155871529e-02 6.725400533086609012e-03
1.824494481872358520e-01 3.065814569297850567e-02 3.486464053037995059e-02
2.852716228974090384e-01 2.680231414134701118e-02 4.239999698012754392e-02
2.226783865006849439e-01 2.914956050622427575e-02 3.735676955473128669e-02
1.622027479548533435e-01 3.141739695169296076e-02 4.228077276343764068e-03
1.439883404621573604e-01 3.210043723266906013e-02 4.178545774442750382e-02
4.918534309256967774e-01 1.905549634028633199e-02 4.449579659301895751e-02
1.150392954689500868e-01 3.318602641991427737e-02 3.672781661629090366e-02
2.094366432923573385e-01 2.964612587653644993e-02 3.570869823990435732e-04
1.411971363199144847e-01 3.220510738800305695e-02 4.042323421537942496e-02
2.337720273594063869e-01 2.873354897402222163e-02 4.346059593381995656e-02
2.808439141376224413e-01 2.696835321983911959e-02 4.401771386317981927e-02
9.065660200155267745e-02 3.410037742494162472e-02 3.832995015011299300e-02
1.900020054892088694e-01 3.037492479415457303e-02 3.867521220768568857e-02
1.427847429223412234e-01 3.214557214041210975e-02 4.117850488390653596e-03
3.423456039736834100e-01 2.466203985098677776e-02 4.383632688771291197e-02
2.751283425916923875e-01 2.718268715281144110e-02 3.745968199966555334e-02
1.317883525700018765e-01 4.244206322137497600e-02 2.930297948779275741e-04
1.927054273727142331e-01 3.027354647352317740e-02 4.267413871262813740e-02
3.796139463548353632e-02 3.607644770116932853e-02 3.543072850364109572e-02
2.249861091933498258e-01 2.906302090524923165e-02 3.506048769792123598e-02
1.195887141274560861e-01 3.301542322022030240e-02 4.340656442979139162e-02
4.069812932383687354e-02 3.597382015035596736e-02 4.256841894788726544e-02
8.922981151783915266e-03 3.716538820680800881e-02 3.754364667489253071e-02
1.108079964732029410e-01 3.334470013225473983e-02 4.271795290205041007e-02
9.193333819106541682e-02 3.405249981783495250e-02 3.784909248883097654e-02
3.272956209933814975e-01 2.522641421274815499e-02 4.001508904984664439e-02
