-4.780234165541736857e-01 -1.939142222200096466e-01
-4.834670423020052121e-01 2.390655957446988777e-01
-4.829984857654602282e-01 -1.081136431053294489e-01
-4.796815071681603815e-01 1.114661059101369478e-01
-4.857676543253121038e-01 -2.744689826515716580e-01
-4.780518753874421489e-01 2.537946294153772819e-01
-4.770979893254568283e-01 -1.901021821817988067e-01
-4.760746540901265034e-01 1.559365853262211291e-02
-4.886077264447025170e-01 2.625158645296989945e-01
-4.797681083585793593e-01 6.877404765042262336e-03
-4.818904766385673777e-01 2.433293651442126615e-01
-4.721460818849853025e-01 7.669464248354955493e-03
-4.731288223428489204e-01 5.113994652370883187e-02
-4.762919801872790848e-01 -6.990203862663527112e-02
-4.766172251457686526e-01 8.020689546792776625e-02
-4.875398398255513799e-01 1.994933866138808298e-01
-4.752773910993605133e-01 -1.639548541937274617e-01
-4.873917217504930566e-01 2.413986218553052787e-01
-4.834733258379331766e-01 -1.562899762364874934e-01
-4.831346885777905165e-01 1.153805342433827236e-01
-4.875472742957527306e-01 2.113702273639720686e-01
-4.843445952650011765e-01 2.471247234993853570e-02
-4.836019622860991962e-01 8.158436327083457007e-02
-4.786968069793067770e-01 6.379673166400606776e-02
-4.741493279827864171e-01 1.013050160549696099e-01
-4.785973984510596968e-01 -1.691537704742523962e-02
-4.789451932954282287e-01 2.157240174003460798e-02
-4.751960430921307044e-01 1.951302551762666981e-01
-4.774834313695895394e-01 -4.570005869501959916e-02
-4.835557562034580315e-01 1.609816276098716692e-01
-4.779630835209106587e-01 1.762326426479668418e-01
-4.840545549736524622e-01 2.119885880789759980e-01
-4.737888483602434864e-01 -4.168671859909306443e-02
-4.735275004081446748e-01 7.188807283728668174e-02
-4.825756413293565417e-01 1.567446233590450433e-01
-4.795687765414458625e-01 1.408475156944023754e-02
-4.803302527994523508e-01 6.260258391913797738e-03
-4.807413061930160825e-01 2.470468349710647216e-02
-4.837360365365853121e-01 -1.855324803297346559e-02
-4.842630762571711878e-01 7.295981213386476538e-02
-4.841642784672534616e-01 -6.358522674765564042e-02
-4.801000867327525068e-01 1.745055334627444998e-01
-4.823583056164081340e-01 2.287346757393361463e-01
-5.000000000000000000e-01 4.505261400850501530e-01
-4.829270382815343265e-01 1.137662286884036367e-01
-4.877454638606234516e-01 2.116906658241493322e-01
-4.783206769541169523e-01 6.612277503164554204e-02
-4.761965657014360365e-01 1.724057575721714697e-01
-4.751113364021225527e-01 7.824571531511681499e-02
-4.768072531230106437e-01 1.245055334627444971e-01
-4.838109450367206743e-01 3.910783581515214075e-02
-4.820731323368160348e-01 1.224057575721714669e-01
-4.781098482023010132e-01 -1.002078068638742187e-01
-4.840093321930157289e-01 4.783598088302591644e-02
-4.833314823921641135e-01 4.771732843936724033e-02
-4.785300858320526984e-01 -7.148743135285075267e-02
-4.788072531816887079e-01 1.390916952944781237e-01
-4.807230799116219977e-01 2.598846654640829534e-02
-4.847102238225929338e-01 -6.092469252528429774e-02
-4.819750467993121346e-01 -1.042704782506227723e-02
-4.834249085263767065e-01 -2.140112384205160312e-03
-4.815832205466344385e-01 -1.502078068638742214e-01
-4.800207231229242089e-01 1.533249991095804177e-01
-4.755817014131066278e-01 -3.912255093071095868e-03
-4.772979400606294220e-01 9.281759947392602406e-02
-4.839931103138928048e-01 -5.822692707385727223e-03
-4.773748399840775924e-01 -5.937622034020407363e-02
-4.788488778438189652e-01 2.129032226017697482e-01
-4.807092453069953808e-01 -2.401153345359170743e-02
-4.845352212107909007e-01 -3.022584756997084843e-02
-4.776198072264998817e-01 2.215448954881095445e-02
-4.839566260451413915e-01 -1.322138104720573248e-01
-4.772567142572720078e-01 -5.391225509307109864e-02
-4.810774480544916520e-01 4.281759947392602128e-02
-4.817223059024847154e-01 -5.216401911697408911e-02
-4.810902366581304990e-01 -1.259976712864588344e-01
-4.767381843945845965e-01 -1.093762203402040833e-01
-4.754132256901188458e-01 2.243444305800776709e-02
-4.807793424722098252e-01 -1.060213493855082789e-01
-4.816438753685658991e-01 -1.108921641848478745e-01
-4.849685543785748898e-01 6.310791092709608363e-02
-4.823086088924118942e-01 -8.022584756997085120e-02
-4.771318069160629394e-01 -1.593762203402041000e-01
-4.798540877366267998e-01 -5.034451568887800266e-02
-4.765067920063405515e-01 7.927410445721505550e-02
-4.841436230884194614e-01 1.174078760720477649e-01
-4.833164311655779311e-01 1.256225456080898445e-02
-4.876333154955049265e-01 -2.714790798068320576e-01
-4.841211087640060473e-01 1.310791092709608086e-02
-4.798823246059978898e-01 -2.575477698469130772e-02
-4.944552128536090496e-01 3.644300891539323795e-01
-4.839783586337032539e-01 4.253977833859638735e-02
-4.848818818716019163e-01 -2.015526424883608003e-01
-4.842521843084047206e-01 -6.238062919324592615e-02
-4.833860115217230580e-01 -2.825472799909758276e-02
-4.772748329348443508e-01 -1.349962586874278170e-01
-4.790964262197945911e-01 -3.087295983931434909e-02
-4.843571242155161327e-01 -1.555435791117733280e-01
-4.736259099271337147e-01 -1.284982504500918332e-01
-4.841584763107605327e-01 -8.230237601588513002e-03
-4.812420385678137791e-01 -1.497883219551497391e-01
-4.747420423993355953e-01 5.355299335423611279e-02
-4.879298449420606532e-01 2.268998111592837597e-01
-4.820161170678927132e-01 -1.146019597012954555e-01
-4.940943415007356121e-01 4.130396942470441757e-01
-4.839542464360681029e-01 -7.460221661403615423e-03
-4.859633949706834710e-01 -1.791522345360397894e-01
-4.851375044309342299e-01 -1.515526424883608114e-01
-4.838568499549714130e-01 -1.343463140935983458e-01
-4.840109857268621307e-01 -1.908864032160020874e-03
-4.847709802662119039e-01 2.174527200090242002e-02
-4.799241620074887749e-01 -1.046792822650985805e-01
-4.840208223650372399e-01 -1.098984850710881256e-01
-4.807544082043438416e-01 8.878337280154890987e-02
-4.847670167871388491e-01 -1.996674678091223676e-01
-4.791788219329939924e-01 -1.896203778224594683e-01
-4.844586679396427065e-01 -6.460195970129545273e-02
-4.938056444184368288e-01 4.519273783215336238e-01
-4.875770632626957868e-01 2.279678270231033643e-01
-4.845572447213862821e-01 -2.257640509096152659e-01
-4.843046458540389287e-01 -1.524211809014755781e-01
-4.844581038954958729e-01 -5.467928226509857770e-02
-4.845976156767971554e-01 -1.274517538906111969e-01
-4.840723806824612230e-01 -8.735930811234338123e-02
-4.845684526192464148e-01 -1.496674678091223787e-01
-4.785393701296315472e-01 -2.235075259282425786e-01
-4.864770093208963808e-01 1.779856534581850114e-01
-4.872649784820043406e-01 2.406768823479602526e-01
-4.841930072037949340e-01 7.553423198720335408e-02
-4.879538893696666602e-01 2.779678270231033532e-01
-4.845266492248131995e-01 -1.945119478554521164e-01
-4.832613028607048444e-01 -1.319091215646755744e-01
-4.845618676544675152e-01 2.423059904878022697e-01
-4.772504677817867580e-01 1.887833728015488877e-01
-4.789372032235289511e-01 -2.554143998007279981e-01
-4.886095597556053827e-01 2.749596613644219589e-01
-4.832428129959006058e-01 7.553391052332585065e-02
-4.840169449134661406e-01 -1.445119478554521275e-01
-4.839349442965812376e-01 2.593695841177386940e-01
-4.801009215513432626e-01 -2.312585967331130254e-01
-4.857288262508921983e-01 2.779856534581849892e-01
-4.901383895126760204e-01 2.883334761455473849e-01
-4.914808552805567388e-01 2.959259642231577558e-01
-4.846540512215323226e-01 7.329725749432797199e-02
-4.852584574041766130e-01 -9.451194785545212473e-02
-4.851026035164027195e-01 2.904297552554253592e-01
-4.926956070323484371e-01 3.172584778226106850e-01
-5.000000000000000000e-01 4.274066705843249103e-01
-4.885454337423814075e-01 2.438083666181829479e-01
-4.950502385300766250e-01 4.500000000000000111e-01
-4.853893653744426051e-01 1.513247934944190187e-01
-4.835794024186049755e-01 1.136082427433724035e-01
-4.861032359731508046e-01 2.587880183748749729e-01
-4.876744669510064689e-01 2.655753705260427422e-01
-4.971619395664051422e-01 3.937539037126379093e-01
-5.000000000000000000e-01 4.263136686627347349e-01
-4.862418349437728771e-01 3.479478911317907541e-01
-4.841507792259190923e-01 2.810809071981457824e-02
-4.935528608835106912e-01 4.000000000000000222e-01
-4.875812632475538533e-01 2.719899835613655004e-01
-4.844692080146953406e-01 1.636082427433724062e-01
-4.831155810046886545e-01 3.269848010858243670e-02
-4.872555476211037351e-01 2.168984501085113314e-01
-4.981255696673398958e-01 4.355567928184642112e-01
-4.857597564093428799e-01 1.401708277195048147e-01
-5.000000000000000000e-01 4.258140106414363690e-01
-4.861588379079285760e-01 3.515087274271953555e-01
-4.890591879743608206e-01 3.802774435639777462e-01
-4.830038060777707698e-01 -2.803117756025853835e-03
-4.922746206149528625e-01 3.320748050221570269e-01
-4.931494104425634406e-01 3.677406670584325021e-01
-4.873849876429087180e-01 2.794850924644824985e-01
-4.840296257481344067e-01 -1.320068526314106816e-02
-4.863376837773142891e-01 1.587880183748749952e-01
-4.903853040000604180e-01 3.302688811342340824e-01
-4.858625604120205832e-01 1.925808955494118790e-01
-4.902005984160780483e-01 4.264102262308892000e-01
-4.846263750367733047e-01 1.272325269877545295e-01
-4.864586804497794126e-01 1.637373653094817694e-01
-4.861646869351644584e-01 1.608904126251919919e-01
-4.879140279502662825e-01 2.108134403204993679e-01
-4.853685005707366606e-01 -1.496985580424906592e-01
-4.874000192459270187e-01 2.358346578034554164e-01
-4.854949483471790450e-01 3.015087274271953666e-01
-4.878239691418357893e-01 2.874542227291492225e-01
-4.875744080361360533e-01 3.444931178394788907e-01
-4.921844564646632447e-01 3.287649125209155532e-01
-4.858203472920782362e-01 1.296835642609286965e-01
-4.919998972327094822e-01 3.177406670584325132e-01
-4.876667369127131169e-01 2.876435980882394716e-01
-4.847580585753989424e-01 2.787049500839969274e-02
-4.806727841568507187e-01 -2.009409213453101223e-02
-4.834643602137264629e-01 -3.753273906321299980e-02
-4.852131265458223264e-01 1.087880183748749924e-01
-4.879772061737907007e-01 3.049028417768394617e-01
-4.889944806141977574e-01 3.764102262308892111e-01
-4.847026694632346477e-01 7.632049479779684509e-02
-4.853154420182424489e-01 1.647872236875720653e-01
-4.851881395573607314e-01 3.112887638669671331e-01
-4.849086040640694373e-01 1.711247833273233931e-01
-4.872935611226267283e-01 1.958036221866160387e-01
-4.877367861495419121e-01 2.502066571068450873e-01
-4.797342313006676684e-01 1.036187655694700421e-01
-4.847783181362581573e-01 4.035540269392703938e-02
-4.858237760139350603e-01 2.726618241091802175e-01
-4.849269102347195659e-01 2.771848006405513432e-01
-4.888063743703560116e-01 3.066667281489800501e-01
-4.857877134308994371e-01 2.944931178394789018e-01
-4.880024117341778545e-01 2.320748050221570491e-01
-4.901017989755797610e-01 3.028533717107924628e-01
-4.865188136320547918e-01 1.873784770619949802e-01
-4.830155017977147414e-01 -2.212950499160031004e-02
-4.806551336351985726e-01 -7.074804964088084180e-03
-4.952985580171257451e-01 4.394608675683321364e-01
-4.846745010843021007e-01 -3.389339306045953404e-02
-4.831538999519876532e-01 -7.340037244578533071e-02
-4.836858884283993798e-01 5.878801837487498960e-02
-4.868491031663739199e-01 2.966563300489792887e-01
-4.837633553546503151e-01 9.793702215050244242e-02
-4.882147729087421562e-01 3.264102262308892222e-01
-4.958081037581936745e-01 4.135457406411360837e-01
-4.837897242532008257e-01 1.070904630983024047e-01
-4.884143145006337727e-01 2.307771690933352327e-01
-4.843913893742229360e-01 2.529425066547649759e-02
-4.846605699989687821e-01 2.632049479779684231e-02
-4.844393553864809743e-01 1.264669970925165476e-01
-4.877864590066556816e-01 2.136838642353960649e-01
-4.792037404446001236e-01 5.361876556947003936e-02
-4.827403357172202480e-01 -9.252479169984134666e-02
-4.855145527010806816e-01 2.226618241091802286e-01
-4.836222056070706987e-01 -6.498348977137993754e-02
-4.894392085405265269e-01 2.699838295440739611e-01
-4.836733067259730845e-01 2.444931178394789129e-01
-4.864014846876913434e-01 1.820748050221570602e-01
-4.839104983211336974e-01 -6.189155547119869899e-02
-4.890606012610959064e-01 2.778305445800408058e-01
-4.855724838448805536e-01 1.157574526780035806e-01
-4.893485754771197405e-01 2.500053474664046815e-01
-4.883807897616302407e-01 2.319078287168966079e-01
-4.847286373891568356e-01 1.126324396833341263e-01
-4.931900876365267195e-01 3.575441990839680617e-01
-4.812136265181488071e-01 -7.212950499160031281e-02
-4.811522652868882033e-01 -2.339879299648209982e-02
-4.847813657954071487e-01 7.161338195505047299e-02
-4.853441049356062575e-01 1.166378313219067070e-01
-4.940062310446454164e-01 3.969824117411979714e-01
-4.843409137941575571e-01 4.372868317767607260e-02
-4.836035189917144428e-01 5.790921653738748814e-02
-4.876153305271717642e-01 3.064954098287512307e-01
-4.818263530871641498e-01 -9.778466697606337521e-02
-4.849145328898399332e-01 1.626676282269282070e-01
-4.837654514838558018e-01 -2.470574933452350519e-02
-4.839522075208921859e-01 7.646699709251654486e-02
-4.866572088999464585e-01 2.112887638669671553e-01
-4.831575754724624083e-01 1.480614007127386000e-01
-4.848809829703482621e-01 -1.140028696098450978e-01
-4.833481508223096412e-01 2.190881825655054127e-02
-4.796295900257162570e-01 4.605545435834153267e-02
-4.843644987163964188e-01 -1.930824382208299883e-01
-4.818382999578381121e-01 -1.359512824967319400e-01
-4.847258109358234535e-01 1.726618241091802397e-01
-4.859934115533751098e-01 1.817438361603391783e-01
-4.827030508980433288e-01 -7.692569067388360660e-02
-4.821912161219659154e-01 1.944931178394789240e-01
-4.824231417064993588e-01 -6.147313812494331620e-02
-4.843801096253371741e-01 -2.031643573907131184e-02
-4.845987193273006421e-01 1.320748050221570713e-01
-4.830881878301099830e-01 -1.118915554711986948e-01
-4.844298777858365712e-01 -8.978095738425380043e-03
-4.883242905180371074e-01 2.429069874523593908e-01
-4.867333827584173767e-01 1.688988875353803765e-01
-4.847962667146972771e-01 -5.184621207500264561e-02
-4.848368684692052621e-01 1.479534214296273353e-01
-4.924456883838950749e-01 3.145975987601327128e-01
-4.832953955782279265e-01 9.860669611748311414e-02
-4.815643671019613770e-01 -5.062332507692846040e-02
-4.824243552393367440e-01 6.263243968333412348e-02
-4.915725305365233333e-01 3.294574202739339874e-01
-4.832365307603871951e-01 -4.626927902736860387e-02
-4.796848881836009437e-01 -1.221295049916003156e-01
-4.837385764182525194e-01 6.663783132190670422e-02
-4.921485117947277943e-01 3.469824117411979825e-01
-4.831500959374269710e-01 -6.271316822323930174e-03
-4.827049474469339851e-01 -1.109460028222818417e-01
-4.827276900840358764e-01 -1.556011288110227542e-01
-4.838264204857660733e-01 3.634786934857140578e-02
-4.826486390100126478e-01 3.651641622250538510e-02
-4.917888934559076497e-01 3.295766245462894983e-01
-4.813946292853342745e-01 -1.110304935528401010e-01
-4.818045931506610979e-01 6.412208384690465390e-02
-4.953608957011491065e-01 3.411121589744970373e-01
-4.828444701345661616e-01 -7.470574933452350797e-02
-4.847984802110643088e-01 8.274007203711478131e-02
-4.827812708552575161e-01 9.806140071273859726e-02
-4.844659210898592527e-01 -1.436610380272588250e-01
-4.848216147698124479e-01 -9.574589385854008483e-02
-4.848300122631568065e-01 4.580362218661601648e-02
-4.839549582406637573e-01 -9.080631272691763733e-02
-4.838589299268506450e-01 4.559224270083499231e-02
-4.809257909648173568e-01 1.900768309403421882e-02
