2.210113910105160340e-02 3.393679189090791359e-01
5.346852480652831696e-01 1.019611954370391871e-03
4.821602026488174264e-01 4.998199563268745926e-03
4.443141006481718946e-01 1.170082293249963268e-02
4.060824601724506433e-01 2.115898316554876146e-02
3.677544985508420794e-01 3.329259814620888491e-02
6.395662907782573292e-02 2.533339100171279057e-01
3.448395680788975959e-01 4.181543508076135396e-02
6.872209436275489303e-02 2.453291021893647672e-01
3.032357807333775357e-01 5.988682516864718419e-02
1.226990507225157456e-01 1.847989523086797092e-01
1.004513262914522587e-01 2.068531174783536652e-01
1.093504914326568489e-01 1.972788625205371682e-01
3.847995743795162848e-02 2.967753321142900802e-01
1.020409609884312951e-01 2.047632389846372192e-01
8.630877882127974132e-02 2.236285092094308924e-01
1.372378755112135806e-01 1.699390509515877890e-01
5.454827742797674350e-02 2.702432291798598785e-01
2.989709703967452503e-01 6.463666188096073295e-02
2.259117627895720348e-01 1.024892792829745769e-01
2.891455648841065873e-01 6.852012195600076794e-02
1.158572566422734207e-01 1.903048763337218396e-01
3.009243846741032069e-01 6.171724284951984885e-02
1.778143110440338903e-01 1.360065068592137827e-01
1.593253676943815478e-01 1.508730702008326263e-01
2.224051195849504614e-01 1.044999905848978949e-01
2.112134390591958732e-01 1.119245551517088488e-01
6.005385769503068794e-02 2.616349684594068137e-01
1.434306455785568923e-01 1.641754400699403371e-01
6.835732731062416079e-02 2.470230165410263190e-01
2.427031117498692492e-01 9.217874391819680380e-02
3.146808250046172484e-01 5.471127814750365026e-02
9.597535753970309891e-02 2.119125579803670112e-01
2.302025993594984943e-01 9.944476570649629643e-02
3.271773651270801775e-01 4.898362112736998064e-02
9.278371103802418585e-02 2.152586346148360752e-01
2.407827545382901224e-01 9.296793953647253250e-02
1.091056453556054073e-01 1.979447378697541948e-01
1.053066106626741050e-01 2.021228675193899038e-01
1.109989030585043501e-01 1.964580163907908572e-01
1.267215880917456072e-01 1.795259613761237549e-01
1.063634532094458462e-01 2.020705571216425689e-01
8.061836033952585190e-02 2.297703824442224319e-01
1.064027941419759538e-01 2.005312543625550337e-01
2.373329627179472379e-01 9.616434289403485991e-02
1.364776395666121855e-01 1.703762005496658460e-01
7.250154779308259911e-02 2.433334151382854360e-01
1.862586018701544166e-01 1.295559496286494694e-01
3.108364549646982500e-01 5.631185124172144452e-02
8.483099384916337193e-02 2.250315657450550066e-01
1.541117488401683167e-01 1.552041937414585515e-01
1.659736892337063674e-01 1.451650917123589180e-01
1.838402906480515187e-01 1.312415877169319511e-01
4.977217868694738812e-02 2.733552877343453646e-01
3.363785653279044441e-01 4.659729246272503733e-02
1.235674955920249563e-01 1.834280755305096600e-01
8.550675925712092340e-02 2.241409270766251405e-01
1.969263487598376106e-01 1.216555071295515322e-01
9.805599854034208196e-02 2.091818515619742191e-01
1.078368886265312909e-01 1.991782413574384458e-01
1.474860551842884782e-01 1.608402957838277469e-01
1.803517529987238577e-01 1.342432717049558688e-01
1.805974062443677086e-01 1.341785726542427115e-01
1.200042036357121811e-01 1.864569494411076889e-01
1.886368923837876688e-01 1.278316659749934026e-01
8.589872040531154607e-02 2.238076969683365780e-01
1.487432221294046064e-01 1.594904123181215549e-01
3.458241783993885043e-01 4.153742020644868305e-02
1.601848780454315779e-01 1.498898216435214925e-01
1.671497340315748481e-01 1.441976125862673985e-01
1.185378004405345242e-01 1.876172609099804323e-01
5.644539311780594204e-02 2.663607404690229163e-01
1.869053405034437620e-01 1.291577162318219285e-01
7.259985130535084874e-02 2.415808617821307847e-01
1.073372428631845787e-01 1.994821980348246981e-01
3.081989285339925555e-01 5.734059880210395921e-02
1.440759285624081398e-01 1.638212668034800812e-01
1.639466570782469601e-01 1.466989083119281112e-01
1.201293265057433723e-01 1.860210237614899897e-01
4.364005541100213215e-02 2.875021206563647125e-01
2.208540437573228710e-01 1.056116570029723700e-01
7.776900528461161421e-02 2.344138198253189476e-01
2.231861562578407732e-01 1.041192220181609285e-01
6.375596902444569114e-02 2.559664276119231197e-01
2.456974985346663809e-01 9.022950154838405012e-02
1.966752217724044849e-01 1.224699001172818713e-01
1.729358229854998097e-01 1.395427046485820943e-01
2.756832948227303515e-01 7.332990645541359598e-02
1.152533977130659748e-01 1.912450719145403211e-01
2.747015319817915913e-01 7.386043341253056838e-02
2.006414601318374791e-01 1.190197325397911454e-01
6.687981884002802691e-02 2.488968126131752001e-01
2.560060387603805276e-01 8.423704847632473847e-02
2.406198042386072933e-01 9.305342780181191653e-02
9.958145716447630580e-02 2.077612631158826106e-01
2.122168966464685891e-01 1.112053638577884529e-01
1.041387950476826418e-01 2.027786529630952739e-01
2.458225544442272925e-01 9.004877087489437937e-02
5.329238339717001782e-02 2.713602055244768163e-01
1.774969104196794101e-01 1.360222574916647442e-01
1.458725272273313500e-01 1.621788403415840296e-01
2.130637050114652098e-01 1.105239414424319389e-01
1.388143116898699070e-01 1.683963771758290040e-01
7.167277845336128550e-02 2.434457390320773351e-01
8.107310234712861163e-02 2.292335312584623530e-01
1.751696096180688222e-01 1.378936482737463942e-01
1.165556737038763169e-01 1.898532809964241785e-01
7.839140056987692340e-02 2.325726630277995532e-01
1.769045881084743144e-01 1.364575050904894837e-01
1.657034828935018966e-01 1.453999905809975068e-01
2.687531639863419697e-01 7.704484703830871695e-02
9.187723338112907534e-02 2.162131970745592158e-01
7.334386915615920266e-02 2.408918341760717396e-01
2.667851871895823290e-01 7.834962286187185931e-02
1.433737935701898669e-01 1.644502185653603510e-01
1.656111786580903855e-01 1.457590346270620785e-01
2.014475997720532874e-01 1.184847013684248163e-01
1.237754983637118222e-01 1.824378570087741291e-01
1.944550598727743385e-01 1.234109396791212010e-01
1.888517155862039498e-01 1.275138087363844042e-01
2.032300936874452679e-01 1.172170803476064727e-01
1.067857340703063374e-01 1.997182068756434559e-01
8.513334277731576805e-02 2.243633569688849860e-01
4.579669472887781811e-02 2.850366538173000341e-01
2.040932947810630838e-01 1.170324610988350278e-01
1.758637802703056918e-01 1.373769586457943559e-01
1.816849894635589324e-01 1.328337255438541975e-01
1.810876460751107420e-01 1.335104350709717114e-01
2.715879299355868914e-01 7.579048076657979305e-02
2.480268887643721776e-01 8.888012718295557058e-02
2.539153954751216524e-01 8.528309108246856507e-02
2.334842796003774312e-01 9.740550056595265183e-02
2.091777447264561163e-01 1.135666535494327389e-01
1.709475960379872594e-01 1.413957115573362122e-01
8.908060472416146069e-02 2.209844222624620658e-01
1.166308336444766836e-01 1.896079671117395504e-01
1.643416145478994173e-01 1.464863414221291293e-01
2.845608391515093150e-01 6.932984518025175902e-02
1.496860120211933598e-01 1.586366301278667734e-01
1.994009370692508831e-01 1.201364206373836119e-01
1.511338945788047727e-01 1.574104128195769059e-01
2.231863907722130280e-01 1.040169763298115502e-01
2.808881224769068652e-01 7.104369307325142380e-02
1.909879131311836842e-01 1.259183162330635986e-01
1.605699334277386203e-01 1.496044375142852045e-01
2.419589406762032713e-01 9.228975447295884038e-02
1.687116716814142103e-01 1.431362595358525169e-01
2.405169010254474271e-01 9.311467916096172193e-02
2.332806145837199585e-01 9.753377612339331204e-02
1.722945119152587967e-01 1.401155096110684450e-01
2.592187433977894973e-01 8.236109899466936835e-02
1.327962917279335020e-01 1.737872042799685213e-01
2.801350724938694858e-01 7.109734099714970501e-02
1.397061905701229012e-01 1.676778266837659626e-01
1.843967555963224036e-01 1.307885116026402672e-01
1.338112496846485255e-01 1.729630607999521619e-01
1.562394423164746859e-01 1.532231837921405049e-01
2.896212338592315527e-01 6.675922069601014641e-02
2.186621900336179758e-01 1.069219385978628090e-01
1.772925095014075136e-01 1.361647844417598341e-01
2.074674445918556209e-01 1.143003505635549200e-01
1.183360403704372121e-01 1.884342083973381543e-01
2.494693768487514784e-01 8.793880491354444384e-02
2.374419721351500590e-01 9.507452030571361679e-02
2.002724674456646259e-01 1.193182892804572903e-01
4.027170214826714112e-02 2.954967643860166859e-01
2.515756862844216180e-01 8.666035874872601852e-02
1.547168817594243295e-01 1.543545459818072008e-01
2.272197345014280723e-01 1.014353961495366718e-01
2.507748809031720150e-01 8.718211207457637890e-02
1.432488203511543823e-01 1.647828209063499916e-01
1.897538617842927655e-01 1.270680952372668093e-01
2.463474508404823737e-01 8.965405610082355370e-02
2.020949532448771402e-01 1.180061214299186201e-01
1.811821092381163956e-01 1.332961001618706565e-01
7.719103600650289998e-02 2.371179474469019555e-01
1.624845625101978275e-01 1.481247609602422965e-01
1.481139323841793587e-01 1.603149533978259766e-01
1.265767063957593530e-01 1.804464905748968118e-01
7.906816642333047707e-02 2.318446314638116235e-01
2.116119340767483870e-01 1.116380365143992970e-01
2.700195052438452148e-01 7.685009377629326011e-02
1.865798391304300807e-01 1.292213452430529541e-01
1.238962574407306283e-01 1.824306144392611184e-01
2.312436349486086673e-01 9.900664433319195101e-02
2.008740529314121392e-01 1.188649656804280363e-01
2.200895566691508654e-01 1.059274063008499578e-01
2.616675549278687507e-01 8.090022022836107496e-02
1.999883291501569627e-01 1.195628457426679558e-01
1.317258635892799568e-01 1.748746244586719678e-01
2.730139632625872004e-01 7.473367463959368351e-02
2.167685819237599176e-01 1.082237891703843324e-01
2.129545512315395017e-01 1.106085008460424568e-01
1.856840523084282157e-01 1.298388734713497028e-01
2.100655261365488302e-01 1.125356625346721762e-01
2.125666373005798970e-01 1.109588357250216317e-01
1.820826779915462046e-01 1.325714569339799809e-01
2.624224406776571872e-01 8.048121426175247617e-02
1.682301075653098721e-01 1.434707786631371773e-01
2.429511374566633020e-01 9.168373737104107413e-02
2.102745727189857528e-01 1.124784561342926370e-01
1.691179580996697851e-01 1.425442535564669377e-01
1.544483876478037754e-01 1.549221768636103169e-01
1.779756173597819568e-01 1.359294091721326980e-01
1.736500726321597021e-01 1.392805821944671507e-01
8.391482976913888781e-02 2.261645098487399252e-01
2.308027104137525543e-01 9.907191602072762393e-02
1.954785700682318828e-01 1.229333954632485515e-01
1.039427821299435672e-01 2.031432738044748332e-01
1.929772439699024567e-01 1.245914554255490581e-01
1.637167085363040453e-01 1.473754513738509964e-01
2.183134473245116336e-01 1.070520795803022729e-01
2.194015785505133431e-01 1.064105365325009878e-01
1.302029056787599171e-01 1.763621641806637497e-01
2.349781584163598280e-01 9.649024829593499941e-02
2.783484404351778130e-01 7.245926089345755550e-02
1.214723353416506946e-01 1.853251138149270005e-01
2.539075441944466105e-01 8.593841392586332173e-02
2.104918910065011195e-01 1.124163620419245113e-01
1.699572496187621296e-01 1.419015930387725888e-01
1.144649009119615979e-01 1.936434953291220618e-01
1.295278853548804676e-01 1.769753635528846791e-01
7.135802516408884522e-02 2.442314393313960164e-01
1.925632563352177584e-01 1.252745828413079909e-01
2.786412758141358914e-01 7.182959076890693684e-02
1.563970813011619221e-01 1.531858044455374213e-01
1.940320599123592782e-01 1.239169164082050134e-01
2.112731726019807521e-01 1.117681274493040888e-01
1.933016732508270330e-01 1.242372701384357736e-01
1.981282207158615583e-01 1.215398626472903310e-01
2.428393198804698061e-01 9.196062898492485260e-02
2.410297801135972140e-01 9.286440234734549826e-02
2.063567358635057802e-01 1.150907653112790419e-01
1.927112253430955935e-01 1.246632735159122207e-01
1.345415226007498077e-01 1.722987668579727405e-01
1.698265593731139722e-01 1.422747341600979487e-01
1.349029853751976260e-01 1.720191248554514551e-01
1.957585494901786793e-01 1.226834919671127011e-01
1.791382674349402127e-01 1.348079097705098262e-01
1.645259352110729489e-01 1.463409675448695824e-01
2.496807974984890377e-01 8.784727315841489581e-02
2.635577708653962237e-01 7.984834769790116749e-02
2.725013001405335311e-01 7.550263951080915525e-02
2.486690598701498667e-01 8.832475791359739592e-02
1.880970038271349010e-01 1.281145667380606534e-01
9.167905162607170588e-02 2.166127044597083717e-01
1.736632531236026455e-01 1.390074874066445920e-01
1.765562777297254859e-01 1.370516136364928750e-01
2.280592116882425024e-01 1.009467080627175495e-01
1.594275719369226962e-01 1.504421856064025453e-01
2.044266253162340119e-01 1.164169628072498908e-01
2.003345577621254980e-01 1.192453578717880269e-01
2.728278063410172205e-01 7.508557331184440020e-02
2.140688084642871081e-01 1.099943325889306545e-01
2.744466980755827512e-01 7.398144474024237471e-02
2.159972568135956061e-01 1.088345443227718423e-01
1.737560109010450882e-01 1.389315693526824713e-01
1.385246068540966213e-01 1.686024350019093010e-01
1.462801845082482011e-01 1.619261376925876794e-01
2.144738128270334832e-01 1.097261280285952711e-01
9.540638578396831715e-02 2.125249389982649673e-01
1.841548031752241465e-01 1.309988139479897340e-01
2.728953790787311817e-01 7.490484650619788631e-02
1.838270589395100130e-01 1.312439080099707667e-01
1.282433808375649242e-01 1.781415288334714520e-01
1.445244329846770981e-01 1.632091075267757541e-01
1.572224115389910803e-01 1.524476507278994530e-01
1.678344357700881639e-01 1.438637647931015895e-01
2.846645988065485966e-01 6.869732988530286022e-02
2.051054708622617184e-01 1.160949531520254485e-01
1.719991694456257658e-01 1.403795414045482248e-01
2.108057094212347771e-01 1.120573832856534002e-01
1.984710050462147324e-01 1.205592300103295322e-01
1.196586806506885203e-01 1.866850724843147624e-01
1.654697833081271163e-01 1.463321995019895017e-01
2.095824618311574739e-01 1.129189256142104636e-01
1.747454976025597517e-01 1.381953648793942113e-01
2.339506154488777412e-01 9.738094007949926745e-02
2.673094170439161976e-01 7.780338188728197490e-02
1.339276795338404380e-01 1.727298486021907609e-01
1.374858137830827776e-01 1.698390097901334439e-01
1.273048594342904849e-01 1.791142557323966988e-01
1.323726176720874115e-01 1.741935469374150669e-01
2.354125456291560337e-01 9.642130819473127001e-02
1.630312132548471515e-01 1.479509023119269795e-01
1.475757115292981592e-01 1.605402843878771524e-01
1.865732427203431465e-01 1.292488951334259673e-01
2.638322105597511458e-01 7.969690139074803170e-02
2.657967685347667475e-01 7.862424750753416181e-02
1.163082892444381455e-01 1.901928048603098720e-01
2.896268918845381624e-01 6.650760887106654806e-02
2.543899548366927998e-01 8.513684891548833900e-02
2.145432163456021391e-01 1.095530162873435964e-01
7.430899741462171360e-02 2.379970736805868681e-01
1.269344288203180238e-01 1.793995439863994568e-01
1.490165210388844086e-01 1.592140797083535508e-01
1.874944158940738959e-01 1.286241813034082471e-01
1.668646865856823203e-01 1.449395970191567073e-01
2.214097546207265399e-01 1.052358114403987299e-01
1.784502156853901012e-01 1.358195865788466294e-01
