2.709087019820469955e+00 2.798511945418217017e+00
2.491690138773641205e+00 2.640264257260763969e+00
5.596369194601154007e+00 5.613098718973605905e+00
6.686086249801487469e+00 6.705783463902328378e+00
6.345140376104168922e+00 6.305783463902328023e+00
4.947691941436773710e+00 4.957310141771998246e+00
6.072010387742701631e+00 6.044218917826548854e+00
4.539346082243194580e+00 4.534816857598169548e+00
5.933871473231320692e+00 5.920462741027823661e+00
7.111761930562750855e+00 7.190748695887119624e+00
5.893717383281204647e+00 5.903830651126112272e+00
5.353510938898653038e+00 5.374425625500206749e+00
6.330031856203554241e+00 6.360472204235672500e+00
7.022273762700868005e+00 7.105010950223884514e+00
6.393717383281204647e+00 6.402842815692634915e+00
5.022078219905138141e+00 5.025896419557829731e+00
4.509391911487469429e+00 4.514984480853638793e+00
5.830031856203554241e+00 5.860472204235672500e+00
4.390603790254195893e+00 4.371337707127940675e+00
6.547880366107339256e+00 6.563793021663098415e+00
6.269265651774135861e+00 6.322046602589927566e+00
4.785427892181821186e+00 4.768445363887981792e+00
5.229183986088771441e+00 5.208748505200063050e+00
5.759923247848421468e+00 5.775306397419782023e+00
4.606313232845073102e+00 4.624159591494191091e+00
6.501001706057915719e+00 6.523490912287203791e+00
4.253801536664536975e+00 4.234034016480714868e+00
6.051839189012278908e+00 6.090861749624387755e+00
5.540759572931441390e+00 5.571324596071960400e+00
4.855349329633411593e+00 4.873100580654603498e+00
6.040863765653467610e+00 6.048407887095493152e+00
5.746547363161990774e+00 5.718119595470549932e+00
4.928738070303458230e+00 4.954751567861873873e+00
5.297859808694572514e+00 5.333267006053476145e+00
4.720275110348703507e+00 4.727349987058759417e+00
4.205779736370402588e+00 4.208793631005278257e+00
5.269958041124347403e+00 5.253562830244661974e+00
4.920887318623451634e+00 4.902478243707123262e+00
4.709794982706302591e+00 4.709876781316746808e+00
4.334626637328502952e+00 4.338794115679713848e+00
5.255446351460594911e+00 5.261092783593706912e+00
4.863200754315165852e+00 4.855983742679532256e+00
5.297997480677492987e+00 5.273400996936053353e+00
5.174609827948088991e+00 5.203053383544232524e+00
4.764831893980354671e+00 4.752107489320536615e+00
3.705831021028796801e+00 3.726450079145450456e+00
4.278122058055911836e+00 4.246073037986774601e+00
2.988052601075248838e+00 2.905963740147150087e+00
4.672921651826183798e+00 4.679361912572353788e+00
4.970975306826552753e+00 4.978050130600851553e+00
3.590370125386956879e+00 3.557671317128972888e+00
3.528056903161046698e+00 3.546298009308935129e+00
5.159428347437108542e+00 5.130718332689722772e+00
3.930200759134502064e+00 3.948349767658623222e+00
3.342583143991748607e+00 3.341890191701783142e+00
4.910871421981000573e+00 4.899524515903111777e+00
3.306664712898885305e+00 3.320010663671942197e+00
4.645228778040483064e+00 4.633277010548880526e+00
3.842583143991748607e+00 3.841890191701783142e+00
4.441864508786521171e+00 4.450368894039012702e+00
4.960184878185889268e+00 4.979827456862897961e+00
3.717756619678955321e+00 3.741736496759765718e+00
3.238427516400557149e+00 3.253340909638944733e+00
3.811901146344140123e+00 3.845302534247383885e+00
3.898241879110836638e+00 3.906522843649693932e+00
4.074145733579931594e+00 4.103679637818157921e+00
3.815768751144331006e+00 3.818024165096126854e+00
3.306361754212961301e+00 3.327699179695743137e+00
3.804825212976465920e+00 3.794039909040181513e+00
4.312746138240283855e+00 4.321771806881028688e+00
5.381801731529436417e+00 5.368698551324894375e+00
4.680502372498654751e+00 4.671054735060869767e+00
3.936437736696290379e+00 3.935234726561157803e+00
3.935143202497330517e+00 3.972579461470922002e+00
3.700586331556294351e+00 3.707150342380960861e+00
4.176670019467435324e+00 4.192468886317527677e+00
4.217787664027863315e+00 4.211030253471887086e+00
3.910077503187542991e+00 3.899340231928849043e+00
3.469646291911470559e+00 3.500008215013018287e+00
4.130565731377722649e+00 4.097826950079833885e+00
3.865869386862425650e+00 3.855273257474430171e+00
3.575016935893773784e+00 3.627218681083213436e+00
3.953014545669019331e+00 3.979584278828007360e+00
3.729368633395901966e+00 3.736092814499204717e+00
4.404439118891690264e+00 4.436268186597962959e+00
4.330594718349836114e+00 4.338021177854647803e+00
4.249770886462117758e+00 4.277770596294558914e+00
4.857412048203204158e+00 4.875540492909139267e+00
3.843685768380722401e+00 3.838485487928218198e+00
4.411131423546794217e+00 4.387101876380897991e+00
3.676554161979161961e+00 3.716216055475220159e+00
4.435648385263402993e+00 4.445748640002240570e+00
3.778992755891367405e+00 3.792078612019092798e+00
4.148400349646437668e+00 4.146331811470062689e+00
4.626544215199239751e+00 4.648127473575395463e+00
4.520499706328664047e+00 4.523307599518193278e+00
4.131461281895064452e+00 4.135356298638791728e+00
4.537731897391915403e+00 4.541551076021221434e+00
3.803679725682537871e+00 3.808041492608137624e+00
3.447002467479687304e+00 3.462104238227257547e+00
4.165533833206601422e+00 4.178129136266908183e+00
3.855872458757861221e+00 3.857836497707716195e+00
4.477332098836167340e+00 4.447273440098452824e+00
4.889049449908283052e+00 4.874153574367579900e+00
3.792597685773249516e+00 3.813328646795255850e+00
3.625547367634395890e+00 3.650161263410764523e+00
3.990624912296778515e+00 4.018877922428655047e+00
5.333397227610602087e+00 5.346029867885039089e+00
4.594585406225027313e+00 4.565337739929152150e+00
4.107479020771934941e+00 4.132226429947692736e+00
4.674047120384262399e+00 4.674709518448128875e+00
4.495751231649898649e+00 4.495734784670785800e+00
4.325894846322002607e+00 4.318390325672686991e+00
3.989163261022760310e+00 4.012859824331780345e+00
4.076358180473584447e+00 4.073516816407130037e+00
3.666367255171634643e+00 3.672346229193883094e+00
4.887292070308689063e+00 4.909262510007526892e+00
4.796095805628877606e+00 4.779260043859303586e+00
4.217879393851262648e+00 4.242597055753785540e+00
4.623128921210824416e+00 4.603512696273114990e+00
4.337115006348832402e+00 4.337221875247653458e+00
4.705717066004440063e+00 4.704689635326813502e+00
4.914267924552651934e+00 4.901767082597194403e+00
5.128301217672325052e+00 5.128149271479413684e+00
3.904635117177015058e+00 3.938603252340527217e+00
3.463779523843409702e+00 3.473987991894249561e+00
5.859049836041176462e+00 5.868888690837166244e+00
3.527605627150653067e+00 3.544527402829434237e+00
4.418465756989185422e+00 4.438588639449666751e+00
3.933983542774912578e+00 3.949928904172212540e+00
4.849782328909940432e+00 4.820462983504486765e+00
3.943839060252382289e+00 3.981047299158161579e+00
5.344929618944490812e+00 5.329428571727315322e+00
3.777878902767560554e+00 3.735026628018039307e+00
5.151084600159956395e+00 5.163743734891628634e+00
4.245189423620092661e+00 4.252672037100523106e+00
3.981178712066969272e+00 4.014328235118491683e+00
3.994456616919803693e+00 4.033893961525362393e+00
3.545892374034734118e+00 3.559418788669574951e+00
4.181179387451470220e+00 4.175573154280590060e+00
4.076414093613405676e+00 4.068884938989925537e+00
3.902010536901902693e+00 3.925414906719994601e+00
3.595935840390988680e+00 3.566678704819072898e+00
4.273672673976143699e+00 4.286704481573700320e+00
4.676515978219145886e+00 4.670040623828398019e+00
3.386580996822181611e+00 3.362225599101567486e+00
4.807014268344564023e+00 4.834673803210152165e+00
5.166314786518178437e+00 5.179960715524759785e+00
4.295038611081390734e+00 4.273669297359726116e+00
5.005446243143418350e+00 5.029517299981795198e+00
5.780655425411294068e+00 5.803638230910727280e+00
3.354171742623088370e+00 3.357763375003333550e+00
5.532400763723472004e+00 5.513132776319548789e+00
3.495554163278271620e+00 3.507455366324292445e+00
3.750105243709479286e+00 3.770698126701558017e+00
4.331383116495215013e+00 4.326468514720195557e+00
4.020231907294678386e+00 4.045320311287160742e+00
5.696315419705602068e+00 5.691798310300686836e+00
4.052442774613809640e+00 4.040803145624109582e+00
4.093896880502501112e+00 4.116883493941406513e+00
4.695226086914400021e+00 4.692244199597405796e+00
4.746060021010947594e+00 4.752252816953570935e+00
4.663393058457870666e+00 4.649139222693988494e+00
4.888921060736821644e+00 4.873825503908228995e+00
5.799998063944549642e+00 5.815354804077111694e+00
3.441853822214445913e+00 3.443276511898673231e+00
5.584452404821620419e+00 5.594833590244778776e+00
6.408753596990405477e+00 6.417165761778120370e+00
3.620182276560430790e+00 3.629698906707063522e+00
3.730599657125718949e+00 3.749475137450779538e+00
3.826249336859683048e+00 3.846746218177321541e+00
4.149275973455268662e+00 4.168228647312694157e+00
5.619633445486102552e+00 5.648863464286472791e+00
5.593460293728375277e+00 5.589453401690033019e+00
4.130243274560602806e+00 4.119712281924941877e+00
5.270790197166538071e+00 5.297412719503493683e+00
5.021056252361328021e+00 5.049209164667341376e+00
4.322199295042294942e+00 4.300109284083158734e+00
4.868657765804272231e+00 4.879700328127858810e+00
4.512125048084101309e+00 4.520027263164965170e+00
5.735297069084590582e+00 5.745839288421822566e+00
3.881182866885259042e+00 3.889505387813346982e+00
5.568838173931774271e+00 5.595936159075888483e+00
6.480512102261271501e+00 6.487142963416541619e+00
4.047631104471985708e+00 4.062800589326685419e+00
4.794089543449107538e+00 4.790156373391307731e+00
3.843710481512406574e+00 3.862318237449470448e+00
5.083889434608933833e+00 5.062352318174827559e+00
4.456258824517258965e+00 4.473448578359283445e+00
4.226299986524400865e+00 4.242004250473052629e+00
3.696629470456338495e+00 3.707542018112792270e+00
5.268624483566928696e+00 5.285150007836572961e+00
5.174262936682487712e+00 5.180047221186487860e+00
4.340191206077748554e+00 4.348963896797751971e+00
5.863072551302292545e+00 5.880404206780173837e+00
5.901555207509409762e+00 5.906309538529272984e+00
3.982011944162452632e+00 3.985427141202987134e+00
4.368332186826417995e+00 4.364190151739181900e+00
4.481686723332064304e+00 4.481369457795501887e+00
5.372049590422262710e+00 5.383242856782245234e+00
4.557213691750988893e+00 4.561143991540623333e+00
5.147832693368151524e+00 5.159792218696440891e+00
4.550611911614746319e+00 4.561030450420373583e+00
4.753497955997635138e+00 4.757597199287673995e+00
5.234699543267503863e+00 5.262750625444625463e+00
5.389546656455316942e+00 5.387186891957425949e+00
4.684849588691125000e+00 4.682779635551569619e+00
4.667005880366741799e+00 4.656563623204469593e+00
5.446764338388201843e+00 5.476146602286256382e+00
5.619084242813694452e+00 5.621825944016838328e+00
4.381182866885259486e+00 4.389505387813347426e+00
6.392475273291371884e+00 6.393641873781525042e+00
4.049652793578407461e+00 4.069007599922790597e+00
4.460178077722016354e+00 4.485011420292011053e+00
5.935331964335921917e+00 5.928404535672582298e+00
4.585757876598620442e+00 4.606693236175565254e+00
4.812062047927825326e+00 4.847996174345508891e+00
5.314065603866282572e+00 5.333509223555725320e+00
3.968139210545220674e+00 3.980700088953432747e+00
5.560813029046513201e+00 5.572654453310850187e+00
5.125486863204041121e+00 5.116569371518060017e+00
5.392938259932267719e+00 5.406738500736819830e+00
5.974124157864549645e+00 5.976827825493018054e+00
6.029673703444727195e+00 6.036709325859714426e+00
4.107728940004841789e+00 4.136075923794867215e+00
4.405482110888192082e+00 4.439304122288520560e+00
5.358753351180661539e+00 5.381353852646021174e+00
4.755999215951366210e+00 4.764608323639979659e+00
4.782136042178414925e+00 4.785623980521244825e+00
4.740872925821753014e+00 4.733687672488291476e+00
5.418459723024150243e+00 5.412814126322922803e+00
4.776027993617929290e+00 4.768359750150019671e+00
5.237078153876329800e+00 5.231510885445977976e+00
4.668417979407599283e+00 4.669963684496894807e+00
5.702999007680539911e+00 5.706167807493649491e+00
5.421885044262457320e+00 5.440187198364514920e+00
5.569436304903153001e+00 5.597572107426199928e+00
4.688627889592096309e+00 4.683386421682659950e+00
5.472719377859371903e+00 5.468780792040282890e+00
5.492394150676596531e+00 5.501354887546982653e+00
4.826817535195714548e+00 4.799367794311526936e+00
4.330205997163808718e+00 4.340807252776862413e+00
5.675381750571883543e+00 5.679507543679878978e+00
4.795672157236268163e+00 4.799786294427913269e+00
6.190222246766714953e+00 6.191100681735536071e+00
5.283184931235343385e+00 5.262974303269094989e+00
4.188292794358747351e+00 4.210178789814371214e+00
5.085570946221988464e+00 5.070157940369836247e+00
4.681579197122155200e+00 4.694165863913887904e+00
6.134212948657955522e+00 6.145641703224834274e+00
4.637210391115470287e+00 4.658583537016628640e+00
5.340852664244923886e+00 5.349747043350080666e+00
4.297682071793366809e+00 4.309272938157269195e+00
5.940709938795616374e+00 5.955893659381575667e+00
4.844826020082926732e+00 4.833981349173333442e+00
4.636428782696435213e+00 4.625029696417143121e+00
5.516755626942368984e+00 5.513225905763932566e+00
5.968160604367435340e+00 5.955515383309893274e+00
5.988187365916408211e+00 5.991864076117029647e+00
5.030133810858028021e+00 5.043638205209063585e+00
4.479108190493372277e+00 4.496179187273030564e+00
5.315368472019093460e+00 5.320214451906442044e+00
5.042902174121064895e+00 5.052738958726389562e+00
5.011437802142729936e+00 5.003409910377066616e+00
5.416349433842779781e+00 5.394421174719074230e+00
4.973301336457580213e+00 4.959943088241849374e+00
5.278449737883955883e+00 5.257794309021956991e+00
4.795645736409013260e+00 4.792760609527736193e+00
5.003534950491834721e+00 4.985523550467640064e+00
5.666518355930722173e+00 5.686654967940490302e+00
5.318425176970535517e+00 5.292459621881620002e+00
5.538719941648166056e+00 5.531574374208759970e+00
5.764899980202746299e+00 5.796165307961526736e+00
4.741386459160451317e+00 4.748902833333013440e+00
5.390103488403375387e+00 5.388610656414389410e+00
5.349368352479570987e+00 5.338398524953313462e+00
4.705591493805574288e+00 4.728436815873731547e+00
5.158231316326510552e+00 5.129895029677703278e+00
4.320195838825877210e+00 4.319400411389284322e+00
5.742785487962823510e+00 5.755894857894142014e+00
5.649859407984961557e+00 5.651165354471920921e+00
5.058855021797882046e+00 5.056235745011218974e+00
5.912005177909852804e+00 5.909189105321091873e+00
5.099473078665287318e+00 5.095300178345485875e+00
4.348524861302045075e+00 4.366543252905609407e+00
5.077725536989586175e+00 5.061739535481957653e+00
5.671734141143244479e+00 5.668499157364306207e+00
5.805539841723158290e+00 5.834802147291148877e+00
5.073534699932144676e+00 5.075960994056812225e+00
4.893149749969585294e+00 4.891304277815901713e+00
5.089972244345807972e+00 5.101303772043953799e+00
5.199084808028383797e+00 5.235378002132526909e+00
4.420616235711928965e+00 4.445446439460437382e+00
4.702575825280071342e+00 4.706658396138488243e+00
4.807847179383941238e+00 4.796400580667451230e+00
5.530424422393431350e+00 5.538263689872945150e+00
4.402456855594594209e+00 4.421055118246433047e+00
5.267281893784884872e+00 5.282408516802473919e+00
5.205907987980698870e+00 5.187352220868744368e+00
4.757418112914854724e+00 4.745852085671127263e+00
