3.206650184886860044e-01 -1.727894632929127816e-01
-4.403615962259974648e-01 5.252854669857576209e-02
3.580961419239897525e-01 -1.239829158785535901e-01
2.591734996120029777e-01 -1.072527030443198859e-01
-4.331882232808770272e-01 8.306486023493242499e-02
3.162732623784574315e-01 -8.539540699488268327e-02
-3.991754751272458268e-01 -2.601510843924415006e-02
3.100138392764778539e-01 2.541675180587323890e-01
3.822546684718819421e-01 2.901465153101520089e-01
3.258486109588524249e-01 -1.795918634497410959e-01
3.033825002262662274e-01 1.680901526775491206e-02
3.003943314432354628e-01 -7.998598086450936506e-02
2.844740089793964533e-01 -1.209299507062335799e-01
3.350414890213357921e-01 1.929484121502932359e-01
3.299216185400172252e-01 -1.915400603025673165e-01
3.935486651553101733e-01 2.906462973224048785e-01
3.856394757486090175e-01 -3.468619281540807897e-01
-4.365156798107485692e-01 1.220204010314085430e-01
-4.156078468839640161e-01 -1.310066496358130994e-01
3.564740061980341546e-01 3.326492347095255653e-02
3.953090465188500158e-01 4.196931974311214342e-01
-4.338208613980566453e-01 1.643173624263983834e-01
-4.295452552786553913e-01 -1.015298500415657834e-01
3.437222701704585326e-01 2.480897774808948908e-01
-4.241707929417086742e-01 6.656532420973304554e-04
4.377722339593911327e-01 3.643253878877216190e-01
4.421716858883640855e-01 3.501979427556596303e-01
2.790707210773873959e-01 -2.365369473225381602e-01
2.971673565568223596e-01 -4.174954825195128505e-01
-4.406414096852205864e-01 -3.625226890215259568e-01
3.621158759783925651e-01 -3.968544068635252442e-01
2.886699080926393712e-01 1.885092751311908676e-01
-4.125968405028835884e-01 -1.652843062169229160e-02
3.075384969669142654e-01 -4.599419325423860228e-01
2.706650184886860155e-01 -1.345691554643994037e-01
-3.903615962259974759e-01 2.528546698575759311e-03
3.325217070756563142e-01 -1.333795619899067753e-01
-4.217995496535706379e-01 1.170913263527482845e-01
3.087511518616099515e-01 -3.291912006329396623e-01
2.548674267147209016e-01 -5.965563660492130549e-02
-4.454579589139927021e-01 -3.932257112356663531e-01
-4.348175435552575907e-01 1.087008002981182803e-01
2.662732623784574426e-01 -1.002986298194048498e-01
-3.965662709000084551e-01 -3.920649028667096136e-02
-3.491754751272458379e-01 -7.601510843924415284e-02
-3.800714235646037165e-01 -1.440065705485237824e-01
3.322546684718819532e-01 3.056725687243974088e-01
3.465301103700963448e-01 -1.936024094666871365e-01
3.728322981687192117e-01 -2.553195541665038149e-01
2.533825002262662385e-01 -1.300184397104092032e-02
3.025201877587413990e-01 -1.011974973282295381e-01
-3.238038486939104343e-01 -2.697457091132060558e-02
3.363092558312084646e-01 -4.572828469573432530e-02
-4.455415743689798425e-01 1.874915274347267458e-01
3.027336124914867810e-01 -7.916741418215669790e-02
3.421434995503754295e-01 1.895272757868963487e-01
2.799216185400172363e-01 -1.573798272623069261e-01
3.797076995521381781e-01 2.936660754896684988e-01
3.907011532326102876e-01 -2.982590492349050382e-01
-4.361508564041395863e-01 -1.892181564526425330e-02
4.114410619885088272e-01 4.339685087150172982e-01
-4.402073049227954726e-01 -4.071076629382582301e-01
3.356061785894050575e-01 -2.456290224758354845e-02
4.829513833358884400e-01 4.449414508691307280e-01
3.151821007855029610e-01 6.029723772180516084e-02
3.453090465188500269e-01 3.696931974311214453e-01
3.416634828761623277e-01 2.428206911182907435e-01
-4.259720229087348708e-01 5.073172570475271113e-03
3.877722339593911438e-01 3.421277000317147765e-01
3.029066730684467634e-01 -2.348818970288739372e-01
3.887708608293836687e-01 -4.245404168947300994e-01
2.836627383585400564e-01 -3.674954825195128616e-01
3.702299995474653271e-01 -4.362744118383150016e-01
-3.970069577976444442e-01 -3.467925278019715757e-02
-4.373758668145453776e-01 6.940098987572169975e-02
3.133680578085433766e-01 -4.226510395378751950e-01
-4.249907600784870176e-01 -2.016588868917405242e-01
3.179665441727377861e-01 3.130597083362153255e-01
-3.553895775719198014e-01 -4.747145330142424346e-02
-4.354450687323750957e-01 6.693401270238739931e-02
2.825217070756563253e-01 -1.673300243626891504e-01
3.316594406836333997e-01 -3.083004307522793086e-01
2.538428978331618846e-01 -3.926611452516412526e-02
3.554020275604701240e-01 -6.879504436357909702e-03
-3.587402834733019463e-01 -3.271779744763162606e-02
2.937459372803760127e-01 2.556725687243974199e-01
3.579520831101714040e-01 -7.436189497395985504e-02
3.567885726979358463e-01 -2.222001535855265553e-01
3.303012065019829135e-01 -2.053195541665038260e-01
3.298773508751107197e-01 -1.420147336487755096e-01
2.525201877587414101e-01 -1.297417967322622434e-01
-3.447826737000689867e-01 -7.697457091132060836e-02
3.022092348999725897e-01 -2.683292551154083105e-02
3.265988387038953888e-01 -2.916741418215669512e-02
3.417675477749295698e-01 1.870306802669479684e-01
3.662626036297415011e-01 2.853660402364758264e-01
3.701111524544477005e-01 1.867949968654842863e-01
2.649623107966239677e-01 7.642701552685494948e-02
-3.861508564041395974e-01 -1.363278320923610315e-02
4.117203202074531943e-01 3.839685087150173093e-01
2.904118345663185274e-01 -2.524724257832985930e-02
4.560026440951320259e-01 4.509203520040441782e-01
2.785374384846664442e-01 5.223967061805291634e-02
3.344222573183927572e-01 1.928206911182907546e-01
-3.759720229087348820e-01 2.694279828924918407e-02
3.468526210411944088e-01 1.722461606242038368e-01
3.424991594655856231e-01 3.094516209587671596e-01
3.387708608293836798e-01 -3.745404168947301105e-01
2.840236746159451875e-01 -3.174954825195128727e-01
3.712165085265273223e-01 -4.181532508621347843e-01
-3.470069577976444553e-01 -2.506597550001176192e-02
3.674372149129972454e-01 -1.795450342037733793e-01
3.827583386604643256e-01 -2.736703614384232708e-01
-3.318357395119495012e-01 -1.416573969822501611e-01
3.324762685950654051e-01 2.630597083362153366e-01
2.816594406836334108e-01 -2.624106148346923573e-01
3.320707284117822011e-01 3.119025822661978392e-02
3.252471001356003755e-01 -6.910616001264502373e-02
3.590332209460960766e-01 -2.646078817739967448e-01
2.803012065019829246e-01 -1.904983650436792575e-01
2.967569993269005835e-01 -1.146485098572496142e-01
2.778350324137924821e-01 -5.267242978340258563e-02
3.418981266126966956e-01 2.083258581784330765e-02
2.917675477749295809e-01 1.467562203234549500e-01
3.162626036297415122e-01 2.353660402364758375e-01
3.210071093167416456e-01 1.367949968654842974e-01
3.659541346663812145e-01 -2.211606773199428222e-01
2.989387406350715870e-01 2.887416000265370652e-02
-3.565565012560051872e-01 -4.927794847691861768e-02
4.004884304175456156e-01 3.339685087150173204e-01
2.576416824012648377e-01 -4.685525128427310559e-02
4.060026440951320370e-01 4.208899443221408299e-01
2.538994218348781806e-01 6.022633409674013616e-02
2.886804049158445684e-01 2.504370525765891031e-01
3.230941232480765701e-01 1.428206911182907657e-01
-3.259720229087348931e-01 5.840818397658509298e-02
3.036635900167373725e-01 1.276642461144689433e-01
3.014053776520202454e-01 2.779328524769720810e-01
3.484132354109308882e-01 -6.053561725965835028e-02
3.543110227954441305e-01 2.001979427556596636e-01
2.942683684744828998e-01 -3.245404168947301216e-01
2.847770469695387052e-01 -2.674954825195128838e-01
3.212165085265273334e-01 -3.681532508621347954e-01
3.353364881220741722e-01 -1.675842163206391067e-01
3.327583386604643367e-01 -2.236703614384232819e-01
3.405531569291031513e-01 2.130597083362153477e-01
-3.354450687323751179e-01 1.379285142069007486e-02
3.090666567432380774e-01 8.119025822661979364e-02
2.752471001356003866e-01 -9.922729583228596939e-02
3.090332209460960877e-01 -3.127840424411990061e-01
2.736137889661456879e-01 -1.257768504694078138e-01
-3.744370868361149851e-01 -9.028623928465462356e-02
2.602689028391513837e-01 -1.026724297834025884e-01
3.491244990559609906e-01 7.083258581784331043e-02
2.628215092166868438e-01 9.675622032345494727e-02
2.841672479186523326e-01 2.137987559559403894e-01
2.710071093167416567e-01 8.679499686548429460e-02
3.159541346663812256e-01 -1.997553758817743608e-01
2.537269344344738053e-01 -2.112583999734629625e-02
-4.345159668475546133e-01 -9.786126140983480992e-02
3.348452627085538591e-01 -5.899046548527561717e-02
-3.417772037581899292e-01 -8.435995614091575112e-02
3.504884304175456267e-01 2.839685087150173315e-01
3.560026440951320481e-01 3.736275512575231716e-01
2.483299709834447533e-01 1.025623512131280390e-01
2.508246514569991148e-01 2.573873375905312566e-02
2.730941232480765812e-01 9.881712861703202677e-02
3.125425741743623753e-01 7.112779315004172376e-02
2.782769108473829855e-01 1.212016096383462804e-01
3.032886475255200387e-01 -1.105356172596583531e-01
3.271968914770767012e-01 1.971474682232058351e-01
3.049902983687127200e-01 -1.175842163206391039e-01
2.891992404501001479e-01 -2.030528735465322310e-01
3.516825677219042601e-01 1.987230572457059363e-01
2.590666567432380885e-01 7.374866128039117563e-02
2.538579867775913601e-01 -9.970138597913957845e-02
2.574545774366094331e-01 -1.638513861641448799e-01
3.486973467080982103e-01 6.629528554658596640e-02
2.597909742135979805e-01 1.637987559559404005e-01
2.659541346663812367e-01 -1.523770905324918212e-01
-4.109056898391465484e-01 -7.458956244744319175e-02
2.910774720933806958e-01 -1.022460817028070790e-01
-3.392276420688741800e-01 -1.137756927990053735e-01
3.043065781850550211e-01 2.344225853566346829e-01
3.060026440951320592e-01 3.236275512575231827e-01
2.784821104486401300e-01 3.168766527569313873e-02
2.899686212666761076e-01 1.086756521271512455e-01
2.532886475255200498e-01 -1.605356172596583697e-01
2.771968914770767123e-01 1.471474682232058462e-01
2.927798403563734442e-01 -6.758421632063910112e-02
3.016825677219042712e-01 1.487230572457059474e-01
3.161174880127518017e-01 -1.491052245055748612e-02
2.823970798376788660e-01 -1.241736042145434177e-01
2.562917982977539477e-01 -1.618347336527649616e-01
3.304354300860564142e-01 -2.371798900511288277e-01
3.523368728013430151e-01 9.345896654515936652e-02
-3.609056898391465595e-01 -2.458956244744318897e-02
2.647786496254210253e-01 1.844225853566346940e-01
2.427798403563734553e-01 -2.054728807800483559e-02
2.516825677219042823e-01 1.091292581317056809e-01
2.661174880127518128e-01 -6.491052245055749237e-02
3.136656416478572074e-01 -8.691747681475961440e-02
2.804354300860564253e-01 -2.463593651474996205e-01
3.611868384165498602e-01 1.434589665451593832e-01
2.714317220989621027e-01 -3.942071151932426132e-02
3.111868384165498713e-01 1.743915765012137853e-01
2.611868384165498824e-01 1.919770134265062766e-01
-3.077710542084044487e-01 5.792093096081593617e-02
-3.060857389753721680e-01 -1.828134194359220532e-01
2.497683281107324627e-01 -7.290560962400076395e-02
-3.252267679238209364e-01 -3.770071027711054124e-02
-3.148737159458090407e-01 -7.580625150950008606e-02
-3.468218854878193369e-01 -6.036688322672260909e-02
-4.015397446789632507e-01 -4.207906903918406938e-02
2.997683281107324516e-01 -2.290560962400076117e-02
-3.752267679238209253e-01 -8.770071027711054401e-02
2.584081457891921896e-01 1.139652932590940609e-01
-3.955851853063547252e-01 -8.749703806673564399e-02
-3.666839869318317402e-01 -9.207906903918407215e-02
3.443223999515442335e-01 2.709439037599924160e-02
-4.152031671392875656e-01 -1.340965279385735454e-01
3.014692764605171327e-01 2.813268243624672538e-02
2.616306241632702090e-01 -1.136263840754708626e-01
-4.481630458055808064e-01 -1.779694179630606499e-01
2.889739854785075002e-01 -6.211925737791243463e-02
2.683766558024980875e-01 -1.611505611296748519e-02
-3.343654345387431226e-01 -1.362458162152280772e-01
-3.096136739572811769e-01 -1.582729077594678957e-01
2.480902182184435423e-01 -6.161809793394701362e-02
-4.400227056505361944e-01 -3.521451470829388142e-01
2.657101820797950764e-01 5.263531453060508319e-02
2.999943460943714779e-01 -2.242758869321977711e-01
3.488560148077108347e-01 -1.742758869321977544e-01
-4.308890666914220735e-01 -2.491550539486346860e-01
2.719727085632868135e-01 9.355183130972342942e-02
3.066532647123485500e-01 -1.352579510328353329e-01
2.912248501397075029e-01 1.624564515805784759e-01
2.578221050680120641e-01 5.890872092536389437e-02
2.744268766407775284e-01 4.462530424537454465e-02
2.528099576207134547e-01 -1.045276249286761217e-01
2.566532647123485611e-01 -1.401303670938239265e-01
2.540134584565945652e-01 1.562953010276571519e-01
-4.437877045885729177e-01 -3.619232758740457689e-01
2.701762680136887140e-01 -5.681297570597194924e-02
2.792128815796699470e-01 -1.905899491005299540e-01
