4.227871989809577347e-01 4.324356102011384095e-01
3.465277327175497746e-01 2.972409364337891269e-01
4.155879724862120428e-01 4.241884709619366811e-01
2.838942468420470044e-01 -4.092843224165638727e-01
4.420217939706206911e-01 4.342159727828016624e-01
1.861118048152430315e-01 1.192443609661697490e-01
-4.172888465848353379e-01 -2.867094097271912778e-01
2.886839649462851209e-01 3.577352967023410546e-01
4.484797961962860846e-01 3.585989817311330263e-01
4.593625084459741492e-01 3.516342232501992182e-01
4.154666688183896728e-01 -1.799069441027034699e-03
-4.141901314875384710e-01 1.340006257531912714e-01
4.572940655677056876e-01 3.302541124063541611e-01
2.629702740166293129e-01 -4.615573692698695663e-01
3.193724549618888187e-01 -3.092893641668782445e-01
3.831763211036587347e-01 -3.469214965691899133e-01
-4.464189878595754557e-01 -1.012876661461775685e-01
3.362953613900065974e-01 4.678719800992711120e-01
2.946687075057022875e-01 -2.896967616503530740e-01
-4.225863971482129999e-01 -3.810290125776508718e-01
3.087046076471643974e-01 -4.400642534046665388e-01
2.596876201824738217e-01 -4.096155904187910313e-01
4.232709736088399177e-01 -3.811133995438201749e-01
3.156506464037148740e-01 -4.038248464583187869e-01
-4.289597187149005175e-01 2.320376419835385451e-01
-4.105726883515509740e-01 -2.763298968169294878e-01
2.989627498168461739e-01 -2.030557257676068039e-01
4.448723833412603912e-01 3.085989817311330374e-01
-4.464190479885128959e-01 1.870103911834062882e-01
3.067025869380731184e-01 -2.901818007645698416e-01
-4.164273406079528894e-01 9.802314035139045312e-02
4.225778804929078425e-01 -1.629508267582533421e-01
2.309780138040116171e-01 -4.115573692698695774e-01
3.232642440989234589e-01 -4.779353659737775040e-01
3.940739946891346213e-01 -3.247356227343023427e-01
4.084392580784987348e-01 -2.538767088469607858e-01
-3.964189878595754668e-01 -1.253290132228735976e-01
-4.277034709983901783e-01 2.621660820426967575e-01
3.227871989809577569e-01 3.324356102011384317e-01
3.669048375870596623e-01 -1.835627264594912877e-01
3.886502306803941154e-01 3.241884709619367033e-01
3.107341946836448821e-01 -8.395329710086685271e-02
3.732709736088399288e-01 -3.748817514865201983e-01
2.803299450894535250e-01 3.779789708679947013e-01
3.115130366994864897e-01 -3.538248464583187980e-01
3.463416592099660685e-01 5.363430558722473429e-02
3.399994742962693661e-01 -2.478535354857304973e-01
-4.423986950304453769e-01 -4.233837078917732089e-01
3.703124152716073536e-01 3.886666104893704565e-01
2.910868789129653078e-01 2.650924010186946900e-01
3.959233708513584804e-01 3.421044965263445731e-02
-3.771842262170324034e-01 -4.696115156707167393e-02
2.115301808426690577e-01 2.152572404781798454e-01
4.353441594606327070e-01 2.824476499355729198e-01
-4.041292390124140432e-01 4.376437307610232808e-03
3.067519462917163153e-01 -2.401818007645698527e-01
3.288363529804447238e-01 3.149531363302145864e-03
-4.537034159028200397e-01 -4.253940143994531242e-01
1.830124052751794517e-01 1.483219313322844402e-01
3.923393032002961411e-01 -9.406835960625561932e-02
4.041141406453724327e-01 -2.747356227343023538e-01
-3.464189878595754779e-01 -8.283785684434634422e-02
2.916921683084086059e-01 3.883344816014621115e-01
2.138615228557118331e-01 -3.218535009789180723e-01
2.797238447933850791e-01 -3.549413032175312011e-01
3.052482190210928925e-01 2.110913997882932214e-01
2.066113448858586943e-01 -3.352141284545190336e-01
3.295734123869565879e-01 -3.248817514865202094e-01
2.263935721960455560e-01 -2.579228874764435964e-01
2.984754189202312724e-01 1.348177972391823021e-01
3.467873295815961376e-01 -2.820076316393581653e-02
3.541141406453724438e-01 -2.247356227343023649e-01
3.059653253498768599e-01 5.874384313725234535e-02
4.065725212681374212e-01 1.474072196707360005e-01
3.137995316929739209e-01 -8.990256897024932747e-02
2.886502306803941376e-01 2.241884709619367255e-01
1.786049010298129125e-01 4.351145937950637310e-02
2.399157533673186848e-01 1.066179228552590202e-01
2.838863926220620004e-01 2.087371729070359727e-01
2.620068186268642574e-01 7.329190945681188923e-03
3.060949042848127855e-01 2.886666104893704787e-01
-4.015987250011400223e-01 -8.567073590757517954e-02
-4.318608578674585363e-01 -2.679527670194134514e-01
3.624438817774224275e-01 1.546748499419329237e-01
3.565725212681374323e-01 9.740721967073599774e-02
2.148736703001255244e-01 -2.429877982848924756e-01
3.223966750187340913e-01 1.759900829519427390e-01
4.141925481552662935e-01 -2.467581980109523343e-01
1.920198912323883011e-01 -1.279612855478469702e-01
2.541141406453724660e-01 -1.259748499624579465e-01
2.945874897738761100e-01 -2.409589156053725811e-01
3.308858254006452615e-01 1.658015647505754198e-01
1.911293652227283313e-01 -1.031305960525264465e-01
2.032719290097550757e-01 1.465311931766491993e-01
-3.263243265222374734e-01 -1.136628880997075375e-01
2.447499987993086434e-01 2.141931116488011988e-01
1.943999635472398180e-01 1.262762895900703397e-01
3.144535801743971737e-01 -1.686857227028615291e-01
3.118228424221677342e-01 -1.707019604724733519e-01
1.754974723028653316e-01 -2.680784476924586573e-02
1.773865288457792955e-01 -1.031581067206606694e-01
2.552706360978100886e-01 2.532602536265757820e-01
2.651740030510156831e-01 -1.281451873567947541e-01
4.073572630942735584e-01 -1.345341969110909752e-01
2.481444811238479597e-01 -1.225067514328736090e-01
3.248436471819387550e-01 -1.316659193007090889e-01
-3.627293335031042121e-01 2.165305557811675330e-02
2.006807390389056533e-01 1.481874724084521477e-01
3.353904625662038064e-01 7.990699983738507040e-02
2.081424458072733130e-01 -1.826988082790231144e-02
1.737960517874909960e-01 4.419748013435693262e-02
1.705976538356202277e-01 -3.187567525672894281e-02
1.702558787110714789e-01 -8.231827200654567855e-02
1.857760471548199899e-01 1.605917363037879797e-01
2.589470925091678088e-01 6.235090688849266594e-02
2.542198481704912028e-01 7.280926980763645362e-02
2.472268926956380508e-01 -2.397580764453359770e-01
3.078386736698931481e-01 1.358721346341926484e-01
1.875858271579736447e-01 8.373109036585753284e-02
2.251760863612336794e-01 -5.718122635014477595e-04
2.147243653787859752e-01 1.941670429964810485e-02
2.061260675455179325e-01 -2.832692789104376829e-03
1.868099951417430959e-01 1.154114321386632280e-01
1.969653165840712927e-01 2.069438301952049586e-01
3.922932275230548438e-01 2.870349786357366539e-02
-3.379155775606416112e-01 3.749160330015085391e-02
3.209778503750880252e-01 -1.398876825826491643e-01
2.025797546225832080e-01 -5.401517163701229085e-02
2.044566614528282866e-01 1.371280662769688852e-01
2.616477660550915463e-01 -2.200460840978955002e-01
2.381292343702205438e-01 9.715738212614027924e-02
-3.235864088856884591e-01 -4.541469652967317083e-02
1.708715620050086093e-01 1.732180987518831122e-02
3.022614103902208083e-01 -2.340893993715658511e-02
2.632609671354701475e-01 -9.102835498292251304e-03
3.256366166480834101e-01 -2.569887026111398187e-01
1.975153128625457000e-01 -1.846058351266603725e-01
2.403481380854038951e-01 -1.200899613459266574e-01
2.417745478227843470e-01 1.279270764094548596e-01
3.766784759658977078e-01 2.120388024093284307e-01
1.674067143188930906e-01 1.040129174633949022e-02
3.147243653787859530e-01 5.178289311889748558e-02
2.307858644752247279e-01 2.062129620745459802e-01
1.881292343702205550e-01 1.329021095592297919e-01
2.137236964876241818e-01 7.785631566618485266e-02
1.818346927625939524e-01 8.782041636329426804e-02
3.347860620980070978e-01 -3.035483907145415314e-02
-3.271893598917978152e-01 6.947395963285397935e-03
2.318006153148873816e-01 1.159101308906117650e-01
3.647243653787859419e-01 4.201490981755854476e-02
2.461868493387261714e-01 -3.981348752976995864e-02
2.217402728395788392e-01 7.582516483627739501e-03
3.491125255885830780e-01 -2.132583001099725428e-01
1.893753334770000851e-01 4.350405454274794415e-02
3.688738441362743870e-01 -3.305598141584949884e-02
2.127041043229597750e-01 -1.539717346808446574e-01
2.554000523441590786e-01 -2.427806615381783717e-01
3.210202761397661364e-01 6.735217744590438205e-02
1.829954340827074921e-01 1.090398952614200639e-01
3.511884399371474896e-01 1.498018032412740674e-01
3.996853938509407067e-01 -8.411363910517806464e-02
1.818006153148873927e-01 1.070027629934162394e-01
3.228390049396659411e-01 3.141347425562645429e-02
1.921175039646477734e-01 5.652186785208744568e-02
2.158177344885136573e-01 4.806960275757696244e-02
1.919208117667465241e-01 -1.749287548305835105e-01
1.862449150264600950e-01 -1.778862955758090114e-01
1.850520102014459600e-01 -2.374570814471246849e-02
3.188738441362743981e-01 -4.204006376439858167e-02
1.937124137887595576e-01 -1.039717346808446546e-01
2.552174625484426307e-01 -2.206263248532088217e-01
-3.538489680119998315e-01 -7.136220628874268002e-02
2.619448183606939429e-01 3.945658705654418730e-02
2.522793052506699385e-01 2.470306230340348908e-01
2.988297744919328758e-01 -3.714303609514230109e-02
3.167268480702464806e-01 1.152249217060286601e-01
3.416325979831477677e-01 1.912038235008867160e-01
2.355527008933195332e-01 3.633080579631151052e-02
1.937940517154682074e-01 7.720597013325845859e-02
3.612635213476855789e-01 -6.019333898763221113e-02
2.440004793088137724e-01 -2.379047215635626475e-02
2.365252694894983687e-01 -1.180918921019241813e-01
2.082789847891933499e-01 1.325783547223589043e-01
2.414187326641199505e-01 -1.451877961355890756e-01
1.904798306682018438e-01 -1.402928908718848455e-01
2.346404119719749382e-01 -1.278862955758089948e-01
-3.923964822871885971e-01 -1.292731210947180021e-01
2.428405664107547435e-01 -6.807011868796988829e-02
2.274285334959920413e-01 9.700001725606501035e-02
1.999120121039828779e-01 -5.397173468084465187e-02
2.296810263487957249e-01 1.409327187781986845e-01
1.858775339818051764e-01 5.644738329507376084e-02
3.016667752658184765e-01 6.604519276964490593e-02
3.810988743238336585e-01 2.412038235008867049e-01
2.437940517154681963e-01 6.857948917318644477e-02
3.379340871563761839e-01 -1.019333898763220836e-02
1.794820892632902898e-01 -1.250202885111955098e-01
1.943674956522869757e-01 6.931593379486683526e-02
1.984100596246657910e-01 1.059541850887204262e-01
2.633923901603585915e-01 -1.255883198722112792e-01
1.959372153776106351e-01 1.345180559608277759e-02
2.019490681091169193e-01 8.257835472235890151e-02
2.074882962046396551e-01 -6.084296754961168036e-02
1.702197210390443971e-01 3.189629579319061548e-02
2.170014639582145688e-01 -1.240015743635203144e-01
2.846404119719749271e-01 -7.788629557580899199e-02
-3.496224181124064634e-01 -7.927312109471799928e-02
2.139146109837217202e-01 -5.977439770438583433e-02
2.202897357396457756e-01 -2.440925610840199295e-02
1.846374010677530042e-01 4.310803084563281928e-02
1.948820299805139322e-01 1.949139421620366130e-02
3.216750789765234209e-01 8.377063233334745840e-02
1.696168779445086372e-01 2.271226866203293615e-02
1.689467734642045027e-01 3.917512362657853825e-02
3.154055786746126078e-01 2.243858609174207985e-01
2.516667752658184876e-01 2.989920437871245590e-02
4.141497962759936868e-01 2.803282061443553297e-01
1.836007154026034760e-01 2.056147350218984898e-02
2.140443049536393805e-01 1.857948917318644200e-02
3.075066061652291238e-01 3.980666101236779442e-02
2.212304119953684145e-01 -1.318238766405554763e-01
3.008739450418949080e-01 -1.571379700556018444e-01
1.853384942322346685e-01 -7.876565809566847542e-02
1.720975677982181651e-01 -8.164351998521432452e-02
3.069286000607612808e-01 -1.283017443510224009e-01
1.948267912871254892e-01 -4.586437509157011150e-02
1.751027744247521389e-01 5.590101357891479050e-02
2.459238971789845518e-01 -3.966002228746706021e-02
1.990242723510167733e-01 1.099917467942696236e-01
1.983535678052813223e-01 9.629490049025928033e-02
3.062347588676126997e-01 2.010325515430648746e-01
1.725906526985268030e-01 2.186308251800084257e-02
1.954298861059237669e-01 1.318446542390609433e-01
-4.076915394374047708e-01 -2.021532977693402122e-01
2.752266350542958984e-01 2.058814288971671791e-01
2.582288462236013715e-01 -1.105434129434558210e-01
2.394514330708251149e-01 1.031392104901771439e-01
2.468111738467004823e-01 1.028620510414320482e-01
1.804328177241641129e-01 6.014737350969442953e-02
2.287578857885274042e-01 -1.830258944773009017e-02
3.641497962759936979e-01 2.633161645703770981e-01
2.486133978889727147e-01 6.587027524261677980e-02
2.930712128826022944e-01 8.980666101236779719e-02
1.903382127807153323e-01 -6.045274831236810420e-02
1.906307066801736227e-01 1.049811691791400492e-01
2.698778635901252221e-01 -1.235839076111546059e-01
3.392814270040716007e-01 -1.798040108542403870e-01
1.734572804116910061e-01 -9.320372252137301694e-02
2.030816771684477162e-01 2.138043200482495076e-02
2.682001091438312446e-01 4.205243772153700876e-02
3.016706677888329469e-01 -1.117329381748223410e-01
1.878495086621212729e-01 -1.457844526515796046e-03
2.072890286406840477e-01 1.043787460749404095e-01
2.490242723510167622e-01 1.040513913202950197e-01
3.462542421243891555e-01 2.157493894446556870e-01
1.839966343107058422e-01 -1.373295041253361770e-01
2.392805914580178883e-01 8.042107677236286223e-02
2.723098390487608267e-01 1.041765201956599551e-01
1.774335643771703386e-01 1.368592793587619372e-01
3.274074484521769524e-01 -1.755568841476632530e-02
3.050796207894244105e-01 2.467585631991918715e-01
1.885131010636739990e-01 3.185005324979500729e-02
2.055998414949287145e-01 -7.214349143548556831e-02
2.469357500892260804e-01 -1.030969452465661101e-01
2.283989114356916872e-01 -6.830258944773009988e-02
3.141497962759937090e-01 2.133161645703771092e-01
2.430712128826023055e-01 1.056972282965132626e-01
2.406307066801736116e-01 1.178298265300624093e-01
3.163028770202979123e-01 -7.653241472296523629e-02
3.041519553031041267e-01 2.523632047541581047e-02
1.765170148556706176e-01 -4.367167734270184509e-02
3.691476183158482471e-01 -1.597941513424506743e-01
1.790766152242174725e-01 -3.897649476936990848e-02
2.698674973141330646e-01 2.265448640325713747e-02
2.234572804116909950e-01 -9.851928553390650045e-02
1.731434897248119442e-01 4.911362218972470384e-02
2.359505469023316648e-01 -9.797056287381804285e-02
2.003286238211735570e-01 1.101546996686735003e-01
2.516706677888329580e-01 -1.270643812917651438e-01
2.095526734762257481e-01 1.054985060613971848e-01
1.858337086108506342e-01 2.190074644000004553e-02
1.830816393596948477e-01 -8.885122080686416735e-02
2.011743101582611493e-01 6.896603941335241808e-03
1.918545257278251870e-01 -3.132733460128671321e-02
1.760208613726473859e-01 1.982320434896734512e-02
1.716791887618822898e-01 5.651861652048212337e-02
2.902731487858637438e-01 5.410551871065141100e-02
3.110119718651476184e-01 1.945816320114920339e-01
3.342730735538769760e-01 1.117447636373038872e-01
2.108278964613728990e-01 1.229476199277429738e-01
2.223098390487608378e-01 7.175194027796027996e-02
2.774074484521769635e-01 -3.012638363490176968e-02
3.398690269261841479e-01 2.828172349353279547e-01
2.138751955868694599e-01 2.492158314301801680e-01
1.725048642394337306e-01 -7.598980718491442354e-02
1.874769319585519178e-01 1.454305434199593683e-01
2.574881576760728596e-01 7.763113110901274927e-02
3.896230677515412633e-01 2.974067914772917653e-01
2.483776753380751989e-01 8.343374258096093732e-02
2.459290929366676759e-01 -8.673160853588349206e-02
