-4.085098059725045250e-01 -7.792174726292788733e-03
3.143317487489042383e-01 3.724365213138886022e-01
-3.607605199900906223e-01 -3.509738930160972714e-01
-3.512483304153255492e-01 -3.727785090531668399e-01
2.641504831710648760e-01 2.671801191649538776e-01
2.736387452712653046e-01 2.922469529581653847e-01
-4.095430612635005962e-01 -4.175922781640505066e-02
3.631663512335254751e-01 4.358864084562871222e-01
-4.059429629070270273e-01 -1.465603439227650406e-01
3.488457984055706174e-01 4.178971679051728394e-01
