3.644645978192986302e-01 2.155617584342646165e-01
3.325964185262544337e-01 3.265769637556703575e-02
3.202420910337017146e-01 7.415790177313208442e-02
3.997426825664374128e-01 4.166434825422615784e-01
3.175703502190878602e-01 1.734958409223670284e-01
-4.381493037174807315e-01 -2.525891756833956725e-01
3.682843067939960413e-01 2.104593077358200004e-01
-4.402400312190085652e-01 -6.799336304194447678e-02
4.128620858432270335e-01 3.563021811200841604e-01
-4.359574543666291380e-01 -5.811190493968698689e-02
3.933374501811314206e-01 -4.120543401984556597e-01
2.994127918854689874e-01 -2.096276953568920742e-02
2.972310571121932199e-01 5.537011504707056719e-02
4.840094398263993236e-01 4.485003825055731141e-01
3.224352925734644826e-01 1.234531451687090886e-01
3.305013505180104394e-01 1.485691565169919848e-01
3.353418776634610188e-01 3.028773661017719609e-01
-4.362875871841898068e-01 2.431463324347390431e-01
-4.404784259058225349e-01 -4.882764879099732447e-02
3.498345158337656802e-01 1.685427700629210657e-01
4.398932142151786850e-01 4.087468275046590160e-01
3.670776510736976639e-01 -3.749622241395156874e-01
-4.276659967199380463e-01 -1.501457310052612959e-01
4.158338742006343902e-01 3.753804941406655438e-01
-4.369349807651216611e-01 -1.971515581554494356e-01
-4.391296991592295584e-01 -3.708003053658184833e-01
3.187435914969226070e-01 -6.558680279066324281e-02
3.331352325532351277e-01 -5.363359128202889459e-02
3.194698451013008866e-01 -9.826387062913466419e-02
3.992107457292991546e-01 3.876548749984479736e-01
3.850901269468501309e-01 -3.762444375588300804e-01
3.340933653426796934e-01 -1.276645794994361524e-02
-4.351262728997218332e-01 2.070270673360939395e-01
4.340094398263993347e-01 4.040369445075078225e-01
3.664599800303937061e-01 3.003790292703841791e-01
3.159547500943713505e-01 2.051098699838921902e-01
3.658338742006344013e-01 3.253804941406655549e-01
2.964045916367854527e-01 -4.309546304860499555e-02
2.860983372796921387e-01 5.796404309043470815e-02
3.449084244943468880e-01 -2.262661661886424813e-01
3.519599476728253462e-01 -2.546384275926885654e-01
3.120329738775643458e-01 -2.963383118631643942e-01
3.350901269468501420e-01 -3.388119795235486897e-01
3.840094398263993458e-01 3.540369445075078336e-01
3.495711334459208897e-01 3.038906579545760933e-01
3.882230920536975938e-01 -3.875717728775884829e-01
3.164599800303937172e-01 2.503790292703841902e-01
3.367830227417520916e-01 2.629160806145821039e-01
4.176209896508967234e-01 3.470909665074034534e-01
3.131746474965588778e-01 4.961837981291138122e-02
3.068105115357772639e-01 -2.496830772738291293e-02
3.360983372796921276e-01 5.096220476154567774e-02
3.186280843220061221e-01 -2.258039323904960649e-01
3.482908621379335323e-01 -1.837629134702194189e-01
3.167382211621865284e-01 -2.046384275926885765e-01
3.601634215079210777e-01 -2.679099146966935074e-01
3.073801148322369836e-01 -2.888119795235487008e-01
3.389765189150381053e-01 8.502812798935746597e-02
3.340094398263993569e-01 3.040369445075078447e-01
3.382230920536976049e-01 -3.375717728775884940e-01
3.023808768212357667e-01 1.183063142774598009e-01
4.004782879757424752e-01 2.970909665074034645e-01
3.071838048849468428e-01 1.322865316980983974e-01
3.171151134720383569e-01 -8.163011230279854091e-02
3.205818667280271317e-01 3.628056152034705995e-02
3.079645504307527148e-01 -3.016582239842797997e-02
2.939758762617507570e-01 6.166740418877818264e-02
2.982908621379335434e-01 -2.089963509894507132e-01
2.997429355066338341e-01 -1.903800188532652760e-01
3.187384675454913996e-01 -2.554562360304292734e-01
3.114945718665498853e-01 -2.875717728775885051e-01
3.323320319777101628e-01 8.489558296299934415e-02
3.832596542193535960e-01 2.470909665074034756e-01
3.715298008752903614e-01 2.704403708232537840e-01
2.918356474154644165e-01 -1.845500356782464046e-01
3.160868754838792039e-01 -1.612815320941903829e-01
3.123238886009338522e-01 -2.206061743148400867e-01
2.854514309224087665e-01 -6.697732976367197499e-02
3.052878824264381175e-01 -1.177324014976261352e-01
2.768163264555971170e-01 -4.343155726610506417e-02
2.865150476594531814e-01 -7.882624770206150128e-03
3.129119328897707053e-01 -1.258039323904960871e-01
2.961466816881720421e-01 -1.403800188532652871e-01
3.830241909514781606e-01 3.878556742968889970e-01
3.255187488527130357e-01 2.326922964579959396e-01
2.979149818148157380e-01 -2.054562360304292845e-01
2.787930197916471675e-01 -2.165611284287388347e-03
2.983704006783041152e-01 5.605943734584258042e-02
3.080884163285829147e-01 -2.750200296096751984e-01
3.179574101717978496e-01 -1.357046941578401444e-01
3.332596542193536071e-01 2.030845765902725142e-01
3.411874303783938855e-01 2.650274003692082436e-01
3.418356474154644054e-01 -1.345500356782464157e-01
2.894524561921349992e-01 -1.149018321551073529e-01
3.367764711603007943e-01 -1.121645953677090912e-01
2.848047947678455927e-01 1.330435800513046427e-02
3.253234698895358656e-01 -7.580393239049608434e-02
3.036292787212291344e-01 -9.038001885326528428e-02
3.837310078321815032e-01 3.378556742968890081e-01
3.516252643297045344e-01 2.192731050627536593e-01
2.987391127579950290e-01 -1.231750626470036192e-01
2.828139500404099893e-01 1.148895862389092554e-01
2.861968620868137192e-01 -1.105208927842894762e-01
3.265418296021123656e-01 2.061083846849918189e-01
2.867764711603008054e-01 -1.391307020765781000e-01
2.938425734534437228e-01 1.081961832182488231e-02
3.777517624300368304e-01 2.515126735925087287e-01
3.420540975185075161e-01 -6.942897317129204104e-02
3.632627449532310759e-01 2.118758961049853617e-01
3.270358200887856226e-01 -2.087234606685532401e-01
3.511173195049355766e-01 8.305491388047832324e-02
2.849634962992815268e-01 -7.704051648402954200e-02
3.688124436959274721e-01 2.192230967361496474e-01
2.926821698594680443e-01 -1.115698590902409193e-01
3.277517624300368415e-01 2.051893649670213648e-01
2.983893937748339775e-01 1.019193490467510260e-01
3.659588863570815143e-01 3.168786055507304966e-01
3.027872115989592716e-01 -4.614439335379518642e-02
2.921543694946096004e-01 -1.196302997360398218e-01
2.985619657314417252e-01 2.998318753691006644e-02
3.424319993221492386e-01 -1.587234606685532512e-01
3.416576182417853103e-01 1.406859353235833110e-01
3.084309859750007932e-01 1.512942640554395257e-01
2.955282828369018566e-01 -2.704051648402953922e-02
2.778468337208989114e-01 5.193751635105012254e-02
2.984176372738592264e-01 8.183870415400704146e-02
3.254006168617228911e-01 -4.136969047081895390e-02
3.596820481948049819e-01 -2.018669609216746097e-01
2.924319993221492497e-01 -1.515608020323919725e-01
2.924520865041204121e-01 1.197288645084966935e-01
2.959656510822341602e-01 1.649745700095994472e-01
3.465019647633086897e-01 2.277833694138114984e-01
3.155749555880641433e-01 1.276581376272887536e-01
3.668177776271015489e-01 1.937826175782612070e-01
2.787660357368640929e-01 -1.848638485337704418e-02
2.889321752794079545e-01 5.359011077832772502e-02
3.645415729455426801e-01 1.670036325585003978e-01
3.169496580895990179e-01 1.433870942165317020e-01
3.051854845061069410e-01 9.758293260928577184e-02
3.436144621647128083e-01 1.464119279551766017e-01
2.939698188044701510e-01 6.980620729151199022e-02
2.966247029130437141e-01 1.472984460809706742e-01
3.150609015834289761e-01 -2.547095068056461076e-02
3.118260365436215653e-01 2.294724380859836099e-01
2.953597670557652766e-01 1.059714198894953496e-01
3.156432969906402541e-01 2.154464692989060959e-01
3.885684973125440589e-01 3.498368660808109376e-01
3.213824009957921279e-01 4.426965750006166267e-02
2.786319311449965697e-01 1.990483824663720480e-02
3.331515435733528596e-01 8.570164009586182796e-02
2.782686132552789071e-01 7.150564904217257545e-02
3.662529233063373524e-01 3.188563379024600963e-01
2.922975547703361432e-01 1.640561390253780227e-01
3.466247029130437030e-01 1.600682576133729829e-01
2.967153532768568303e-01 5.508861273091950062e-02
2.818527974702387806e-01 4.663167025379198749e-02
3.402473271076173478e-01 6.130140180962834195e-02
3.331876820884870916e-01 1.084699853098723410e-01
3.232424995720173944e-01 -6.350203490528946726e-02
2.870637884397609918e-01 1.911454818797652527e-02
2.951465305209711731e-01 -4.230250453445916214e-02
3.465077041392047863e-01 2.173243252838532313e-01
2.787989398987433254e-01 -7.299046757568958960e-03
2.931228324911838712e-01 4.759383018940344101e-02
3.023779600400157697e-01 -5.078050083993849995e-02
3.111652204125904819e-01 3.570164009586182519e-02
2.970565564407043890e-01 1.024562125253798417e-01
3.057579065522750827e-01 1.013269739639359873e-01
3.091805142267335382e-01 6.602459416059545949e-02
3.115335064389757602e-01 1.959784677383918580e-02
4.065487445566178804e-01 3.054904835452004197e-01
2.965077041392047974e-01 1.673243252838532147e-01
3.049027419459020560e-01 -1.933788529352380159e-03
2.789081357676636008e-01 8.616892684492728771e-02
2.777845380279778675e-01 3.626681465738287868e-03
3.142070701610398253e-01 7.767916309710178047e-02
3.631074898421456920e-01 2.292670236759593860e-01
3.442930122894898304e-01 6.495118187112380870e-02
2.884080455771547702e-01 1.286689182695592570e-01
2.971266332692972245e-01 -4.831493016939911872e-02
3.258891299888641013e-01 4.758473889213764296e-02
3.391539634986961982e-01 1.077062781300386907e-01
3.219004524224371999e-01 2.329971000097489364e-01
2.975931247552769943e-01 1.375855458658633013e-01
3.519658817453856781e-01 9.440389045942829127e-02
3.073562622763787999e-01 3.144748650406212209e-02
3.337065285186855967e-01 -1.379071299899392311e-01
2.807554088466293618e-01 -9.777197558462084881e-02
3.903415584615707590e-01 3.181828924484258470e-01
3.499538962686918331e-01 -1.023539763989485957e-01
3.099115398581150926e-01 6.137803910054275003e-02
3.512901955800757370e-01 1.272390405047631456e-01
3.225387605368154609e-01 1.854892028030670215e-01
3.232913009514611358e-01 -9.491138726908050771e-02
2.969243333298646759e-01 1.375582714931640471e-02
2.858486700260863822e-01 1.087175166094667411e-01
3.140337467746453504e-01 1.860115163171866814e-01
2.901356437972095192e-01 7.643358518097041754e-02
3.076834081632282003e-01 8.288347087690361992e-02
3.045665958305295851e-01 -1.391141922820892107e-01
2.916423775903048687e-01 -1.591951214445421203e-01
3.067320486299348059e-01 4.148061750024932548e-03
4.199930788254134795e-01 3.454084519382675800e-01
3.149327748984663833e-01 -5.789647250909610993e-02
2.910406259054754696e-01 -4.934479528058423325e-02
2.948276234269849860e-01 9.440338350530788625e-02
3.686858284657738571e-01 2.306522988517092365e-01
2.871120104277796181e-01 -1.449113872690805105e-01
3.465656450149913748e-01 4.193542179594250685e-04
3.321251200209426324e-01 1.591406094017268347e-01
3.198618425769844675e-01 1.339547332747911546e-01
2.875937530461047387e-01 1.451481421151809004e-01
2.809898668500688257e-01 9.123992673218633831e-02
2.932910575971122147e-01 6.550843099729641850e-02
3.361457633491157226e-01 1.379194009219168460e-01
3.063518591727285578e-01 2.049936295824270616e-01
3.478604854837411553e-01 -8.911419228208920795e-02
3.530975371784176864e-01 -1.149704261736170796e-01
2.905947471306810637e-01 9.038991221535840059e-02
2.939863698854542351e-01 -9.313793582605560395e-02
3.699930788254134906e-01 3.073891367679746356e-01
2.947563453305525050e-01 -5.774625616615007562e-02
4.057381793490741906e-01 4.085542762430628971e-01
2.941680727726200262e-01 -9.343602709285026009e-02
2.824419656984129001e-01 9.546380853413499734e-02
2.779543367282987232e-01 -1.136985947666532826e-02
3.366606633515997204e-01 1.932354524517950201e-01
2.980845765376510803e-01 8.188772116357369291e-02
3.321466073554420473e-01 3.564553124890178226e-02
3.097311402511215284e-01 1.171204948616040437e-01
3.140407309728142637e-01 -1.894470791063148848e-02
3.269479027725691322e-01 1.218892565405632483e-01
2.997557359336239236e-01 5.866296949881694145e-04
3.111452721463475735e-01 -1.184949005305743069e-02
2.788972344216604782e-01 -5.687145223874559563e-02
3.119917759354288167e-01 1.048880061065176478e-01
3.240943536469757524e-01 -7.742807612933907957e-02
3.491680219670416085e-01 2.350128527512697907e-01
3.030424258140139715e-01 1.951032591342277966e-01
3.359917437111940575e-01 -5.758622717709142858e-02
2.997282370081885694e-01 1.889910115713859529e-01
2.981847370789565965e-01 6.526835659805238499e-02
3.228329929599373926e-01 2.345117372889436030e-02
2.989797754174720601e-01 3.666525936725639062e-02
2.982227361212932415e-01 3.105529208936851429e-02
3.444220756182734267e-01 1.960237649313266717e-01
2.985921147420896871e-01 1.287224661196065822e-01
2.880632599414471029e-01 4.203637072469756930e-02
3.443607819969252692e-01 1.869458025334655993e-01
3.232357332147846596e-01 -1.608432447779512553e-01
3.124494100160279397e-01 7.601309461997116101e-02
3.133439846598614631e-01 5.408771782916035886e-02
2.811567117870432675e-01 5.321116843010041675e-02
2.835945705021808982e-01 9.052878490065828510e-03
3.389574643152243327e-01 1.694600403654196730e-01
3.090439232309158402e-01 5.488800610651764500e-02
3.483664110811161008e-01 2.566792276027342057e-01
3.842691735879681936e-01 3.085542762430629193e-01
3.526318732144380075e-01 2.757050551167566921e-01
3.234907957393374778e-01 -6.086640664153382396e-02
2.991680219670416196e-01 1.850128527512697740e-01
2.859917437111940686e-01 -7.081301995832713081e-02
3.054854859826818814e-01 7.537015391527035479e-02
2.819209349455246705e-01 4.489120250718516697e-02
3.048885120306029095e-01 9.115288101105506469e-02
2.818820773434620452e-01 -7.390918094631132584e-03
2.950798116460602305e-01 2.674432886058610362e-02
3.093136130745592349e-01 1.460237649313266828e-01
3.247696060796876338e-01 -4.319221949287646578e-03
3.205757506211212027e-01 4.271944728663743668e-02
3.026834581750522668e-01 1.062327824704069890e-01
3.183932677041479420e-01 1.362831227302331583e-03
3.104526157788333740e-01 2.416448250743835069e-01
3.011487479677789070e-01 1.279642127732862067e-01
3.158290775417881280e-01 3.910830214660622473e-02
3.113880218146976020e-01 -3.873312270863503437e-02
2.944117375695246008e-01 -1.800360944233721505e-01
3.846221058130129267e-01 2.633944595889463614e-01
3.219991280733037198e-01 2.226742648733753271e-01
3.342691735879682047e-01 2.585542762430629304e-01
3.695661957291282440e-01 2.705844037195749285e-01
3.241207791219830048e-01 2.778379748810083649e-01
3.208253653049681908e-01 1.056236730282580361e-01
3.089352962657314627e-01 -1.449464028530674242e-01
3.030317591579115288e-01 6.228547364572772915e-02
2.937805962431471185e-01 1.380857366924201635e-01
3.337227093677916367e-01 2.276378379679407926e-01
2.765407793362992250e-01 5.075683237681270776e-02
3.208682094627853254e-01 2.839179710694919936e-02
3.367781319312598831e-01 -1.067746729435621600e-02
3.323844743604752461e-01 -1.118636201084879794e-01
2.996607931418069359e-01 -3.815073148720829477e-02
3.057694923321837566e-01 4.767633305143503808e-02
3.321488055249674498e-01 6.888083382994812653e-02
3.122828143737378936e-01 1.916448250743835180e-01
3.296485614929508534e-01 6.423805701824261694e-02
3.444117375695245897e-01 -1.300360944233721616e-01
3.108900850267456439e-01 2.324079452694969850e-01
2.861976817036175902e-01 5.941581794122123561e-02
3.195661957291282551e-01 2.244148691293458842e-01
