3.617747568947797809e-01 -4.463533039193570140e-01
3.120514783335665010e-01 -1.049968515661554580e-01
3.537270222564366517e-01 2.270174619804580241e-01
3.475667924697684597e-01 -3.258474007904300085e-01
3.813463105399988451e-01 3.338582992428316132e-01
3.371642448504599265e-01 -3.064035549874187803e-01
3.407175490318556932e-01 1.921978644863480135e-01
3.892576605987810301e-01 3.195110563746642041e-01
3.467453716921122253e-01 -2.758474007904300196e-01
3.265437269149288890e-01 1.171617382436017513e-01
3.465343972405874884e-01 -2.632099436568936524e-01
3.394206944624031386e-01 -2.959739727166292855e-01
3.176634450016494471e-01 6.124561288201105930e-03
3.695527170945783757e-01 2.968063602504896203e-01
3.475911735902539879e-01 -2.528979911033227279e-01
3.039386099557416787e-01 -4.548041573326410542e-02
3.137934430962294741e-01 1.089362663676488319e-01
3.270017511127566445e-01 -1.872177768581811397e-01
3.042345602608754751e-01 -3.411280717735594437e-02
3.291692437850640696e-01 1.485871212658340101e-01
3.124273992614868822e-01 -1.304948920179898053e-01
3.383839287219440051e-01 -2.523988334790876475e-01
3.275921600740475115e-01 7.476526506610345346e-02
3.224195952743220128e-01 7.938892960052500170e-02
3.059862183196010998e-01 -1.812397973154679376e-02
3.144352647347972707e-01 -1.375609675031866375e-01
3.294277962057056142e-01 -1.576201227556643381e-01
3.233507981635934114e-01 1.713296688418383396e-01
3.231279231958563147e-01 -1.695675538609847377e-01
3.258388765723760905e-01 -8.147737530241422332e-02
3.098357130996054476e-01 5.445307401523284685e-02
3.098230144533787866e-01 2.476526506610345069e-02
3.120436986329788165e-01 1.820579435401153967e-02
3.149432008504856051e-01 -1.799662991313578653e-01
3.347095925342791767e-01 -2.031739180351209706e-01
3.100361261195316853e-01 -2.992545853091596597e-02
3.064181956114861438e-01 -8.197100099545155671e-02
3.250311921217102773e-01 -3.563935280892192858e-02
3.132526637995412533e-01 -6.365019052805259703e-02
3.361471738632850759e-01 -3.166587326795337054e-01
3.596157721425138343e-01 -3.350027543068167524e-01
3.136856875044340964e-01 2.155276302403570654e-02
3.456136267718131205e-01 -2.568416047346975817e-01
3.224733586486925319e-01 -9.643950324136106589e-02
3.240343431346041081e-01 -9.386617273650223192e-02
3.274476656208542558e-01 -7.235970415153651636e-02
3.370856339420735259e-01 -1.886462871117326467e-01
3.451713892261317196e-01 -3.162360741932055963e-01
3.398296352814751398e-01 -1.908070206124668766e-01
3.282245829058782483e-01 -9.340972299294179881e-02
3.269491702021047330e-01 1.315532122219908728e-01
3.223811217090302161e-01 -2.128254713840630474e-01
3.231611468064383152e-01 -1.882849698747408873e-02
3.529864869597860721e-01 -4.053795162232054494e-01
3.267604611615073651e-01 -1.129825380195420143e-01
3.192864869518144966e-01 -1.211686129734212414e-01
3.066809280986647068e-01 -8.803062541545794706e-02
3.551133817925778424e-01 -3.410210340398983075e-01
3.386763274271079593e-01 -2.062953408542914091e-01
3.241322011084429855e-01 9.581723224935993766e-02
3.192490552060849307e-01 -6.882849698747409151e-02
3.474359423168154049e-01 -3.720881289808541936e-01
3.432785668123254919e-01 -3.052430608739002960e-01
3.541290952167737704e-01 -3.825330922027495584e-01
3.038645088537527128e-01 3.441862270816138658e-02
3.250162358839454591e-01 -2.499270422281404946e-01
3.208026374371645284e-01 -1.914996610055684778e-01
3.324541869777625225e-01 -1.719892551515763146e-01
3.230550922854386608e-01 -2.269420464647068092e-01
3.451920699661102376e-01 -2.317872887697899897e-01
3.231202424650718164e-01 -6.999454165126026139e-02
3.241129294727357890e-01 -1.353788626948276841e-01
3.385603158580214878e-01 -2.552430608739003071e-01
3.187387900594769730e-01 -1.727980163979256356e-01
3.307521259755248355e-01 -1.210189978822168305e-01
3.221801919738979669e-01 -7.648252976309348472e-02
3.233570752600054554e-01 -1.538675964500186011e-01
3.340187554610699605e-01 -2.440547908238714925e-01
3.265500367293842077e-01 -3.865655924128828108e-02
3.445786807586823652e-01 -3.277631919736064825e-01
3.267426305315032087e-01 -2.414996610055684667e-01
3.291198861667338216e-01 -1.720885834383728830e-01
3.415271065948233264e-01 -2.367608694091526411e-01
3.255849307998585074e-01 -4.776595603016638159e-03
3.298742943348355050e-01 8.961925134098150392e-02
3.288166979958340730e-01 -1.043492703731050963e-01
3.406722262983226668e-01 -3.203148926242987415e-01
3.255418391341051154e-01 -1.768578317743298156e-01
3.316200409070142463e-01 -1.197498551067628508e-01
3.378849552182339733e-01 -2.052430608739003182e-01
3.543414914907700997e-01 -3.616200467979311384e-01
3.395644735986710905e-01 -2.791889838941348234e-01
3.192030073906387821e-01 -1.757958929419718430e-01
3.196961187050622044e-01 2.352051804174105920e-02
3.362779921656526838e-01 -2.681645826079137596e-01
3.130971867069016756e-01 -8.548008206644294726e-02
3.303393460725937425e-01 -2.071452473643272119e-01
3.335081454309454241e-01 1.846248823389416427e-01
3.341930641794674806e-01 -2.346479487069658143e-01
3.068293569043489821e-01 -6.616690706385698617e-02
3.291725356783189449e-01 -1.954872065176137541e-01
3.452178062726611318e-01 -2.888213549841894268e-01
3.306632851890413116e-01 -1.248200621084323142e-01
3.294294316457686556e-01 -2.268578317743298323e-01
3.403539647330478535e-01 1.675525188732235882e-01
3.586288917331372228e-01 -3.116200467979311495e-01
3.223063609694440945e-01 6.641282301705869751e-02
3.236178248478480679e-01 -1.267926309992032929e-01
3.264097072535250277e-01 5.410319716309466842e-02
3.144754315333310735e-01 7.352051804174106198e-02
3.403573538239574314e-01 -3.017206919530149856e-01
3.364594284962621473e-01 -2.212431422877991494e-01
3.213606639372514895e-01 1.649482273397506193e-01
3.277745412491834820e-01 7.821810776335214044e-02
3.123231426444908476e-01 4.405754705484950934e-02
3.159780778035539139e-01 1.188702124356127710e-01
3.369362899960200997e-01 -2.079806341853427665e-01
3.265581265895795005e-01 4.850756059513028351e-02
3.284575554634101002e-01 8.724194643954714945e-02
3.099753728347030557e-01 -8.863446178457819180e-02
3.441981161200795003e-01 -3.320252547083279437e-01
3.389018821358011357e-01 -2.552061034558748553e-01
3.197233282773990770e-01 2.718942121596468892e-02
3.322369236894917588e-01 2.078304036219424944e-01
3.248313785858070735e-01 -1.901837463325187216e-02
3.404160716694329403e-01 -3.268578317743298101e-01
3.134459570820974372e-01 1.673157641572602106e-03
3.209248956070572256e-01 4.144226202039227175e-02
3.328159649257440011e-01 -1.534662725397891170e-01
3.363826982163835022e-01 1.594427451432080534e-01
3.317210717278800680e-01 -1.383695871239857822e-01
3.294755400027966075e-01 -2.069797389778931240e-01
3.097236384631533723e-01 4.312685661543247395e-03
3.228138636518727567e-01 -9.914590593780951699e-02
3.189124760722595320e-01 2.095449150083573964e-02
3.408563298458115454e-01 -2.130518008785423634e-01
3.258875450589920897e-01 -1.608682029614199038e-01
3.220542962314991153e-01 1.951705439638966311e-02
3.217688889648077089e-01 1.798421755266357280e-01
3.207223706146087872e-01 1.143603821313908114e-01
3.234949885680727943e-01 -1.141104031792350149e-01
3.278027858207788747e-01 -1.099421911432233168e-01
3.243935623847170047e-01 1.089518352272341728e-01
3.211679156841774629e-01 -5.488204841269860024e-02
3.582302841362230428e-01 -3.598636196440855306e-01
3.246056455417247744e-01 1.812768015960161128e-01
3.091665894161531591e-01 -1.228402200921311221e-01
3.130801712548343940e-01 -1.325240762264716932e-01
3.365358337886762974e-01 2.352593153635806900e-01
3.239941460636798221e-01 -2.077536744817912451e-01
3.369415331862406493e-01 -2.034662725397891059e-01
3.435418082121046157e-01 2.094427451432080423e-01
3.097468998941036444e-01 -1.312129987295155287e-01
3.058936565610242408e-01 3.341990183077621357e-02
3.075439517187998351e-01 1.416532386597056659e-02
3.294237929900500905e-01 -1.272707348610218059e-01
3.209065411232103204e-01 1.163802465902535888e-01
3.258938023124805516e-01 -1.214344767694953975e-01
3.288418528596467327e-01 -1.872537830411883930e-01
3.367117253476047400e-01 -2.630518008785423523e-01
3.292213553329160769e-01 9.631017384253488800e-02
3.296585516551656658e-01 -1.605498508759531373e-01
3.230563834600561623e-01 1.473297067359669588e-01
3.252834401527135988e-01 1.271894212159647153e-01
3.269420394176922873e-01 -1.991749920429505272e-01
3.228514736910665373e-01 1.092981779142015858e-01
3.625424147103333272e-01 -3.368442234803735169e-01
3.336880443750323000e-01 -2.415711673456908404e-01
3.241746895233386105e-01 1.752920697399565630e-01
3.177893563651277287e-01 6.322672493873839061e-03
3.155681700758247166e-01 -8.252407622647169039e-02
3.396839450791865334e-01 1.852593153635807011e-01
3.446528392461556956e-01 -2.277536630132383499e-01
3.322751252290891411e-01 -1.702976806657844344e-01
3.296809603788168896e-01 -1.865681374286495831e-01
3.135093160198543782e-01 -8.623913975857339098e-02
3.259403509091997053e-01 -6.776472612503980919e-02
3.339995655451987733e-01 -2.721725647812356930e-01
3.136257436740046423e-01 -3.583467613402943619e-02
3.235042969174506400e-01 -3.609100882095066243e-02
3.383917504552901856e-01 -1.872106459839176229e-01
3.234603428177901807e-01 -1.606822097790964465e-01
3.148282797758736873e-01 -5.957944383833067847e-02
3.252646839139947677e-01 9.510689153929252626e-02
3.419694089368275347e-01 -2.242847331071176065e-01
3.303792402117897153e-01 -1.522781879251460246e-01
3.094875690914393185e-01 -4.568647819487462597e-02
3.291656037022016035e-01 -1.828924976242932987e-01
3.259921955562659623e-01 1.148259157265475033e-01
3.160677526272729354e-01 -1.246749454847668609e-01
3.184195395269548978e-01 -1.569931586486108532e-01
3.270374537154829286e-01 -2.331539595282192401e-01
3.239339480779835356e-01 -1.853427426370589937e-01
3.274424585548902367e-01 1.508496290088126024e-01
3.271303558758814622e-01 -9.497971275782726708e-02
3.118273346531207357e-01 -1.356472517614598639e-01
3.303813174180125212e-01 1.855246561041856423e-01
3.178120725100077593e-01 -1.596490105620587963e-01
3.139589806935446092e-01 -8.104967062380273590e-02
3.425416978176068494e-01 2.450869054222886978e-01
3.439528454110504230e-01 -2.259475074918688431e-01
3.297870257600385435e-01 -1.202976806657844316e-01
3.447297503476518532e-01 -2.724548726878397442e-01
3.445975510159177135e-01 -2.640528124725378678e-01
3.356748711147919395e-01 -1.793251241564506882e-01
3.232928283662104274e-01 -4.640056375839778785e-02
3.236883335201632406e-01 -2.036752719231051389e-01
3.185816968787500425e-01 -5.426491851462551808e-02
3.332845484532801494e-01 -1.560476788341274568e-01
3.133279178104040330e-01 -1.033547436008180193e-02
3.099623638498830713e-01 -9.176200196473899284e-02
3.105365928744115434e-01 -2.663448211541154242e-02
3.249322780372525532e-01 -4.234207829719309479e-02
3.196033893478061327e-01 -1.576926427637650313e-03
3.278876757424727950e-01 -2.378302770278114819e-01
3.101445437087470558e-01 -6.013760890138270671e-02
3.167057719786500192e-01 1.701576966541677727e-02
3.318365970484831173e-01 -1.878702547600901718e-01
3.340605626124695804e-01 -2.328924976242933154e-01
3.211387461974823943e-01 -1.746749454847668637e-01
3.197375702996326230e-01 8.009169365328729084e-03
3.305779740418660628e-01 -2.782591712070210943e-01
3.300693868009255683e-01 -1.077447888436645906e-01
3.512304483063961036e-01 -2.786901291970022565e-01
3.261455452448008274e-01 -1.946111486012704894e-01
3.378256080545833373e-01 1.992072628140311441e-01
3.275877069647615270e-01 -1.449797127578272837e-01
3.265405372994019118e-01 -8.564725176145986107e-02
3.176775517343384259e-01 -1.558726745387206125e-01
3.229186443481881774e-01 -1.690993557520214519e-01
3.486550303914696669e-01 -2.729703329895766251e-01
3.214004040826818898e-01 -6.988576244930000403e-02
3.340824032978758074e-01 -1.495760955059674546e-01
3.414691719286524485e-01 -2.478689274057396252e-01
3.339618108373932359e-01 -2.098277768705337221e-01
3.465116635197697526e-01 2.128070803013655810e-01
3.266992418960301126e-01 -2.370201822307774209e-01
3.490800914122932364e-01 -2.668768091892199656e-01
3.301164923047728572e-01 -1.088058642215265215e-01
3.249509877256741563e-01 -5.805766917569472885e-02
3.430427150312097551e-01 -3.140528124725378567e-01
3.325813589767817047e-01 -1.959671933861384663e-01
3.187943765136236896e-01 -6.587072953986314316e-02
3.281713480214754619e-01 -2.536752719231051278e-01
3.253177765545873790e-01 -8.065621055888989865e-02
3.177218433866093039e-01 2.336551788458846035e-02
3.260663098902885637e-01 9.946394560113383521e-03
3.359182711642882402e-01 -2.375560315634401565e-01
3.203598196967107348e-01 -5.227818792514601909e-02
3.550558067829956976e-01 -2.904934056732063063e-01
3.256075488763087167e-01 -1.141529816273534892e-01
3.291213476213502021e-01 1.382570084380198572e-01
3.407479491689149875e-01 -2.828924976242933043e-01
3.373387595315948118e-01 -2.208775327611839923e-01
3.097752730084991080e-01 -4.134606205908691878e-02
3.312162974879016009e-01 -1.638216210120070071e-01
3.201964723994582540e-01 -5.156908970247503499e-02
3.515024538865904602e-01 -3.286901291970022454e-01
3.303777574330714617e-01 -2.221758695384120352e-01
3.133303177579884746e-01 -1.025894418610394376e-01
3.348011235735764979e-01 -3.104629449736553415e-01
3.206431449617873075e-01 -1.848461034798168645e-01
3.294263252659516694e-01 -2.190993557520214408e-01
3.271708902658181373e-01 -2.124918114754985321e-01
3.343448733250141691e-01 -2.067446598722172402e-01
3.498661119715189560e-01 -3.229703329895766140e-01
3.655676242575991441e-01 -4.233223338028799798e-01
3.218543268839345606e-01 -6.587270285341981224e-02
3.241190424801539405e-01 -1.426673803179042965e-01
3.316726878719589156e-01 -2.598277768705337110e-01
3.245133929126119421e-01 -1.898860269652460908e-01
3.257965899958560341e-01 -2.039913064662522701e-01
3.272754008762353561e-01 -2.370995128394924323e-01
3.539386301614118602e-01 -3.134749698503794813e-01
3.543708279118907845e-01 -2.943054296084371413e-01
3.390924140179161217e-01 -1.949473939868117678e-01
3.324564132784749715e-01 -2.285578741306266148e-01
3.219737650434605913e-01 -6.117400934342160507e-02
3.541163638707359729e-01 -3.266130220130247230e-01
3.186148260761705320e-01 -1.153977408333696636e-01
3.371189340261984690e-01 -2.235617582021130756e-01
3.078529382847316476e-01 -7.044510502906883853e-02
3.349191783580487969e-01 -1.740808822612265883e-01
3.217887935262069288e-01 -1.434370767003704250e-01
3.129153207754019062e-01 -1.206026028610897999e-01
3.427352139092444405e-01 -2.893008632843854233e-01
3.441850695343887656e-01 -2.497430367153921915e-01
3.231650137849050308e-01 -4.758832075495195157e-02
3.508617607591534293e-01 -2.769353745636567998e-01
3.233905194937232164e-01 -1.578516158561670824e-01
3.164524683946020045e-01 -6.829570588945178822e-02
3.264860050855182272e-01 1.170157696654167828e-01
3.436622969085916246e-01 -2.672440623211877475e-01
3.437821559679406502e-01 -2.851822298879779227e-01
3.511776144487512852e-01 -3.335206116130250420e-01
3.266315286733472711e-01 -2.468682975583260941e-01
3.466529735375138976e-01 -3.301411994841845221e-01
3.390173909201769642e-01 -2.110880332870198051e-01
3.161697234030313997e-01 -1.482819337797436909e-01
3.078711637938598145e-01 -9.134606205908692156e-02
