3.582234234298343756e-01 1.100898976607730395e-01
3.676020891054757600e-01 -1.010192089974197849e-01
3.240523114572629870e-01 6.068320189643783280e-02
3.640230307675834664e-01 2.346930936908118159e-01
-4.310557372342955773e-01 -1.443487219304190328e-01
3.747317740504392258e-01 -2.174849949616131095e-02
3.362301632544797414e-01 -3.448775284816621989e-01
-4.412784166267398334e-01 -3.472205048493895996e-01
4.294194689554736710e-01 -4.552656236071357387e-01
3.742163113795367035e-01 -3.435280072780390048e-01
-4.452268535809243977e-01 4.792580704252480395e-02
-4.294772864045967031e-01 -5.712942379849894614e-02
-4.458065442279426360e-01 1.932641226767474185e-01
3.348629115955179536e-01 1.576424620604266469e-02
3.848839755338870905e-01 1.661939684194467803e-01
4.499829222215284696e-01 3.965176923568111134e-01
3.888958395485274666e-01 2.689930760769921880e-01
3.611486206841855173e-01 -3.652292462601602896e-01
3.411033113245511839e-01 2.519891085456661406e-01
4.157109416199769036e-01 3.988558872540101108e-01
3.356895664729101503e-01 2.018419659122026033e-01
4.079007527449660664e-01 -2.395812991763084376e-01
3.895186333786588850e-01 9.567793758530751536e-02
4.461738707450830232e-01 3.132155495828532477e-01
3.102218448367583536e-01 1.226480563915408190e-01
3.176020891054757711e-01 -1.280417460216407566e-01
3.695404273109232918e-01 2.322614575687227956e-01
3.561993458320180661e-01 3.133972868316766552e-02
-4.325744891058465602e-01 -1.414772914455583730e-01
3.140230307675834776e-01 1.846930936908118270e-01
-4.492760288458546025e-01 -1.604193380110776612e-01
4.340716630259019992e-01 -4.276733592568449094e-01
4.155602474818985148e-01 -3.429036605963411422e-01
-4.404694726357767931e-01 -2.152194362846402143e-01
-4.365579200371547119e-01 -2.857437509957079166e-02
3.784076108133189176e-01 1.676527773414661915e-01
4.442315638980295911e-01 4.408126256351153627e-01
-4.491473728269336774e-01 1.497668680970370980e-02
3.348839755338871016e-01 1.237500144141484848e-01
4.228114983786814274e-01 3.566247156430777943e-01
3.388958395485274777e-01 2.593740035259704535e-01
4.052440417569423414e-01 1.735768466301484958e-01
4.080959142683689422e-01 -4.750885581947836833e-01
3.699762870986684216e-01 1.630646147022288550e-01
3.579007527449660775e-01 -1.895812991763084487e-01
3.395186333786588961e-01 7.181327001689889744e-02
4.059796400603776778e-01 3.148014335726013746e-01
3.968556312971786570e-01 1.822614575687228067e-01
3.780760667799192287e-01 -6.559175836123344594e-02
3.061993458320180772e-01 2.699173683323652373e-02
3.419140363938392158e-01 -7.359774177407235607e-02
3.523137499688538399e-01 -4.900881004700551741e-02
4.368629794681589962e-01 -4.111180006466703674e-01
3.866550713545509610e-01 -1.770062396188679110e-01
3.655602474818985259e-01 -2.929036605963411533e-01
-4.415992380306620335e-01 -2.957405611104314547e-01
3.410912539076812466e-01 1.833766339057207040e-01
4.083913078087956783e-01 -2.683418902239688153e-01
3.021856532549949681e-01 7.375001441414848202e-02
3.993176136422298961e-01 3.066247156430778054e-01
3.655097128557446839e-01 1.235768466301484930e-01
3.580959142683689533e-01 -4.447461267261424989e-01
3.585241287368028384e-01 -6.761114060227239875e-02
3.602715247111436536e-01 -4.089466500880409860e-01
3.314649495483533714e-01 1.154891432688671948e-01
3.812054480057139316e-01 1.333760015754590911e-01
-4.569016165695531928e-01 3.081258802972026700e-01
3.079007527449660886e-01 -1.395812991763084598e-01
3.030399474458368991e-01 4.336535901086598088e-02
3.780357898495427804e-01 2.648014335726013857e-01
3.280760667799192398e-01 -1.559175836123344316e-02
3.632951042481489257e-01 -1.594505448666531100e-01
3.027675770055935356e-01 -1.132221767893930447e-01
3.308221972538726852e-01 -4.844545747799718777e-02
3.366550713545509721e-01 -1.270062396188679221e-01
3.248138141605455553e-01 -2.680879072093212967e-01
3.719753334177190451e-01 -2.183418902239688264e-01
-4.487185047847364605e-01 -1.436088674255443509e-01
3.493176136422299072e-01 2.667748321084902896e-01
3.386527164052265948e-01 -3.786939721338757892e-01
3.677672607189961806e-01 -1.737614355518758980e-01
3.155097128557446950e-01 7.357684663014849025e-02
4.085026623631240472e-01 2.283194766424503086e-01
4.049317613642229863e-01 -3.330246811317243982e-01
3.292277406113123805e-01 -7.529285330808846433e-02
3.786907992655144106e-01 -9.296171145749851372e-02
3.918188452226855079e-01 -3.589466500880409972e-01
3.644690089390792975e-01 8.337600157545908830e-02
3.623002870857235380e-01 2.424025527788527812e-01
2.960780515287642078e-01 -2.350719519772434540e-02
3.596675682277558628e-01 -1.558839657521721156e-01
3.227751852501709040e-01 -2.094505448666530989e-01
3.595921273123109385e-01 -8.311716750002159926e-02
3.241449505613576698e-01 -1.632221767893930475e-01
3.308607526009899602e-01 1.554542522002815008e-03
3.845971449881031567e-01 -3.197282510669423039e-01
3.426592983994937724e-01 -1.167038692100736894e-02
3.464952867993982277e-01 -1.683418902239688375e-01
3.835324854770538194e-01 1.895856280611745992e-01
3.808145972358182862e-01 -3.737535357425053051e-01
3.315149388227908167e-01 -1.237614355518758952e-01
3.753047922536232872e-01 2.083269836257847507e-01
3.549317613642229974e-01 -2.830246811317244093e-01
3.286907992655144217e-01 -1.429617114574985304e-01
3.418188452226855190e-01 -3.089466500880410083e-01
3.346426018610376696e-01 2.245918086521062063e-01
3.144690089390793086e-01 3.641150896039246909e-02
2.971842182924286924e-01 5.341471284878271386e-02
3.096675682277558739e-01 -1.350176196618938507e-01
3.192304024947451024e-01 -5.966749510465055306e-02
3.095921273123109496e-01 -9.547903848234470803e-02
3.259540517044027808e-01 -1.690702051067144440e-01
3.511177733840597504e-01 -1.378186965469422043e-01
3.377372829828077516e-01 5.155454252200281778e-02
3.519876967256052591e-01 -2.697282510669423150e-01
3.139177727352386316e-01 6.483613219583638648e-03
3.330328149867994303e-01 -1.183418902239688347e-01
3.546023933191513877e-01 2.011055871144572516e-01
3.163939859157581802e-01 -1.191526279223728002e-01
3.253047922536232983e-01 1.583269836257847341e-01
2.931018588438509265e-01 2.433894781915063588e-02
2.966469189392694217e-01 9.134343916048628942e-03
3.672391236094935674e-01 -9.667495104650550286e-03
3.732736388416630358e-01 -8.781869654694220151e-02
3.532002823416023896e-01 1.015545425220028275e-01
3.351245248328493798e-01 -2.197282510669423261e-01
3.184156549970194594e-01 9.774108949197481133e-02
3.288913174022634611e-01 -6.834189022396883195e-02
3.404212366507172738e-01 2.342922582091491734e-01
3.145903224426567779e-01 1.847352764089758292e-01
3.131822291742504816e-01 -8.619263436351817798e-02
3.055172564290140058e-01 1.535747971283843438e-01
3.247943464776690270e-01 -3.422796079124448831e-03
3.232736388416630469e-01 -3.781869654694219873e-02
3.032002823416024007e-01 1.156861458899526574e-01
3.860012586980859917e-01 -1.042712844610866191e-01
3.241486873064740593e-01 -1.986500909690521732e-01
3.609341555746358732e-01 6.452829468351159448e-02
3.550865777864700701e-01 1.939252207710672471e-01
3.102843089561485579e-01 1.647219838332772412e-01
4.028978073383762681e-01 1.647144711356406110e-01
3.360012586980860028e-01 -5.427128446108661630e-02
3.238034147910388016e-01 -1.486500909690521843e-01
3.109341555746358843e-01 5.415292111691093202e-02
3.877845157097106199e-01 1.439252207710672304e-01
3.528978073383762792e-01 1.235308925508818434e-01
3.118242892180803638e-01 -4.271284461086613526e-03
3.316712594752809773e-01 -9.865009096905218156e-02
3.730782029966308033e-01 2.465235179720560721e-01
2.935500323065819983e-01 -1.048817082547912061e-02
3.101740517034426436e-01 1.584803514398704094e-01
3.219355703646418765e-01 1.147664684940785246e-01
3.095682478965807727e-01 4.572871553891338925e-02
3.100610263345673911e-01 1.709669669481332921e-01
3.547722196302084408e-01 4.392522077106722489e-02
3.985301420111685422e-01 2.235331580533992113e-01
3.188663632839338069e-01 3.951182917452088217e-02
3.187884079219079903e-01 1.950528307558850594e-01
3.172997661861453045e-01 4.785337587184961688e-02
3.507189212343022611e-01 1.209669669481332893e-01
3.514168994929861012e-01 2.623912835342849248e-01
3.118990929816292113e-01 1.515128900174131099e-01
3.047722196302084519e-01 2.385911096163523953e-02
3.485301420111685533e-01 1.788004034396751263e-01
3.314593301118247126e-01 6.613005783689218653e-02
3.613472565675728276e-01 1.995743891226267608e-01
3.091410309667642076e-01 1.714886141857028257e-01
3.563900514089901606e-01 1.827282111116310115e-01
3.318321186065383843e-01 6.738724818196503707e-02
3.840393169049094446e-01 1.045327418176277418e-01
3.744752456303573340e-01 2.676302885968121492e-01
3.554441402186428456e-01 1.834447538178490544e-01
3.099980828701621727e-01 2.214891706324703669e-03
3.121368423088620170e-01 1.288004034396751374e-01
3.994268813525839179e-01 2.268633036305948147e-01
4.006828076323141197e-01 1.909831729013552748e-01
3.131362103388485862e-01 1.047867514656977139e-01
3.144425122356427349e-01 1.301924032866949577e-01
3.340393169049094557e-01 5.453274181762773898e-02
3.244752456303573451e-01 2.176302885968121603e-01
3.599980828701621616e-01 5.221489170632470644e-02
3.514680774249476225e-01 1.978152373106739081e-01
3.531463129820073821e-01 9.341341131032385170e-02
3.526060661649548789e-01 8.234656287277863917e-02
2.990878223936966895e-01 4.355483781316053793e-02
3.140835373004525755e-01 8.349107121666260456e-02
3.023925032231783994e-01 1.189508687730879560e-01
3.807981592816467864e-01 2.097657154085881825e-01
3.262941149270992547e-01 2.268974212296410997e-01
3.212578654606776940e-01 4.399099940048636914e-02
2.941802801435443038e-01 -3.999988950710912233e-02
3.906900300346460853e-01 9.780534571923740761e-02
3.845531234354002126e-01 3.234656287277863640e-02
3.185046184760416121e-01 1.450334802698200476e-01
3.353407704157165825e-01 1.179465294547171889e-01
3.091021490764359614e-01 -1.953983732238059878e-01
3.307981592816467975e-01 1.597657154085881936e-01
3.385398248340034111e-01 8.471025123572319127e-02
3.441802801435442927e-01 3.336882464907722778e-03
3.291975768076814690e-01 -6.955330274306102678e-02
3.740905701332374322e-01 1.534305943096099245e-01
3.581236955330153737e-01 -1.453983732238059989e-01
3.104747738799271684e-01 2.048016822378970897e-02
2.980762128617261419e-01 6.088973054526891637e-02
-4.330552229313867074e-01 -6.246411086656696032e-02
3.001815977063956309e-01 5.266534686650348879e-02
3.609356217570459102e-01 2.599046860003765280e-01
3.021599510956521351e-01 1.205870324605787941e-01
3.590675521780436474e-01 7.799751815518404796e-02
3.341061051739765975e-01 -6.096385994322971874e-02
3.698779684760494790e-01 2.815710738460652784e-01
4.047196087098506312e-01 3.557214810910287461e-01
3.891637934091653483e-01 3.488150219985189926e-01
3.240905701332374433e-01 1.972873747922833654e-01
3.969501624209184620e-01 1.373382561391509327e-01
3.521599510956521240e-01 7.058703246057879133e-02
3.191879494313536458e-01 5.731891330268562568e-02
3.765457608928913791e-01 -1.096385994322971597e-02
2.956893820773774939e-01 7.204305267336369445e-02
3.616783025686295394e-01 1.506682894385092120e-01
3.148733949685289524e-01 5.787562718624464364e-02
3.265457608928913902e-01 3.903614005677028681e-02
3.254013204825387251e-01 2.617455829640168499e-02
2.978000747673906212e-01 2.420639495762614765e-02
3.268375351884371116e-01 8.112663939263814461e-02
3.887679334560366073e-01 2.971820378332305501e-01
3.116783025686295505e-01 1.655918994018196755e-01
3.754013204825387140e-01 5.691294750921932488e-02
3.478000747673906101e-01 7.420639495762615390e-02
-4.434211638939201117e-01 1.122739832811349425e-01
3.618115153164165876e-01 1.164709326236740838e-01
3.387679334560366184e-01 2.693128586086555032e-01
2.940204397326902086e-01 5.587373066231042518e-02
