-4.491542069306162510e-01 1.316518764553854526e-01
3.738889912539066218e-01 -3.109242628899298033e-01
-4.536526190098761901e-01 1.537039045196123555e-01
3.554364327312319327e-01 1.609538830821028443e-01
3.919553592033118705e-01 -4.110071700010923812e-01
3.466265731558383356e-01 8.140920910445084702e-02
-4.362679056930192090e-01 -3.016064346137877217e-01
-4.435786764459562215e-01 -1.793682065707484785e-01
-4.449474083266162783e-01 1.321134720360166437e-01
3.662112475532258715e-01 1.958824095121604325e-01
