3.766119152105305012e-01 8.671905371370713933e-02
-4.701007330256296579e-01 -1.434814931280962991e-01
-4.400720242844700647e-01 1.967279421041207288e-01
-4.529742046427626678e-01 1.350022704050662936e-01
-4.469751127239841026e-01 -8.025935140318661565e-02
-4.484802295106888881e-01 -1.575007271714071455e-01
-4.465981869697092654e-01 -8.660355092709191849e-02
-4.500000000000000111e-01 -2.088306437374233271e-01
-4.466780610716371558e-01 -2.652776822444448124e-01
-4.488126943360717935e-01 -2.397108632410039353e-01
