4.352635702528532269e-01 -4.125476282899227520e-01
3.941888722439702564e-01 2.117993745701073349e-01
3.651764742984936474e-01 -3.412523951315455939e-01
3.640640603960138000e-01 4.571928460648888581e-02
3.414365172217982414e-01 8.106968960838134564e-02
3.468201130801787935e-01 -5.106419318862276402e-02
4.162838238971198201e-01 -4.317990613143029011e-01
3.466829954553961590e-01 1.083011468962042922e-01
3.542839298069951903e-01 -8.135099080160845819e-02
4.479311411734109849e-01 -4.005168717521675470e-01
4.043150383395040515e-01 1.757367885064683721e-01
4.322121062351952370e-01 -3.681797325514352126e-01
4.199634004702434420e-01 -3.817990613143029122e-01
3.805929715845776107e-01 3.015065691422152416e-01
3.610179123394656187e-01 5.830114689620428947e-02
-4.490123832042905438e-01 2.548138308148157893e-01
4.066527669275202816e-01 1.401431554945307967e-01
4.336803311888535184e-01 -3.181797325514352237e-01
3.383360857814373124e-01 -1.085812260437981208e-01
3.934134212310313461e-01 -4.099468490881128524e-01
4.265374258850426203e-01 -3.893143779191250986e-01
3.723548160346767943e-01 2.752558128859283748e-01
4.170604114542549867e-01 -3.427443946960271881e-01
4.500000000000000111e-01 3.594217164879510151e-01
3.867169791739600848e-01 2.515065691422152527e-01
3.349186309918796289e-01 -1.537323614825060192e-01
4.853768414513714990e-01 4.063220674628684748e-01
3.729017020426239615e-01 8.301146896204286696e-03
3.875578337148176677e-01 1.706960713790246775e-01
3.765938074650889700e-01 2.332581102192325950e-01
3.766797952479410405e-01 -8.570351969999269459e-02
3.676928615524316935e-01 2.634297787241114963e-01
4.032274911820961094e-01 9.014315549453079390e-02
4.269105403361326267e-01 -2.872492336566658810e-01
3.510053334499236288e-01 -1.627315116145574003e-01
4.235423591444947844e-01 -3.599468490881128635e-01
3.774738703095301684e-01 2.049888177611091100e-01
4.894691157107667334e-01 3.563808400513720498e-01
3.761794206808518615e-01 6.270169352690629222e-03
4.190967882189757798e-01 2.446348475459542149e-01
3.876394666680201273e-01 -3.393143779191251097e-01
3.343633560508048053e-01 1.337764828799408723e-01
3.970334336477446824e-01 3.034992755843155532e-01
4.123733212191418862e-01 -3.182209068406151586e-01
4.015176474298493559e-01 3.094217164879510262e-01
3.894621347579194093e-01 2.015065691422152638e-01
4.140725536918092309e-01 1.206960713790246748e-01
3.853729283749570134e-01 -1.106368203842577475e-01
4.099485406644230445e-01 2.992408465381670712e-01
3.910405276948414333e-01 2.134297787241115074e-01
4.139902385147196662e-01 -2.722324055479001248e-01
3.541057351297748901e-01 3.720419101677232415e-02
3.768760745015281577e-01 -1.168224606605035437e-01
3.868571729869970111e-01 -1.474530453619129489e-01
3.735423591444947955e-01 -3.099468490881128746e-01
4.394691157107667445e-01 3.523476173200779105e-01
3.434280494374767345e-01 -1.592450442520750853e-01
3.690967882189757909e-01 2.495892014247387825e-01
4.217514007064333548e-01 -1.982659415495244826e-01
3.867336661926520924e-01 4.882270962631535260e-02
3.705746827365314355e-01 1.794172729888421913e-01
4.094356981867812162e-01 2.534992755843155643e-01
3.614222018323781094e-01 -1.943742334855572823e-02
3.951285842245122470e-01 1.515065691422152749e-01
3.889815985619886618e-01 -5.373236148250601363e-02
3.361813546289348920e-01 -8.506714373111486094e-02
3.922621708494756221e-01 -1.580211337336288047e-01
4.331146850534505766e-01 2.699489686306372205e-01
4.062181987750015932e-01 1.634297787241115185e-01
3.705153040098647654e-01 -9.254696012114183024e-02
3.846843760878380647e-01 1.521187577108590039e-01
3.959193172815317907e-01 -9.856844505469211648e-03
3.978585641418338481e-01 -2.615929121421172177e-01
3.958449532578997010e-01 3.229005929524879082e-01
3.453750289044819066e-01 -7.827555482932414821e-02
3.798990097539995947e-01 -1.482659415495244937e-01
3.250096905673686143e-01 1.614981604930257331e-02
4.110239599565967406e-01 2.294172729888421802e-01
4.156845395184126102e-01 -2.262254103115060866e-01
4.022194032395221552e-01 -1.085146522439630751e-01
3.673378218553199903e-01 1.915649239216599686e-01
3.458628449929630477e-01 -1.075461138085503088e-01
3.731830125313161384e-01 -2.249689898891899520e-01
3.925927011197060112e-01 -2.014919192724188846e-01
3.562181987750016043e-01 1.325681839331819267e-01
4.112560179594891840e-01 -1.425469601211418191e-01
3.385185326114481530e-01 1.296526443538708606e-01
4.019958326512209079e-01 -8.238953308635450778e-03
3.679670043559583603e-01 -3.775500893939012781e-02
3.971119492029172582e-01 2.313715958083186197e-01
3.654428834348920074e-01 -9.977238555656055274e-02
3.317667141888102633e-01 7.850559038240119414e-03
3.549464580730000152e-01 -1.271758748083827717e-01
4.426037348551989381e-01 2.554898612394110313e-01
3.540598388341246183e-01 1.931635816271968786e-01
3.880839788133717549e-01 -6.225891928169237366e-02
4.129325909451666554e-01 -2.010011569658795016e-01
3.801025377865404065e-01 2.216276516093674820e-01
4.138295062759443921e-01 2.397860039324109516e-01
3.563759886993387305e-01 -1.457693633984549209e-01
4.049835009321870460e-01 -2.228241584921673291e-01
3.913479067598463201e-01 -2.455352007277777360e-01
3.986588811775371721e-01 2.021729210256398290e-01
3.500577723894826576e-01 7.222942283818242770e-03
4.117061633472602900e-01 -1.717925852948326004e-01
3.282399372145059502e-01 -9.713621347190584676e-02
3.869149752021206479e-01 1.431635816271968897e-01
3.521502743882454212e-01 1.133465150194702536e-01
4.097605221102628148e-01 -1.517073230433372000e-01
3.409461831254230191e-01 1.774829490946156496e-01
3.929225705883618858e-01 -1.453215999375450651e-01
3.571093784779385549e-01 2.879427243672336850e-02
3.864861660610977023e-01 -1.545026199596255256e-01
3.442919584581101700e-01 -1.600823674673330366e-01
3.828953902454920732e-01 -2.482575872325848421e-01
3.377336302945745938e-01 1.296248492066922053e-01
3.514302013279198555e-01 7.063574129157138004e-02
3.331937318589338060e-01 -1.045399004279133626e-01
4.019109786341698576e-01 1.005583286031407619e-01
3.937833360794368853e-01 1.456442216869326817e-02
4.115928110744788149e-01 -1.078258364269578384e-01
3.538258346817307887e-01 -1.859733146188441433e-01
4.130238910666206853e-01 -2.754341867750202955e-01
3.454030734489834664e-01 4.509409025685316708e-02
3.974460937362488955e-01 -1.193949533199611251e-01
3.246774029555920538e-01 1.602661471667737869e-02
3.517816557140404643e-01 4.562472547941198719e-02
3.457553251076670997e-01 8.567667983547605504e-02
3.641032481641952034e-01 -9.479911753394883178e-02
3.799827320344145165e-01 8.380291796982153318e-02
3.359706227807235934e-01 -4.680629377980390082e-02
3.985896483898234144e-01 -1.359733146188441544e-01
3.668005637041065747e-01 -1.285018637475921627e-02
3.555305622139194321e-01 -2.497621883011802435e-02
4.039796100757781505e-01 -1.112923588197442942e-01
4.077002919369449030e-01 6.259206797724643778e-02
3.630238910666206964e-01 -2.441506646499850830e-01
3.682442190225216905e-01 -2.106677286773396274e-01
3.561921356750501477e-01 1.071710854686069164e-01
4.020329147035779926e-01 1.339279270818871104e-01
4.359714739586896814e-01 -3.050688156294110165e-01
4.042565726839185136e-01 9.149576931077485487e-02
4.040296637598215779e-01 -2.186093742799110826e-02
3.294618494567990163e-01 -2.085986937057022345e-02
3.577002919369449141e-01 7.950970503534135481e-02
3.651502882191700605e-01 -1.717880735604230269e-01
4.046769274252813853e-01 -1.521253850297437094e-01
3.329986903145049637e-01 -9.290928605653597794e-02
3.335104039583791646e-01 -6.133206718369176025e-02
3.325195658355672990e-01 -1.539239476925663430e-03
3.623132230843120194e-01 1.440116532236310753e-01
3.415209245808228933e-01 9.399296060030704059e-03
3.790335219213240570e-01 1.248532790816237262e-02
4.104810601129760261e-01 -1.497144648595800098e-01
3.419305607669586577e-01 -1.466656515338045641e-01
3.713741251842804236e-01 1.515634963434476373e-02
4.437419748430119770e-01 -3.515457775049435907e-01
3.497065090413627453e-01 9.690981395644415741e-02
4.039254441611747626e-01 -1.961374694894285342e-01
4.033481552258007530e-01 -1.095838432081320674e-01
3.835104039583791535e-01 -1.133206718369175747e-02
3.865486375830332055e-01 -1.251193303915470179e-01
3.436615060534923827e-01 1.546686171581857505e-01
3.687742962247815282e-01 -1.633965736476279129e-01
3.587483429974358540e-01 -1.966656515338045530e-01
3.275704541005849957e-01 5.414737330880815824e-02
3.532719285259315889e-01 -1.143571284532421406e-02
4.472125604558805922e-01 -3.967526753863055977e-01
3.587088757519799054e-01 2.483041130445826083e-03
4.254791613506156422e-01 -2.345239216773071789e-01
4.160878485239740687e-01 -1.627882830745705223e-01
3.618402970596795720e-01 -1.860663498937806248e-01
3.352581252421121816e-01 3.866793281630824530e-02
3.710447271675907377e-01 1.858651301827365931e-02
4.002514220560506875e-01 -2.569655739057870314e-02
3.823906739719425407e-01 -3.495160753008069721e-02
3.972125604558806033e-01 -3.677615430712830591e-01
3.521820789954646647e-01 -1.156363495321213880e-01
3.358483676207644208e-01 -2.437678030092843562e-02
4.312320243667261410e-01 -2.786479496573275871e-01
3.543265686456611441e-01 2.972669732546288218e-02
3.672141139002919052e-01 -1.490511695422064853e-01
4.017250499919752249e-01 -9.341512106146268590e-02
3.957683379401725210e-01 -1.414832532814692678e-01
3.773414202124735217e-01 -2.360663498937806137e-01
3.376565449083508974e-01 5.101634784349040608e-02
3.502514220560506986e-01 -8.854047724058896479e-03
3.573610241292272116e-01 -2.279673063639896247e-01
3.858483676207644097e-01 -6.017925637805831424e-02
3.812320243667261521e-01 -2.498759434621454778e-01
3.357924106137843978e-01 -5.862107620337177194e-02
3.545700702476892174e-01 -1.574080120599275490e-01
4.041094557339213744e-01 5.072145470656111432e-03
3.989957485433190953e-01 -2.068275081581157082e-01
4.016369792909876835e-01 -6.975105681482168807e-02
3.834650205659050348e-01 1.867977496983891372e-01
3.324430616372709979e-01 -6.600116531390173846e-02
3.542225639246830982e-01 -1.179873486823503764e-01
3.528496540424321815e-01 -2.094314603688650633e-01
3.527471448381876984e-01 -4.643809348797726944e-02
3.774976920290792348e-01 3.175634610264224666e-03
3.516465060751906568e-01 -1.998759434621454889e-01
3.710694620354936801e-01 -9.465634025331517987e-02
3.417844522342233238e-01 5.207854354115734608e-02
3.339000300669316967e-01 -3.748575899166234349e-02
4.120454333284028214e-01 -2.016722530361499954e-01
3.516369792909876946e-01 -1.975105681482168529e-02
3.742941050740480891e-01 -7.351405978951860987e-02
3.466759920103065218e-01 1.049696789493397286e-01
3.417692445866611917e-01 1.142947747000228609e-01
3.633476396311456358e-01 -2.298686778531836006e-02
3.696789752899271586e-01 -1.497421671434515100e-01
3.982504908825169609e-01 -1.740940962281636306e-01
4.141356196912035492e-01 -3.045571632353789027e-01
4.064990372717546818e-01 9.978635928856999238e-02
3.540653192528472326e-01 -2.207813421700656475e-01
3.910878161969154609e-01 -9.643809348797727221e-02
3.567188891654935468e-01 -2.305773683526484985e-01
3.443096768087339221e-01 -1.498759434621455000e-01
3.391787062529283414e-01 1.461316519666330249e-01
3.425001999770814765e-01 -4.465634025331517709e-02
3.690308373779888074e-01 -6.692515052407910225e-02
3.917844522342233127e-01 4.750289593332845256e-02
4.037185506088478149e-01 -1.137248625968688420e-02
3.794562405360304980e-01 -5.358652617827458498e-02
3.598307387800425694e-01 -1.511018964358695413e-02
3.497817021529160963e-01 5.670267207708962198e-02
3.615235051657962884e-01 -6.881069032469910862e-02
3.620454333284028325e-01 -1.516722530361500065e-01
3.628195985732071693e-01 1.542724621742964652e-01
4.022438111114411408e-01 -1.266067654260651654e-01
3.430743834098645695e-01 8.115686095622567930e-02
3.924044024303575129e-01 4.730326396213474505e-02
3.482504908825169720e-01 -1.240940962281636278e-01
3.521280333554956954e-01 -1.925065352398233065e-01
3.532519345712158976e-01 -2.709228294085287980e-01
3.901096226798064781e-01 -3.952242400411815626e-01
4.081185541219002899e-01 -2.734692401655541838e-01
3.564990372717546929e-01 1.414020336805897615e-01
3.365842283857380934e-01 8.865937770171723742e-02
4.040653192528472215e-01 -1.879750917508589414e-01
4.068886640133904109e-01 3.409285311556398829e-02
3.954592676813754037e-01 -2.237138835782353785e-01
3.706346081314603191e-01 3.737434781566210951e-02
3.525469298598322698e-01 -9.987594346214549723e-02
3.814632388546391750e-01 5.086460441234189056e-02
3.588933122394611375e-01 -1.671404361765409241e-01
3.294819895546394206e-01 -5.122732038048247172e-02
3.427047686903719192e-01 6.503103609599696078e-02
3.330543465372773904e-01 -3.562710422825533796e-02
3.524797463048617852e-01 -1.531192672994613480e-01
4.058789808389896003e-01 1.083129086644706029e-01
3.403830396237409461e-01 -1.462984840933381769e-01
3.531075708130824164e-01 2.447411090355522401e-02
3.548072109215626435e-01 -1.126339698465410322e-02
3.703193181396517986e-01 -2.603418672703617931e-01
4.030466290936947638e-01 -1.181591551941219148e-01
3.599977544100738669e-01 -1.467757890980194435e-01
3.764311919721013422e-01 -2.209950556861785265e-01
3.448440589738553941e-01 -1.053275504986631028e-01
3.636119869074991851e-01 -2.808774343120274408e-01
4.239505387297511918e-01 -4.311379250943661590e-01
4.024360949343011029e-01 -2.653554549089327530e-01
3.371002541245815554e-01 -5.567282582642242572e-02
3.535691472823127568e-01 -1.376658563570831717e-02
3.532329237469098993e-01 -2.564857711808102986e-02
3.562015113816552891e-01 1.322881907341842411e-01
3.757257708167223154e-01 1.057265735591401273e-01
4.223729479974582812e-01 -2.375327407871339336e-01
3.379124894414173852e-01 1.286107706938083295e-02
3.995219349140823883e-01 -1.945169655776597950e-01
4.134335422230676071e-01 -1.262835571778165855e-01
3.727755914245735047e-01 8.524614544776339120e-02
3.363603623817004173e-01 -5.851267101742819998e-02
3.613072854974358483e-01 -1.337428100222034372e-02
3.555941328975464888e-01 5.178669662300357940e-02
3.464339685747662712e-01 7.801922286156251496e-02
4.002778157312413265e-01 -5.533332848082359035e-02
3.518629022919426697e-01 1.732847374549112696e-01
3.464214393519913227e-01 1.177698771975619618e-01
3.586987532356636366e-01 -2.261935453741338309e-01
3.903830396237409350e-01 -1.268605705711750575e-01
3.835467598782066334e-01 1.951007282462457471e-01
3.826717613775597604e-01 -4.627430591215738603e-02
3.866089828026453845e-01 -2.660676542606515982e-02
4.105780690347476947e-01 -1.626434163924133647e-01
3.593906757145968189e-01 -1.699510747442557479e-01
3.346490442594452497e-01 8.134240094965311529e-02
4.067682838133128698e-01 -1.810541597283580051e-01
4.493213108185583060e-01 -3.811379250943661701e-01
4.073541547116190098e-01 -2.153554549089327641e-01
3.347360743835491315e-01 2.858181181171341040e-02
3.536810458024680082e-01 1.285378965655951666e-01
4.062015113816552780e-01 1.196915784070526623e-01
3.503160704895846855e-01 3.130339227784677963e-02
4.054826800802115994e-01 -9.338851362637080877e-02
3.838679979803308329e-01 3.327337239126555712e-02
3.258711290308157205e-01 -3.008439443452001066e-02
3.385067955385574479e-01 7.588679103254269975e-02
3.830029320515877522e-01 -4.588303402474221832e-02
