-4.185256596851222310e-01 -2.367739912867850016e-01
-4.319546737342335185e-01 1.745174722581893656e-02
-4.320306691623171380e-01 2.420006760269850787e-02
-4.330068088412405425e-01 -1.208852011190786613e-01
-4.332789707756377062e-01 -1.363085964574548004e-01
-4.339806665283202913e-01 -1.221622634564003551e-01
-4.330776210278688976e-01 -1.294602145408555727e-01
-4.331038694704824055e-01 -1.346079847885656433e-01
-4.318194229370318493e-01 7.851497545086304902e-03
-4.313109941694051042e-01 -1.525774182533027601e-01
