-4.190964955767562117e-01 1.388604006295971471e-01
-3.691989577248355747e-01 -3.970750961412927715e-01
-3.829790689592575403e-01 -3.669799941520633935e-01
3.939889889702779535e-01 -2.706294886841799086e-01
-3.982025158945536325e-01 -3.137972735421331594e-01
-4.418157274287932146e-01 -1.154031131461078497e-01
-3.948204220969988576e-01 2.184466935447157976e-01
4.043988988970277920e-01 2.417945721726442732e-01
-4.440098395403520026e-01 -6.291152892872238500e-02
-4.386398777528087156e-01 2.884444215162404457e-02
-4.468466878799030040e-01 -4.589803060702913468e-02
-4.292762081048723810e-01 4.347775534207515280e-02
-4.342951579963973407e-01 6.248308846924040261e-02
-4.462745812290153657e-01 -5.869027764716490403e-03
