-4.118886059858155591e-01 3.929575746521536406e-01
3.355860765067815166e-01 -5.654363913662086016e-02
-4.265808698652376885e-01 -5.901161567601320712e-02
-4.806514282406353367e-01 -3.949306620848683780e-01
3.217385742065197451e-01 1.063821842365471060e-01
3.360339472537409167e-01 1.256752436624610780e-01
3.478752682277306274e-01 -4.568479957489823828e-01
-4.371655290074464295e-01 -3.542294914155433849e-01
-4.332888379032592274e-01 -2.049235464580184685e-01
3.357608927232247353e-01 -6.510275640619755944e-02
3.083529637314597061e-01 1.856180143801834381e-01
-4.472005460067552951e-01 2.988894220566630233e-01
3.855630803017975339e-01 -4.613291424310352884e-01
3.066498192374090825e-01 -1.473318958152598501e-01
4.083348461819465980e-01 3.221376747532584961e-01
3.964307072329792403e-01 3.609571397485206168e-01
3.477062486250558360e-01 -2.933365960772850167e-01
3.329529207716620531e-01 2.235991597535198494e-01
3.504123233257356862e-01 -6.188911142711195357e-02
-4.442660280597521272e-01 -3.902272445849019888e-01
3.748747889122160393e-01 2.079627965185772975e-01
2.876144707972284609e-01 -3.330805750568877066e-02
3.176242786800031470e-01 -1.065436391366208629e-01
3.880763275492298825e-01 2.373511456805451891e-01
-4.280042564011110051e-01 -8.392867811574075687e-02
-4.306514282406353478e-01 -3.946020844641682235e-01
2.717385742065197562e-01 5.638218423654710321e-02
3.619804387034792903e-01 -4.068479957489823939e-01
3.918988029861448785e-01 -4.300055653677937184e-01
3.740663012525424214e-01 2.965906656744580761e-01
-4.485942715756933707e-01 -3.604805476652770402e-01
2.857608927232247464e-01 -5.467351299078047899e-02
3.736918335161166782e-01 -2.288944742648490460e-01
3.073517237903156119e-01 1.460096540468447668e-01
3.915547872232034154e-01 -3.784100825832637516e-01
-4.302818963554679299e-01 -4.494544146624435688e-01
3.500273700602061222e-01 -4.231008173218754886e-01
-4.370289325923396029e-01 1.901904594876427726e-02
-4.380241519925440197e-01 2.192496622899162140e-01
3.665417151142021934e-01 3.650633873461203716e-01
-4.297323684326819770e-01 7.590544119269386492e-02
4.202916405808999056e-01 3.298823019833314607e-01
3.833824920146770010e-01 -3.083571118048932802e-01
3.426630887399447212e-01 1.785804584783386717e-01
3.630441870094738288e-01 -2.433365960772850278e-01
3.157557637540548967e-01 1.735991597535198605e-01
3.004123233257356973e-01 -1.188911142711195079e-02
-4.318758361917245936e-01 -4.245757731025461001e-02
-4.308956445133211299e-01 -3.402272445849019999e-01
3.155427840625353864e-01 2.238846690121895078e-01
3.290608904282628089e-01 1.999664055509818850e-01
3.295878424973941456e-01 2.569758585475395013e-02
3.235344731331220580e-01 -1.769175819541570979e-02
3.321278941991896438e-01 -2.052194339077009488e-01
3.759293175014395971e-01 3.795370733800445540e-01
4.032533993492589119e-01 -4.437081504495629103e-01
3.380763275492298936e-01 1.873511456805451725e-01
3.119804387034793014e-01 -3.568479957489824050e-01
3.549705315872729305e-01 -3.800055653677937295e-01
3.954290431044136245e-01 -4.118908338610677844e-01
3.240663012525424325e-01 2.782305293356105436e-01
3.730422510248067036e-01 -2.177733952806731321e-01
3.382499026263524056e-01 -1.788944742648490571e-01
3.415547872232034265e-01 -3.455145157911817533e-01
3.202927085714618594e-01 6.652570040167971044e-02
3.815135090310239341e-01 3.150633873461203827e-01
3.702916405808999167e-01 2.971886120014553545e-01
3.263111273728623862e-01 1.948393715846093721e-01
3.798470585576094738e-01 2.626416828511003998e-01
3.516787063957032000e-01 -2.633756954917002568e-01
2.926630887399447323e-01 1.285804584783386550e-01
3.051009617160638232e-01 1.238090023636432557e-01
2.745265697154824491e-01 -1.354120854272712615e-02
2.978419317997416660e-01 1.499664055509818961e-01
3.020098022086254996e-01 7.885953266385612587e-03
2.768888380529779258e-01 -4.837498439390005428e-02
3.820236855111138197e-01 2.181265359114345770e-01
3.062771875638499730e-01 -3.006246177543010489e-01
3.561281606543447720e-01 -9.718776189982018809e-02
2.910889621999226407e-01 -1.552194339077009322e-01
3.532533993492589230e-01 -4.042827768708509573e-01
3.342407693916203404e-01 1.004713166272233754e-01
2.914425522149588499e-01 1.373511456805451836e-01
3.111747945276344685e-01 -1.528182521590389260e-03
3.471409913063345232e-01 1.447656552352527826e-01
3.171047187301000436e-01 -3.300055653677937406e-01
3.454290431044136356e-01 -3.618908338610677955e-01
3.230422510248067147e-01 -2.053671968429109373e-01
2.882499026263524167e-01 -1.709504683046084994e-01
3.205818244265173922e-01 9.779547479301872737e-02
2.935887776492415724e-01 2.099555342603408314e-02
3.532036443145441518e-01 1.311142968993132540e-01
3.517815541198702767e-01 1.565494209080201815e-01
3.581758518111011202e-01 9.959251404543725816e-02
3.315135090310239452e-01 2.878528060767236996e-01
3.202916405808999278e-01 2.838799252792119088e-01
2.972552056984759106e-01 1.448393715846093555e-01
3.298470585576094849e-01 2.126416828511004109e-01
3.016787063957032111e-01 -2.459984343582201638e-01
2.932408813347165411e-01 7.723419463903236082e-02
3.331988959927290050e-01 -1.164759924155180787e-01
2.799568507571731368e-01 -6.724905726383498261e-03
3.320236855111138308e-01 1.726258195573769361e-01
3.061281606543447831e-01 -1.470496663292391870e-01
2.842407693916203515e-01 8.142170712563970292e-02
2.745146316670245001e-01 -3.283009476122820958e-02
3.057638427877520937e-01 1.056956878345443329e-01
2.705818244265174033e-01 4.779547479301872459e-02
3.596430707232979307e-01 -6.303034571338451963e-02
3.032036443145441629e-01 8.111429689931325127e-02
3.017815541198702878e-01 1.065494209080201787e-01
3.081758518111011314e-01 1.170448588830323156e-01
2.737422643812726375e-01 9.483937158460935268e-02
2.850937108199079750e-01 2.723419463903235804e-02
2.893363229856096286e-01 -9.967233348871362697e-02
2.820236855111138419e-01 1.628084936190142828e-01
3.096430707232979418e-01 -1.303034571338451686e-02
2.710346307861921100e-01 6.450920594399395247e-02
3.444776858799661889e-01 2.086546657568044694e-01
3.339863957093472946e-01 -1.710078266353653453e-01
3.520950600715251899e-01 8.741639572786487344e-03
2.807079277090581138e-01 3.696965428661548592e-02
2.991388135119618097e-01 1.586546657568044805e-01
-4.299216343493336701e-01 1.432225852486287282e-02
2.839863957093473057e-01 -1.429514235474874106e-01
3.020950600715252010e-01 5.874163957278649012e-02
-4.390150700444466203e-01 -1.271879288942909941e-02
-4.278856908860125263e-01 -1.776396700255930550e-01
-4.314188753544121457e-01 -2.712281425681047353e-01
-4.345030874647924368e-01 -1.362349485553103201e-01
-4.227704605774976754e-01 -2.590546962059085689e-02
-4.421133388243404516e-01 4.849801970972725251e-02
-4.267327396881589463e-01 1.194647860008826723e-01
-4.360130296954208839e-01 3.543258389081808263e-02
-4.427061154112512109e-01 -2.031593119601265152e-01
-4.424403554468470667e-01 9.995812492904151969e-02
-4.396409333452651058e-01 -3.186615099935728446e-01
-4.259044888476588020e-01 -4.254399349438350159e-02
-4.286789677011578203e-01 2.198717237453629569e-01
-4.381029550473211076e-01 -1.327744809265238302e-01
-4.424309642712064838e-01 -2.888165101389402606e-02
-4.296433340642609178e-01 -1.080632964528190493e-01
-4.305516410668298599e-01 -2.290320018570376481e-01
-4.433438085554570196e-01 -1.098710138630943078e-01
-4.296219413239978357e-01 -1.711308972351590491e-02
-4.321890048955960850e-01 -1.241082580327319135e-01
-4.331977952949684352e-01 -1.120221685315146293e-01
-4.352353789796244432e-01 -1.654555511774687404e-01
-4.429520286691956965e-01 2.150625214885267811e-01
-4.362072009868607214e-01 -1.116684483302068376e-01
-4.326135242590523067e-01 -1.004759680460494686e-01
-4.366112539032151463e-01 -5.173826849133493500e-02
-4.405995457351956635e-01 -6.915421590504394755e-02
-4.403520273144247987e-01 -1.293494131260685687e-01
-4.287797161887387798e-01 -6.246405015894956197e-02
-4.283657140223083859e-01 1.687097973292982500e-01
-4.298475868327150673e-01 8.139904059786655377e-02
-4.372450843560858891e-01 -1.121366436572526215e-01
-4.358819924684585456e-01 -9.516427194812959733e-02
-4.350372142768687556e-01 -2.998271955200346173e-01
-4.388513929530395430e-01 6.865199242212990938e-02
-4.244443556035860099e-01 -6.654026444270760843e-02
-4.287741563294650837e-01 4.193492190814161746e-02
-4.401083082625087406e-01 2.332621943810394560e-01
-4.363037266320263230e-01 -9.931137475963718042e-02
-4.436416732367424176e-01 -2.098643466109923472e-01
-4.230948508391081941e-01 -5.553380576739369578e-02
-4.375627357463653944e-01 -1.191944017081751767e-01
-4.430745801085290703e-01 -5.273896731911194985e-02
-4.347764351109875136e-01 -8.766693873838736495e-03
-4.324004402434218353e-01 -8.739505695862924417e-02
-4.297052938033435465e-01 -1.895821544846777451e-01
-4.398853357194497105e-01 3.466579738650508308e-02
-4.445593143332862707e-01 5.627647157976430059e-02
-4.299653522626480928e-01 -2.753043559429507042e-02
-4.424868427376815738e-01 -1.847035652248739668e-01
-4.471463605963019172e-01 -1.803522843796660502e-01
-4.282488060557574916e-01 7.636103558277317072e-02
