-3.423302711508432461e-01 -6.397375039001508557e-02
-3.390179396640711218e-01 -4.682409040746718376e-02
-3.519065958299932850e-01 -3.119317415187206066e-02
-3.614007372900635562e-01 -2.383872683439795803e-02
-4.129822394746001657e-01 -3.865579830488952151e-02
-3.280607932332608168e-01 -5.406984605209547157e-02
-4.102656002880371577e-01 -4.300136834480725034e-02
-3.500678173800974569e-01 -4.911583511736418439e-02
-3.401060852557181713e-01 -5.066388940484564674e-02
-4.325343891833935972e-01 -5.399331224049319644e-02
-4.286186042603704061e-01 -3.803236113617972786e-02
-3.932361355781632262e-01 -5.030193179437102147e-02
-3.938522131171967033e-01 -4.242639086673705151e-02
-3.307263975113957089e-01 -6.178241554033015587e-02
-3.930246110257611392e-01 -3.007724508941769445e-02
-4.082286588579581155e-01 -4.660383174999127576e-02
-3.528438653914873213e-01 -4.182669019041691805e-02
-3.298996825095162344e-01 -4.938978713070882320e-02
-3.312800028944260511e-01 -1.158510860777269003e-02
-3.982660939246729925e-01 -4.087911778158871690e-02
-3.288458473722564168e-01 -4.077186006590589884e-02
-4.309296228288618247e-01 -3.754013629832940457e-02
-3.510539081897098290e-01 -3.018241781474831353e-02
-3.436607671515393703e-01 -2.642211461480138343e-02
-3.629376141165721603e-01 -4.452537958468225088e-02
-3.262762493067525305e-01 -7.939724453743415844e-02
-4.034259015471161058e-01 -4.190588743496560103e-02
-3.783078274500380478e-01 -4.546612447032123000e-02
-3.847892836389438798e-01 -4.696989378013761984e-02
-4.319129885166096416e-01 -4.241736112315874080e-02
-3.499532940952779780e-01 -2.856091108263415432e-02
-3.461481961971216714e-01 -4.655477453323159098e-02
-4.269056301446824131e-01 -5.786280430802109159e-02
-4.218599457767859828e-01 -6.334944121783184223e-02
-4.087176148413045329e-01 -3.574525633381028800e-02
-4.397953589661073859e-01 -6.020836352221169141e-02
-4.391134124736253419e-01 -3.321117277242822269e-02
-4.134005417852934516e-01 -3.984857519042721286e-02
-3.654142006502215656e-01 -3.163440114386275454e-02
-3.637913965437588049e-01 -3.239713038514637627e-02
-4.185976241072564830e-01 -5.644987100033133087e-02
-4.157608593548729470e-01 -3.754848232984441675e-02
-3.811419803819046104e-01 -4.149967303401273788e-02
-4.002768809721491960e-01 -4.441155971126718727e-02
-3.612110193901870714e-01 -5.534378269278580204e-02
-4.357407509150260094e-01 -5.985197599503147559e-02
-4.035647451582906609e-01 -5.136048745919837011e-02
-3.302891052676620309e-01 -5.254229690631210398e-02
-3.903892067677289246e-01 -4.758723509653334932e-02
-4.193945918450061039e-01 -6.869030328081349168e-02
-4.422615481883961364e-01 -5.438855977385742557e-02
-3.782963058944874835e-01 -2.085940703459902845e-02
-4.134234696870686676e-01 -5.067429433058123073e-02
-4.361991291776944335e-01 -5.180081678673003481e-02
-4.449580021409019204e-01 -5.880138707185795371e-02
-4.438767620812699155e-01 -4.244298622488233003e-02
-4.016217569870990101e-01 -4.814975212039505209e-02
-4.247572586612579082e-01 -4.745462652167567463e-02
-4.209168129824443216e-01 -3.367587966024281065e-02
-4.151425041057133503e-01 -4.454091932091214928e-02
-4.353999995698658587e-01 -4.105353341470927009e-02
-3.367704804604161328e-01 -2.755060918192430569e-02
-3.774605051855035587e-01 -6.006677800182087801e-02
-4.370151623436477339e-01 -5.436657768349568987e-02
-4.431392310854100902e-01 -4.832294515683270564e-02
-4.196310374834799628e-01 -5.300299444562651952e-02
-4.090146052386277042e-01 -3.849106448063949193e-02
-4.292465286723524676e-01 -4.520450463473377201e-02
-4.172283248256250521e-01 -4.122896288951044541e-02
-4.410885995117578839e-01 -5.841208870747893744e-02
-4.190406551087446085e-01 -3.949169841058314256e-02
-4.381055327644133857e-01 -6.235246334762378773e-02
-4.369887135617963603e-01 -2.773504491338310216e-02
-4.262342425322920847e-01 -4.812560099236087852e-02
-4.195405866078387169e-01 -4.073374070639008276e-02
-4.266889257268219882e-01 -6.363300352324442744e-02
-4.440958276980814246e-01 -4.614004119591006564e-02
-4.440310652682161185e-01 -4.466508697887446727e-02
-3.994520064607637866e-01 -5.110582003068656065e-02
-4.257467494805777242e-01 -5.020220233607518290e-02
-4.141307877530944204e-01 -4.690338141695795521e-02
-3.918430150088005881e-01 -5.720159030579025083e-02
-4.338240887856256167e-01 -3.094577289154436944e-02
-3.266784691938559582e-01 -3.587013999353735189e-02
-4.263578479419625200e-01 -5.460621175185334519e-02
-4.048569744981498908e-01 -4.340631793163955005e-02
-4.044063468612121848e-01 -5.771520944535585285e-02
-4.151228221581839128e-01 -5.063129394768228764e-02
-4.057720380451579345e-01 -4.603490063401342175e-02
-3.998090846923872399e-01 -4.011587684783832902e-02
-4.249179458052536051e-01 -5.840023220311036517e-02
-4.093729494584200101e-01 -5.445919956502340287e-02
-4.331279161337321937e-01 -8.000024103980457602e-02
-4.111411398436232156e-01 -5.060168454528411741e-02
-4.319688167785498134e-01 -4.963000482301097721e-02
-4.374272382843921170e-01 -5.105327210016612216e-02
-3.704076842169787831e-01 -5.851326882557100761e-02
-4.044363889190726313e-01 -5.170925549636978119e-02
-4.244105916969344028e-01 -3.516677714461981935e-02
-4.211303083254713253e-01 -5.771785934190083733e-02
-4.296332033994105237e-01 -4.738321448375630573e-02
-3.842347463451797340e-01 -3.245381236255871077e-02
-3.826103632131326315e-01 -4.935637194079709605e-02
-3.925217673323337930e-01 -5.368157538770269160e-02
-3.932236942482510988e-01 -4.775522347781648025e-02
-4.364729168823838767e-01 -3.362346603915743193e-02
-3.973821052240159024e-01 -4.134370313939782215e-02
-4.315795147498873718e-01 -6.063892301989677602e-02
-4.042920900974928955e-01 -5.177404652985203443e-02
-3.781367135047700723e-01 -4.630268791552144547e-02
-4.420038245156113210e-01 -5.673683380466791604e-02
-4.189942380563474456e-01 -4.386798938390385622e-02
-4.265914058332377912e-01 -3.819732403912120405e-02
-3.401126408166041948e-01 -2.513739854370924953e-02
-4.415345900268400348e-01 -4.984641499280592636e-02
-4.438492642803290034e-01 -5.766425212812158890e-02
-3.947615751716030963e-01 -6.691280184386856622e-02
-4.054232842769409650e-01 -3.391544984296498977e-02
-4.090994496424266713e-01 -4.885047746221711507e-02
-3.908444975002044464e-01 -2.279918896829419284e-02
-4.048676650336321403e-01 -5.668870142238969373e-02
-4.331005419448621940e-01 -2.630732275205567572e-02
-3.996267905154307631e-01 -5.772711132264490841e-02
-3.937716607546146164e-01 -4.395100118933698008e-02
-4.321374298047085394e-01 -4.717649771674804066e-02
-3.738377667237430813e-01 -2.654401430176742127e-02
-4.016459160572557474e-01 -5.356654753390120011e-02
-4.085786998532626169e-01 -4.043082952631158605e-02
-3.957621750293096041e-01 -5.075277311917041762e-02
-3.706606064871718620e-01 -2.086806191871978799e-02
-4.438407091019235251e-01 -5.149952587063613696e-02
-4.174483021456016352e-01 -4.011473810096313763e-02
-4.169270838261423529e-01 -4.168952541584401011e-02
-3.998511213350370297e-01 -4.739420122110245964e-02
-4.167625937564976568e-01 -4.310813953902414841e-02
-4.059774111125646345e-01 -3.631070676241016093e-02
-3.804965946851520120e-01 -5.995568364688873275e-02
-3.844319299738764850e-01 -4.022467455928455810e-02
-4.240271560933918105e-01 -4.728374240275227958e-02
-3.904891496779554494e-01 -4.793311203354801847e-02
-3.848024114252069916e-01 -3.565598775282097233e-02
-4.287714702695342717e-01 -4.167447598402383713e-02
-3.802622959593770502e-01 -3.129914066939028239e-02
-3.966865882170094171e-01 -4.424297117490671311e-02
-4.049614291151640844e-01 -3.615591413574356650e-02
-4.104720695943863684e-01 -3.256905886043626186e-02
-3.923367018198247735e-01 -5.340240372677404479e-02
-3.651640293054281283e-01 -6.009156323592729221e-02
-3.886996969201809149e-01 -3.922915353855381537e-02
-4.224702623928783263e-01 -4.858291707281617994e-02
-3.836692425317752009e-01 -4.264015956502075627e-02
-4.028655239401799371e-01 -4.053381396501122558e-02
-3.845424717830853156e-01 -4.645335145166254454e-02
-4.145297873741641825e-01 -4.211544663678788714e-02
-3.612016341828636623e-01 -1.995959449934281774e-02
-4.005509067005212920e-01 -5.966232668006028750e-02
-4.213722584585098407e-01 -4.696689308540602514e-02
-4.309198683540567676e-01 -5.575317187633171967e-02
-3.811605038756991637e-01 -5.283991866282455874e-02
-4.127737245319295090e-01 -3.389047787957710778e-02
-3.756484267219774020e-01 -2.784321306013020844e-02
-3.832778010142831038e-01 -3.973696881325947117e-02
-4.005807257507699726e-01 -4.537266598586819216e-02
-4.414538191194580796e-01 -3.943194135271121947e-02
-3.477929144722371468e-01 -3.102844438872624094e-02
-4.052005853283063841e-01 -4.477788248403941074e-02
-4.156326806346233305e-01 -4.811383802104503282e-02
-4.338519361164537291e-01 -6.224185672588254670e-02
-3.980904304839597008e-01 -4.141923837243562112e-02
-4.072300441646106162e-01 -3.430653929688387560e-02
-3.705120180094059190e-01 -1.983526122347961662e-02
-3.902369934187492340e-01 -5.317956479885824900e-02
-4.117848096390115398e-01 -5.129633286855748292e-02
-4.326475012176386747e-01 -6.298598426759793867e-02
-3.888756688351067137e-01 -3.768355115047267168e-02
-3.881855508988130699e-01 -4.878578169507950812e-02
-4.380417353702844574e-01 -3.846943086052305449e-02
-3.997751225443442191e-01 -4.299217779918079740e-02
-3.549526656112504952e-01 -3.935644486134002445e-02
-3.977212991923150809e-01 -3.088706403849306864e-02
-4.027668466572468797e-01 -5.181032669329665996e-02
-4.416896260968724008e-01 -3.363262956465123271e-02
-3.724753114795946174e-01 -5.549992739852567525e-02
-4.366153275593838701e-01 -7.115000937797616443e-02
-3.950981976759428971e-01 -5.157481109074618653e-02
-4.130875392645799726e-01 -5.715463385613254316e-02
-3.854587899609397406e-01 -4.387978409826782250e-02
-4.426116858503301166e-01 -6.683000545453673946e-02
-3.875352996729651278e-01 -4.392975815273917478e-02
-4.195502281726747329e-01 -6.013232180203909732e-02
-3.757252177532573456e-01 -2.479487308098226456e-02
-4.229844082444015885e-01 -4.632627565361446820e-02
-4.318751643528306872e-01 -5.660289114025403301e-02
-3.807985795073876023e-01 -3.671038062509739131e-02
-4.074099631058117343e-01 -3.906572515851666066e-02
-4.346458895715075155e-01 -6.603633328575390926e-02
-3.732509379174034359e-01 -4.665048782309840630e-02
-4.180480174741901256e-01 -3.287287143864243977e-02
-4.063491056330869600e-01 -4.739877182651976856e-02
-3.526258678885308417e-01 -4.005324639675086895e-02
-3.951429082797249248e-01 -5.336018682640997213e-02
-4.011090554443380030e-01 -4.333823840053688259e-02
-3.657751432985871798e-01 -5.301011369845424342e-02
-4.061862261386747219e-01 -4.746025097682109173e-02
-3.493437937533347415e-01 -5.636956675800974120e-02
-3.747421388747673721e-01 -2.997363639091177312e-02
-3.730629427557395350e-01 -3.850510265197041454e-02
-3.932926577000622759e-01 -4.101943192650593650e-02
-3.866316192920496442e-01 -4.828709374051361192e-02
-4.052872762802144924e-01 -4.668338715127558214e-02
-4.044327166473060120e-01 -5.539496854564064654e-02
-4.271068961325398261e-01 -6.294033391815187506e-02
-4.394706768772655980e-01 -5.094711243362688713e-02
-4.401170265899769785e-01 -5.388976804922654407e-02
-3.812048421908182383e-01 -1.918954935268565865e-02
-4.031710599833429054e-01 -4.625010680637436228e-02
-4.120540947264665355e-01 -5.505003164441698432e-02
-3.847858568036479077e-01 -2.777032977690127580e-02
-4.244618801659083007e-01 -5.056393857413257753e-02
-4.046897590772379205e-01 -6.189619560272177634e-02
-3.665782937294232435e-01 -4.455609191249056134e-02
-3.726778788082405480e-01 -5.201726360973769892e-02
-4.016528636773263883e-01 -5.388284487340781054e-02
-3.927571790339650093e-01 -4.639472105020784470e-02
-3.953586200006518614e-01 -5.892522562678571829e-02
-3.705446682849146134e-01 -3.305325100152464723e-02
-4.087143730532903363e-01 -3.654390822222908924e-02
-3.671034458840292669e-01 -3.111160914300673680e-02
-4.361091910450586862e-01 -5.419549432843918241e-02
-3.766227109695695074e-01 -5.179404588897199013e-02
-4.306493054911508800e-01 -3.582981682673747059e-02
-3.975642349752847027e-01 -4.935923547613067092e-02
-4.160800073576695901e-01 -3.461568959449035782e-02
-3.855403775610880546e-01 -4.219725296528953340e-02
-3.930347504370114708e-01 -4.385524670555870919e-02
-4.071482202608374124e-01 -4.033186146778210135e-02
-3.559915433695589604e-01 -3.686254794575959809e-02
-4.044337953661588658e-01 -5.500662614224054170e-02
-3.751045890707025432e-01 -4.039461404643687747e-02
-3.773096488590200748e-01 -2.896068649306311055e-02
-4.277457250326328619e-01 -5.565267920509305716e-02
-4.263216470669575209e-01 -5.271728184746012069e-02
-3.929781735826413103e-01 -4.562911051607931173e-02
-4.009964871382077356e-01 -3.781585743313949088e-02
-4.143650741134299320e-01 -4.362353603957624254e-02
-3.963010213635427825e-01 -3.947768738454986853e-02
-4.196265397166193956e-01 -5.038492050346452672e-02
-3.821412466361212568e-01 -5.351825479894409265e-02
-3.835776668248719878e-01 -3.894234085803684187e-02
-3.963602091316698606e-01 -4.860392216524647702e-02
-4.230095181879731658e-01 -4.166043439020623157e-02
-4.167838150680253095e-01 -4.786101931501795387e-02
-3.478424670302719401e-01 -5.161536338527113188e-02
-3.799387040673261051e-01 -3.709742838235477458e-02
-4.205289399802882855e-01 -3.933980407547067737e-02
-4.105659086644960487e-01 -6.519137336936632610e-02
-3.897516591926167284e-01 -6.179989828564096122e-02
-3.571998598967348060e-01 -2.673461324905500314e-02
-3.948577987577025494e-01 -4.806410793768601392e-02
-4.055532036178626787e-01 -4.672405605710910209e-02
-3.715378285128125846e-01 -4.004781161533293998e-02
-3.985832218099482072e-01 -3.057467525609449191e-02
-3.343421168277256883e-01 2.343286096912637617e-03
-3.863866215839230622e-01 -4.217738557665446503e-02
-3.792418971342210177e-01 -4.174799656072440690e-02
-4.347918722281972626e-01 -4.469636811144502009e-02
-3.473580321997766784e-01 -3.540904881782998281e-02
-3.995038374336528086e-01 -3.921316905635963829e-02
-3.974429497800632261e-01 -3.760054860875287897e-02
-3.920812163423273433e-01 -5.156645360297673619e-02
-3.881686394954868558e-01 -4.309533679878750634e-02
-4.342292752903665343e-01 -6.565071674804190405e-02
-4.258837437457317909e-01 -3.771546321833203763e-02
-3.740005582958719765e-01 -5.107520390730720117e-02
-3.991406218843909226e-01 -5.693186914956186589e-02
-3.925058701135466510e-01 -4.549122062841111369e-02
-4.256312799404997627e-01 -6.184869319326269377e-02
-3.893699018882238461e-01 -4.167847434215697644e-02
-4.058554810016753445e-01 -3.854912605934327635e-02
-3.978277494406929349e-01 -5.154103377651926554e-02
-4.209489605513380139e-01 -6.289783091926992586e-02
-4.204828604413310966e-01 -6.390648282703918770e-02
-4.099814189275279852e-01 -4.407397810827296675e-02
-3.862890780256620915e-01 -4.913160597641524907e-02
-3.980179913095355237e-01 -3.925851761127768097e-02
-4.165617099758802677e-01 -5.470697310972631039e-02
-3.665306128000691555e-01 -4.713381310851968986e-02
-3.872255203929182987e-01 -4.683480605897770432e-02
-4.085056756329920047e-01 -4.790334410531877501e-02
-3.504284429408783819e-01 -4.278754253023750453e-02
-3.915618652845855308e-01 -4.927918791822107070e-02
-3.856664818792300276e-01 -4.191657851042870919e-02
-4.301131231458386606e-01 -6.799728455401911342e-02
-4.334897901587883573e-01 -3.811266501231444503e-02
-3.667720631798676023e-01 -4.582451932785294724e-02
-4.427019724165620618e-01 -6.134375877740983612e-02
-4.224552885690916471e-01 -4.832354459547495706e-02
-3.821882356313733298e-01 -3.836998918904675759e-02
-4.119596528434080751e-01 -5.439499289482466193e-02
-3.856566553291382315e-01 -3.364801837412992325e-02
