-4.107402282380184788e-01 -9.242803197029558770e-02
-4.026506626767414887e-01 -1.103014338454163801e-01
2.685073906071659966e-01 -2.953608381224366863e-01
-4.025375063859793490e-01 1.920107326000371206e-02
-3.881398499650620670e-01 -6.573783736517363474e-02
2.767735847674159810e-01 -3.406611689981154933e-01
-3.817598314438504503e-01 -3.079892673999629071e-02
-3.749223363139220777e-01 -2.636736318025145048e-03
-3.804976566027586937e-01 -6.192404592446015821e-02
-3.831267364165813483e-01 -9.405075982421490233e-02
-3.928346388822011037e-01 -6.768062130699550871e-02
-3.933001116523529017e-01 -8.240557039894431945e-02
-3.763298882485243690e-01 -8.073254015713136889e-02
-3.785937546407023846e-01 -7.568043645040381517e-02
-3.978076597078650800e-01 -4.656110780460792631e-02
-4.064391243376513918e-01 -8.251093344562739074e-02
-4.141879787308399008e-01 -8.201573225546708590e-02
-3.994626031208537986e-01 -3.073254015713136611e-02
-3.806344081032271842e-01 -5.466211263764519934e-02
-3.900443792106808027e-01 -6.693158815030737785e-02
-3.789176026997818636e-01 -3.204195164281567476e-02
-3.821161960099088151e-01 1.424137970017783951e-02
-3.712873612059822692e-01 -2.461043658554143421e-02
-3.815229504433867991e-01 -8.225233678519515423e-02
-3.960232603803045537e-01 -5.141172469645792498e-02
-3.747965821373128725e-01 -2.299013213557473886e-02
-3.733391093956714424e-01 -7.158295779658629954e-02
-4.015057543069539547e-01 -7.297085855146977218e-02
-3.763298287275997911e-01 -2.020010460739441252e-02
-4.137311104441039888e-01 -1.365434019483576650e-03
-4.079209169510647492e-01 -5.344591309987126171e-02
-3.862049954460501366e-01 -5.885031646729235733e-02
-3.794974299283500607e-01 -5.291425565194059211e-02
-3.895922526307062927e-01 6.927323243747503939e-03
-3.894017812675726331e-01 -6.568220945222015550e-02
-3.736818073270868346e-01 -4.427491039213556773e-02
-4.132089279870463927e-01 -6.458134787800048904e-02
-4.065140789889408746e-01 -3.091764869260607909e-02
-3.873260034143819475e-01 -3.150673323212158788e-02
-4.093068072702149562e-01 -2.142921680278533220e-02
-3.952812136931379006e-01 -6.837009263709439844e-02
-4.173334784067021519e-01 -5.857797143432533910e-02
-4.084363311018162634e-01 -9.074117000041539288e-03
-3.876003663057801529e-01 -4.400628948794120532e-02
-4.084315353423583761e-01 -2.725216091104912253e-02
-3.792242242445496569e-01 -5.775591045620122321e-02
-4.128136058740593528e-01 -5.824700124047590966e-02
-4.171615287404905059e-01 5.629568394274234167e-02
