-4.248085792246394377e-01 -1.848457792816338152e-02
-4.115547907659600213e-01 -5.616842070551497645e-02
4.922091577243448146e-01 4.757925618563337844e-01
-4.196791349608862687e-01 -5.874916994140000348e-03
-4.166603133894981048e-01 -5.088893994986889296e-02
-3.889101613128728707e-01 -5.587491699414000312e-02
-4.123768660234191641e-01 -8.864980275748055027e-02
-4.259226293018948395e-01 -5.667349422363906347e-03
-3.976981642599018429e-01 -1.111865729397812225e-01
-3.356360844085473638e-01 -2.439410367902595800e-01
-3.874291908275936391e-01 -7.045980609082908019e-02
-3.885054970392589069e-01 -1.325088237660229477e-02
3.401743311535275205e-01 -2.247038224046166155e-01
-4.371207420361408746e-01 -1.379991578907077687e-01
-3.564919562747663750e-01 -8.946201932482905628e-02
-3.622917400290285861e-01 -7.325593182745096521e-02
-3.593000742527996394e-01 -6.414377131265056042e-02
-4.061731872322192904e-01 -3.248707040632067139e-02
-4.228583940648251160e-01 -9.823930500404835786e-02
-4.359302863635797776e-01 -1.238719912239623494e-01
-2.894075166138380673e-01 2.600921730292827805e-01
-3.692679427126114300e-01 -6.463128272152302012e-02
-3.644024870851932940e-01 -3.759601803801434355e-02
-3.728583940648251271e-01 -4.823930500404835509e-02
-4.341631109174613479e-01 -4.587889578059206608e-02
-3.794178382015505613e-01 -1.283160988826012039e-01
-4.118312603657763860e-01 4.121104219407936697e-03
-3.862774379002981706e-01 -1.340693001141796820e-02
-3.863688761517027892e-01 -8.068864017704556468e-02
-3.751262670166971569e-01 -8.359386050242390009e-03
-3.872308382508493629e-01 -3.645120170300369250e-03
-3.982149973557935208e-01 -1.139714934781807104e-01
-3.917550198539409556e-01 -2.390329912834267614e-02
-4.333309778715019878e-01 -8.183462093310758800e-02
-4.094572266971598928e-01 -7.332415949435897029e-02
-3.594572266971599039e-01 -6.000899199670951811e-02
-3.615830192157921674e-01 2.813119153518603421e-03
-3.996910802181166678e-01 -3.794429172607978462e-03
-3.651852689712445921e-01 2.346658769057720709e-02
-3.894934535372174822e-01 -8.591832216214605883e-03
-3.766496029165470327e-01 -2.139377601843409429e-02
-4.087429634162543790e-01 -2.976143250740662105e-02
-4.062689349579748921e-01 -5.818481184830298983e-03
-3.587429634162543901e-01 3.858286696013804584e-03
-3.797481776459102898e-01 4.684490616959841036e-02
-4.127290130159486092e-01 2.715144573912244008e-02
