4.114898120592772601e-01 3.404756239859427769e-01
-3.362496947859606178e-01 2.907300897946811236e-01
-4.227928018280997513e-01 -8.141601510521867535e-02
-4.219382732355691501e-01 -4.622664157914778416e-02
-4.460964267027725527e-01 -3.177752808940373930e-01
-4.219212780286376585e-01 -1.220197182313525336e-02
3.387134932818816613e-01 -7.079760870952235552e-02
-3.759157060228220382e-01 -3.105145486313824477e-01
-4.306701611069060909e-01 -1.446655577131639170e-03
-4.198263538773526204e-01 -5.351993978882544495e-02
-4.324650539035956864e-01 -1.039923876577228817e-01
-4.080367432157440688e-01 3.553218057334321667e-02
-4.396265134611656578e-01 -6.507214877139132214e-02
-4.187021607633956144e-01 -3.569792809055302024e-02
-4.247126379742710567e-01 -6.585768300299862932e-02
-4.331630901703510950e-01 -9.440359219327837392e-02
-4.114572837726263588e-01 -3.902331880603476799e-02
-4.178260640623794875e-01 -5.332420051683185724e-02
-4.296675033495847007e-01 -6.128658205264274350e-02
-4.279952989336118785e-01 -1.831463257664037170e-02
-4.154432444187499129e-01 -7.670551141521692040e-02
-4.180232539873603437e-01 -4.010485128593040127e-02
-4.351115134694307773e-01 -1.102533497115033984e-01
-4.359735241605296463e-01 -2.828362935680839296e-03
-4.377994625152425989e-01 -1.044419208328174475e-01
-4.248048258244633280e-01 -2.076224737233854645e-02
