-4.310812892100746030e-01 -1.785684639918438954e-02
-4.415203391520026166e-01 -3.845880297998611752e-01
3.047812023614915322e-01 -1.212097317715349343e-01
3.295351432461716135e-01 2.277669138719891073e-01
-4.341866547161136736e-01 -2.101703724343916280e-01
-4.411496890968165663e-01 -3.778536407741979186e-01
-4.088299271890595277e-01 1.231584992390470090e-01
3.168549225605217790e-01 1.684884590478205046e-01
3.104733967689946028e-01 1.274141179823138625e-01
-4.094540949351372916e-01 -2.219044649985025819e-01
-4.294103114757912287e-01 3.315849923904699847e-02
3.159259839230329492e-01 -2.515534126655122882e-01
3.098808361111118903e-01 1.210842251131520886e-01
3.003512615269112729e-01 -1.038800763258256876e-01
3.068287683593168280e-01 -1.059094670324621373e-01
3.071414588863564110e-01 1.309404594878048611e-01
2.980042290388131287e-01 -1.314291545144787021e-02
-4.266997742689436768e-01 -6.105131345061298731e-03
