3.839621602820023072e-01 1.206696639765849344e-01
-4.267197695503923138e-01 -2.673848582751156208e-02
-4.363990550162635262e-01 -7.673848582751156833e-02
-4.428423581430105949e-01 -8.434045699024474152e-02
-4.372443348382299422e-01 -2.804212628337724583e-02
-4.140375971957245826e-01 -1.651529793460653206e-01
-4.209229903667797701e-01 -7.070381548427573382e-02
-4.380825082291976980e-01 -1.804348207943863927e-02
-4.290415217808101200e-01 -3.789891003859645335e-02
-4.340840011388325537e-01 -6.700429751110734133e-02
-4.346553209984040378e-01 -3.167745991403812106e-02
-4.390355860958672918e-01 -1.019810442588956062e-01
-4.233530515594473576e-01 -5.097455805077858587e-02
-4.185298141124302318e-01 -6.144275936302776020e-03
-4.257169843874131221e-01 -5.783855385979073949e-02
-4.215644002184671946e-01 -1.184454534819287877e-02
-4.401227821550918740e-01 -3.617310911640559540e-02
-4.255319707151503650e-01 -2.064284066492143646e-02
-4.367543514036270613e-01 -8.802257657881747133e-02
-4.255400605898285171e-01 -7.211359362090717651e-02
-4.447418445217211636e-01 -4.622353891562556993e-02
-4.319438751456512460e-01 -3.802257657881746855e-02
-4.348461637267366786e-01 -6.706797264292287120e-02
-4.456025214526379008e-01 -4.880190838382422736e-02
-4.426223443681585046e-01 -7.218660323334311069e-02
-4.470639490376371872e-01 -4.887893325095858665e-02
-4.408750127608282443e-01 -5.274726200539231469e-02
-4.333019241811721933e-01 -3.434095124941602406e-02
-4.300094045474751048e-01 -3.096805590021378327e-02
-4.322268276397988052e-01 -3.996082159849170812e-02
-4.216469072962504838e-01 -6.312765043665996556e-02
-4.281944528062881505e-01 -6.221301200610954152e-02
-4.090635862268622303e-01 8.459443059280541410e-02
