3.644726628669230362e-01 -2.804133239818676904e-01
-4.447131724583370804e-01 -2.944965885740566947e-01
-4.477935344216414371e-01 2.226455966959856037e-01
-4.421873723589315741e-01 -3.206568400039211397e-01
-4.239312475252018930e-01 -3.786831891117780069e-01
-4.434705322958450435e-01 -2.544496588574057250e-01
-4.799427014115416612e-01 2.280225316275855119e-02
-4.814193311081484405e-01 -1.428872562232185589e-02
-4.700168879310410719e-01 8.666153555380123885e-02
-4.761340760610514034e-01 -1.611364693121333791e-01
-4.812361738091034402e-01 -1.157445283514404039e-01
-4.395316887990076138e-01 7.405809083580280894e-02
