-4.072098725703179323e-01 2.074355446988125351e-01
-4.045065614680674049e-01 -5.952259679563842720e-02
3.167799911431974369e-01 3.736573573872080667e-01
1.336470453317326612e-01 -1.560150592869929964e-01
2.189338955841478862e-01 2.461774734181134683e-01
2.634022354220714179e-01 -2.246776845988450733e-01
1.541961738042627594e-01 -2.063450613810180467e-01
1.618955947134766982e-01 6.967135326120710292e-02
1.599703452516928470e-01 1.867429385298914335e-01
1.771528111931202076e-01 -1.372055365947727479e-01
-4.145422460469876391e-01 2.714984793537676966e-01
1.851624152152869796e-01 9.697041751210999649e-03
1.535737801840145744e-01 1.497863942172986684e-01
2.881320858286322562e-01 -3.226985634931530678e-01
1.259866227837047603e-01 2.902825994284208289e-02
2.304319375277944504e-01 7.826774305385730823e-02
3.836927061953665508e-01 4.382721305194600125e-01
2.427521801340187801e-01 1.701843545939559776e-01
1.902179956118125181e-01 -2.299115224116268230e-01
-4.467940194704870804e-01 4.080487401427430605e-01
3.295977506388566569e-01 3.978997765889437099e-01
2.840262212804702813e-01 2.995192847543755033e-01
-3.813660074995826599e-01 -1.009986738067752271e-02
2.362746639535207860e-01 2.282464122405318541e-01
-4.124005077341570402e-01 -3.745187003983384555e-01
1.498123745474864155e-01 -2.123642280270403859e-01
-4.482515008579954219e-01 4.491482722846308340e-01
2.975957731653791072e-01 -4.671891031437305219e-01
2.298053856154426144e-01 -2.557160506266047406e-01
1.589877298636105107e-01 -2.578054595509500779e-01
2.053242862214132158e-01 1.792906107332289389e-01
2.041782508002857321e-01 -1.060800195705326743e-01
2.974140600283455838e-01 2.734167149467915392e-01
2.688669785015190827e-01 1.238639500900188539e-01
3.555579391814925327e-01 4.059364494291873293e-01
2.497871595830927216e-01 -1.844830779656961295e-01
-4.125582949080537909e-01 -3.758679275327045377e-01
-4.095450777012427657e-01 1.956972662092025805e-01
2.059033640364410223e-01 -4.680566256768818878e-01
2.457802876518248025e-01 3.864467068277056550e-01
2.094889865306141241e-01 -7.702480177350948254e-02
2.177873255602632008e-01 -3.883517022693883103e-02
2.795977506388566680e-01 3.637662046673038052e-01
-3.878241663870088396e-01 1.416255076071128993e-01
2.234384505242540953e-01 2.506781056377311856e-01
1.862746639535207693e-01 1.791324985680375070e-01
2.294330935837416985e-01 -1.484664177286534048e-01
-3.931907478678466350e-01 9.348553649336231730e-02
2.050809915117080551e-01 -3.896009868772425389e-01
2.562306756041141664e-01 -4.171891031437305331e-01
2.084178677689285941e-01 -2.520249079005013604e-01
1.771202308906527634e-01 -2.078054595509500890e-01
1.659822816026740311e-01 9.267615925777709929e-02
2.342717325649086857e-01 -6.344588811852437671e-02
2.621035611098405105e-01 2.883846791912184071e-01
-3.912522113123600986e-01 1.750869558881029686e-01
2.279303015628501294e-01 1.629646266272503086e-01
3.216104476950583102e-01 3.559364494291873404e-01
2.152307890797673373e-01 -2.257893891617224758e-01
-4.031515337493919993e-01 -2.988956653060209634e-01
2.004303481369044682e-01 -1.369870298486903504e-01
-4.163359124801974676e-01 4.625149995133862046e-02
2.307029463314594075e-01 2.530670281737049110e-02
1.348860516217608163e-01 -1.144680539837524685e-01
1.517360927400885351e-01 -1.829433867493740207e-01
2.176668543601280037e-01 -4.243510975956566456e-01
2.570156889557976831e-01 -5.088681891572181815e-02
1.677873255602632119e-01 -3.577440903419493862e-02
2.295977506388566791e-01 3.137662046673038163e-01
2.108624391679402854e-01 2.026410535080152009e-01
-3.965604972475204049e-01 -1.760371148311608291e-01
1.407670607635837234e-01 -2.690637136853835099e-02
1.734384505242541064e-01 2.006781056377311967e-01
2.530488410386448339e-01 2.854797029725613181e-02
1.362746639535207804e-01 1.291324985680374904e-01
1.662312896149350516e-01 -3.116651661079797297e-02
1.794330935837417096e-01 -9.846641772865340203e-02
2.588780144984753062e-01 -9.733462643376915302e-02
1.744349283657423144e-01 -3.532276809427887243e-01
2.477890876946318155e-01 -1.724937333457330357e-01
2.062306756041141775e-01 -3.671891031437305442e-01
1.950440954800069793e-01 -2.020249079005013715e-01
2.146445895576647445e-01 -1.180255587111794791e-03
1.468679804652711085e-01 1.224949583108986828e-01
1.845274941828720372e-01 -2.775445449393046382e-02
1.842717325649086968e-01 -9.819091674608880493e-02
2.121035611098405216e-01 2.690137995051276043e-01
2.398746364180736612e-01 1.494336752560746495e-01
2.716104476950583213e-01 3.059364494291873515e-01
1.504303481369044793e-01 -1.249306597125193624e-01
2.628767289645022043e-01 5.719375745402419109e-02
2.780226305388283081e-01 -2.283976482811633513e-01
2.768535511931403681e-01 1.691616248918998422e-01
2.070156889557976942e-01 -2.810066460797145532e-02
2.476794641751949855e-01 6.847180006711603428e-02
2.765576123181570645e-01 -2.019278248099956041e-01
2.667187929931241763e-01 -2.813605975193601005e-01
2.801482968844979937e-01 -2.299227551364051436e-01
2.030488410386448450e-01 -2.145202970274387097e-02
2.510683944991720651e-01 -2.682165659329420471e-02
2.123496101544748160e-01 -9.717545164812360636e-02
1.977890876946318266e-01 -1.341273254370696499e-01
1.630511008802769668e-01 -3.257929609236363544e-01
2.045473159492978144e-01 -1.520249079005013826e-01
1.422524913850936878e-01 -1.611655756443207410e-01
2.536551757258689310e-01 -1.268815959333701171e-01
2.690924181539385285e-01 -2.911387425994017564e-01
2.403938775799354666e-01 2.082827298144830364e-01
1.342717325649087079e-01 -1.068192943241952353e-01
1.621035611098405327e-01 2.260460206118408699e-01
2.221739343880238526e-01 -1.528028768294454887e-01
2.309596034540009613e-01 -1.330324186269538633e-01
2.186557879773917690e-01 2.439184385550753620e-02
2.216104476950583324e-01 2.559364494291873626e-01
2.128767289645022154e-01 1.838063874809306442e-02
2.264157340657671491e-01 -1.564608805315598899e-02
2.673460017712226966e-01 1.124760675412346672e-01
2.268535511931403792e-01 1.588721538557009427e-01
1.570156889557977054e-01 7.100876059737269708e-03
1.677484908831494703e-01 -3.360219808149141063e-02
2.265576123181570756e-01 -1.716246088595981267e-01
2.301482968844980048e-01 -1.968200461533667345e-01
2.022193570543260877e-01 -1.000446943099248809e-01
2.010683944991720762e-01 2.317834340670579807e-02
-4.114853152809758718e-01 1.679371893783805914e-01
2.357920471966286069e-01 3.786950969600230699e-02
-3.954629714632061366e-01 -4.155846516344370578e-02
2.966750520599336638e-01 2.951179589555018024e-01
2.416411248519607091e-01 -1.802040873445276414e-01
2.461137774490608776e-01 -1.064818249265451627e-01
2.036551757258689421e-01 -7.688159593337011433e-02
1.903938775799354777e-01 1.582827298144830475e-01
1.932627632835017262e-01 -1.820228255396628136e-01
-4.169953545366338887e-01 2.445108899625402649e-02
1.398746364180736834e-01 5.883886137980340325e-02
1.716104476950583435e-01 2.059364494291873737e-01
1.628767289645022265e-01 3.017826579340628090e-02
1.876638603215197154e-01 -1.811195473048733129e-01
1.764157340657671602e-01 -2.374222529897086417e-02
2.305201798761364884e-01 1.561423567279033864e-01
2.173460017712227077e-01 1.183975506488185170e-01
1.768535511931403903e-01 1.337433749031039787e-01
1.476794641751950077e-01 4.986873730110402692e-02
2.462133945590265216e-01 1.835911350737375325e-01
1.765576123181570867e-01 -1.361718348928841749e-01
1.667187929931241985e-01 -2.005783935362298598e-01
1.801482968844980159e-01 -1.805454408822014245e-01
1.522193570543260988e-01 -1.042848669314530713e-01
1.510683944991720873e-01 4.325679758291914312e-02
1.857920471966286180e-01 -1.213049030399769579e-02
-4.131520727268067072e-01 -6.771091160951352161e-02
1.536551757258689532e-01 -6.408300287063520284e-02
2.401473972104822829e-01 -5.828558634665691185e-02
1.690924181539385507e-01 -2.128471581494627007e-01
1.432627632835017373e-01 -1.495219782976667799e-01
-3.927980124958370678e-01 1.846103882393210216e-01
1.309596034540009835e-01 -4.791513503748284775e-02
2.384059013303972407e-01 6.568253915324398506e-02
2.500000000000000555e-01 -7.561472481049028027e-02
1.264157340657671713e-01 -1.849635891638944443e-02
1.673460017712227188e-01 1.200513874085815946e-01
2.683692706195366928e-01 2.598992286039644162e-01
1.463292408433321812e-01 1.308596591936347364e-01
1.962133945590265327e-01 1.335911350737375436e-01
1.265576123181570978e-01 -8.617183489288417209e-02
-3.952724531955402743e-01 -4.188136170171322115e-02
-3.984936043284036389e-01 -1.784190632298812140e-01
-3.823974262089148146e-01 -9.784771535141689736e-02
-3.860019534176182820e-01 1.140255467830545849e-01
1.357920471966286291e-01 -5.965497089773195982e-02
1.966750520599336860e-01 2.073998819977896924e-01
-3.884102905722364163e-01 -1.410316562915148730e-01
-3.984242989658672296e-01 7.156550052733087752e-02
1.861605497313202351e-01 1.275650352975890300e-01
1.315864375976449341e-01 -2.228835650945373836e-02
-3.821276154133680381e-01 -1.018077441528260352e-01
1.901473972104822940e-01 -8.249657317194335204e-02
2.183595257819127833e-01 -1.880374719326646238e-01
-4.177194692241379403e-01 1.862362488275949579e-01
-3.816586482185116980e-01 5.986408244487209651e-02
1.884059013303972518e-01 6.402911246638266773e-02
2.205557939181493066e-01 -6.068773063253781602e-02
1.305201798761365106e-01 5.614235672790338083e-02
2.142362280825916843e-01 -1.590508338165119162e-01
2.183692706195367039e-01 2.395511047138735861e-01
-3.913897482069941813e-01 -1.429311653907916202e-01
1.462133945590265438e-01 1.301468487948268526e-01
1.614040917618708992e-01 1.730360183462874013e-01
-4.227104234306611197e-01 -1.478477153514168863e-01
-3.942284511601047980e-01 -4.113562079299520891e-02
1.466750520599336971e-01 1.660691037574408835e-01
-3.891881240551686161e-01 1.280606581081137896e-01
-3.893027471934116246e-01 1.295192202945882887e-01
-3.905535095550928260e-01 -1.671308321836668109e-01
1.401473972104823051e-01 -1.210841731630516172e-01
-4.011522611673965510e-01 -6.563894983934840527e-03
-4.174720222701157057e-01 6.954675454291353587e-02
1.683595257819127666e-01 -1.429712543635321964e-01
-3.965718931868243979e-01 9.864082444872093736e-03
-4.172717631282742978e-01 -1.291220771383985166e-01
1.384059013303972629e-01 1.885158983042150432e-02
-3.869701940883809588e-01 7.138621811257320204e-02
1.705557939181492899e-01 -7.256692875752415728e-02
1.683692706195367150e-01 2.067636767256790797e-01
-3.981190782206359691e-01 1.038754976960826193e-01
-4.214901582918756939e-01 -7.095049065241497421e-02
1.808141463552546124e-01 1.230360183462873985e-01
-4.207170043995877573e-01 -8.876435399085350064e-02
-3.923533690547897357e-01 -1.978477153514168752e-01
-4.191615013180349236e-01 -3.288526249650100541e-02
-3.920653830415299357e-01 -4.532433521235456481e-02
-4.094371467192429170e-01 -6.858792161240404028e-02
-4.095662870998239002e-01 -1.037877132973386712e-02
1.449736500438383591e-01 -6.491836746852668039e-02
-4.030242005044430975e-01 4.090861035641063514e-02
-4.073884272355692837e-01 -1.183871527014100644e-01
-3.890965879567057639e-01 -1.187751293976172517e-01
1.257535982747782222e-01 3.004552102101093469e-02
1.547145329491718679e-01 3.637400794127473858e-02
-3.830665750072648756e-01 8.401477878366099550e-03
-3.864099012013830770e-01 8.212517814703376717e-03
-3.906488515290393315e-01 -3.045324545708646968e-02
-3.967139181783398971e-01 1.103710022358183745e-01
-4.193203268951803397e-01 -5.542474374704734613e-02
-3.989917606996975508e-01 -8.051534704731207193e-02
-4.009506997570297382e-01 -5.180256832547384949e-02
-3.905984050604552893e-01 -5.552052923247193655e-02
-4.112746784438585101e-01 -1.722231895589547979e-01
-4.052580704406514855e-01 -1.215574700798675301e-01
-4.199403180687634185e-01 -7.482150188545999558e-02
-4.124766796666849422e-01 -1.417977438054314199e-01
1.432353817538614682e-01 -1.362599205872526420e-02
-4.123899412843956558e-01 -1.160794183572404215e-01
-4.212125394566751946e-01 -1.146244457902675373e-01
-4.214919647571788164e-01 2.606468375718422048e-01
-3.836256170524280362e-01 5.552588477342537687e-03
-4.076735513820857748e-01 -2.825853264723201530e-01
-3.898776920388883904e-01 -1.742438092258219440e-01
-3.835924165390622309e-01 -1.395416100506308710e-01
-4.142429493871389035e-01 -7.655154906416504479e-02
-4.252318996071028367e-01 -3.112477062195578847e-01
-3.890637309319414650e-01 -2.510805334648554266e-01
-3.816925976268920606e-01 -7.748119620133106511e-02
-3.979754411644297329e-01 -1.018076031223145439e-01
-3.940322238829951362e-01 -9.685769764323766406e-02
-4.207148585224872450e-01 -1.274811962013310818e-01
-4.203436461007043490e-01 -1.221526178617237945e-01
-4.019777777617152825e-01 -2.440354205082037320e-01
1.660632231051320795e-01 -8.926315265938300492e-02
-3.957117636935850169e-01 1.885146215481171839e-03
-4.061929790679321695e-01 -6.216855582355176879e-02
-4.085856025891312360e-01 -1.616307794191473302e-01
-4.042280440731395030e-01 1.966617376954131469e-02
1.720547496343761695e-01 4.731372043653083587e-02
-4.125102780422895132e-01 9.931774659912705194e-03
-4.178025523128076069e-01 -1.120691428524875632e-01
-4.035208373726326680e-01 -2.543535148120902312e-01
-4.015296815573453082e-01 -7.026130879989794797e-02
-3.997664406785832458e-01 1.369262215704629693e-01
-4.257030628426211605e-01 -2.457717102364991302e-01
1.432875738513022523e-01 -1.392631526593829938e-01
-4.112019617811161765e-01 -1.197541906102311121e-02
-4.171130001313622104e-01 -6.229637382246467486e-02
-4.150249770549925277e-01 8.629217622186273473e-02
1.501698727238898468e-01 9.731372043653083170e-02
-4.022246988426186887e-01 2.336947390841016825e-02
-4.106528466404490985e-01 -5.066128944648879556e-02
-4.222458321714476215e-01 -9.066078253353650196e-02
1.380169376419255189e-01 -7.142655464509145569e-02
-4.213802971662236607e-01 -4.697438272260977266e-02
-3.944319814411277880e-01 3.922886751163262575e-02
-3.915120855123090382e-01 -6.535651898290904815e-02
-4.063946680910608400e-01 -1.566758864269441331e-01
1.430554852466470461e-01 -5.598340662248250943e-02
-3.876609824690164241e-01 2.288544229656178444e-02
-3.817276700056148053e-01 -2.977217669948003381e-02
1.709715425569957592e-01 6.161524001633897352e-02
1.683365687239088138e-01 -5.983406622482506654e-03
-4.066175211834831549e-01 -8.509604954445050551e-02
-4.156375359280584658e-01 -2.036427150197228086e-01
-3.823844581376198426e-01 -1.758589545163661769e-02
-3.922871289623137137e-01 -1.667117460494426384e-01
-4.165829765699514686e-01 1.367028907361439449e-01
-4.192591407479114296e-01 -1.008439762673613294e-01
2.209715425569957481e-01 1.116152400163389763e-01
2.013607150551069980e-01 4.401659337751749612e-02
-3.855983387484422376e-01 -1.131783500069799137e-01
1.379845424027032474e-01 7.890918114521032478e-02
-3.946353979403217083e-01 -2.121556944314222093e-01
-3.982887412797730398e-01 9.413483452798687701e-03
1.280003676521840050e-01 -6.779471417018571866e-02
-4.077945446687591957e-01 -2.393217169853277260e-01
-3.931396213234736314e-01 8.845895306800279079e-02
1.927258567731985894e-01 1.522474349525431425e-01
-4.219809703373531562e-01 -1.101722305545515951e-01
2.401827082532455027e-01 9.401659337751749890e-02
1.879845424027032363e-01 1.289091811452103276e-01
-3.851497635019225374e-01 -1.621556944314221926e-01
1.753739006124879762e-01 1.027654202322442478e-01
-3.875915767830295788e-01 -6.014050003678690637e-02
