3.445694363552908035e-01 -2.768216426443093070e-02
4.246827320348910417e-01 -3.253016631148821780e-01
-4.464631469729091195e-01 1.823045780851396680e-01
3.442693634068774156e-01 4.196551201008291709e-02
4.235857899880692834e-01 3.375679537610849490e-01
4.379752784431638624e-01 -6.204528143852405808e-02
4.159844095968071587e-01 -3.298266341661445500e-01
3.877905818524359782e-01 2.611121171534760421e-01
-4.605097704477085774e-01 -2.970977529177415422e-01
4.281735249708739088e-01 -3.026220162027312144e-01
-4.307093551443699209e-01 1.652582337593324624e-01
3.225422118512111247e-01 -1.809936132423999311e-01
3.576192899564152317e-01 3.209747397264087754e-01
4.254153795792279258e-01 -4.832448363685171167e-01
3.289698030494482284e-01 1.990220162613555166e-01
2.936226309455238770e-01 3.723545436208675063e-02
3.912571998395591999e-01 -3.040647384678080156e-01
-4.594356770071866825e-01 -1.910901283728430045e-01
4.695961705188578250e-01 -4.583525466678641802e-01
2.988086196342539802e-01 2.101295711028183799e-02
3.723675650774580514e-01 1.338364952786321727e-01
-4.566975591916611066e-01 -4.313601375536602056e-02
4.052438212854263533e-01 2.445187428258277507e-01
-4.401373902167500241e-01 -2.876603545820789476e-01
3.475329888781785170e-01 -1.168274941588831606e-01
4.315887241562269550e-01 -4.120462400843586392e-01
3.854904084217822824e-01 7.301640449064816796e-02
4.174642873667558929e-01 3.885679731719197116e-01
3.788700929183753674e-01 2.184212995645156141e-01
-4.392867593390737957e-01 -4.318531051621462558e-01
4.230412859367947975e-01 -4.330159911781518156e-01
3.458518569087508654e-01 -2.038957626741164653e-01
4.007697909736335218e-01 2.458172131478255640e-01
3.105242213634215043e-01 -2.181210985090425991e-01
4.306978976530041470e-01 4.100561688011643557e-01
4.803562104561535095e-01 -4.296750241658928715e-01
4.156522889129000697e-01 -1.030737929829392829e-01
-4.524172960912217212e-01 -3.152163696079385291e-01
4.545153331231701621e-01 6.076130164909421261e-02
4.622877599251119518e-01 -4.775769157762460582e-01
3.113544864135199264e-01 -2.840854091309058527e-01
-4.679429607751325326e-01 2.739553948808048922e-01
-4.406307865644715771e-01 -1.412163502901643275e-01
3.926470543877207953e-01 6.487548353039503113e-03
3.746827320348910528e-01 -3.259263190001970290e-01
-4.404278166935032823e-01 2.283103736821366914e-01
2.994894456735441302e-01 1.357499401233790148e-02
3.028260676282740760e-01 1.589836833527646931e-01
3.399700872104386429e-01 3.726064162847132766e-03
-4.475038474634033814e-01 -6.036083439820323637e-02
4.641222757126108878e-01 2.875679537610849601e-01
4.150408249116985249e-01 -1.204528143852405531e-02
4.308738781860328992e-01 -2.798266341661445611e-01
3.749626457687456615e-01 2.696889044243884204e-01
3.781735249708739199e-01 -3.331308305153273808e-01
2.926627315382140937e-01 -1.569150719738373612e-01
3.744142331198810902e-01 2.709747397264087865e-01
3.754153795792279369e-01 -4.739735347468171933e-01
3.296237579939657603e-01 6.201553678108974454e-02
-4.476282743268378272e-01 3.726909313455316064e-01
4.094555041776399285e-01 -2.963981950004330179e-01
4.393181671159361312e-01 1.220000338186398164e-01
4.307342145280049217e-01 -4.510379568106788195e-01
3.606982224267850090e-01 1.711148071151907535e-01
-4.575740402639166815e-01 -7.443740464657036537e-02
4.403089804255424511e-01 2.447414317428837915e-01
2.975329888781785281e-01 -1.192109895898243177e-01
3.815887241562269661e-01 -3.620462400843586503e-01
4.104988714232806757e-01 4.144284562060270016e-02
3.674642873667559040e-01 3.385679731719197227e-01
4.032731966202562357e-01 2.565666382170872506e-01
4.273689439939546419e-01 8.471925575541851272e-02
3.730412859367948086e-01 -3.830159911781518267e-01
4.347973199838035541e-01 2.404820864393841240e-01
3.806978976530041581e-01 3.600561688011643668e-01
4.303562104561535206e-01 -3.796750241658928826e-01
3.812469595827173707e-01 -7.166979303774514976e-02
-4.406918322315910297e-01 -3.264347690074278496e-01
4.158166699139221323e-01 2.205298105839920142e-02
4.474066391897693062e-01 -4.471933814701335441e-01
-4.297449937717029989e-01 -5.487377968077970097e-02
3.081647295138125187e-01 -2.384087043258324434e-01
4.445768742426747244e-01 -1.085931990794614804e-01
3.431080056377423526e-01 -1.342771816624976911e-02
3.452842485967023700e-01 -2.759263190001970401e-01
3.397704140399895323e-01 -1.385445100336299418e-02
4.141222757126108989e-01 2.560802515195296225e-01
3.852261007794740011e-01 3.562973296284139280e-01
3.950241629064257243e-01 -2.323810676935336716e-02
3.808738781860329103e-01 -2.456100062077379853e-01
3.378977104317092972e-01 -3.716221523885532840e-01
3.879503022965884451e-01 2.209747397264087976e-01
3.418056583328987763e-01 -4.239735347468172044e-01
4.308750616955261403e-01 -5.251951284874845777e-02
3.657939878400721101e-01 8.536004417814685441e-02
3.334626280079054372e-01 2.353795615790618134e-01
3.594555041776399396e-01 -2.463981950004330290e-01
3.901396492921603842e-01 7.200003381863981367e-02
3.807342145280049328e-01 -4.010379568106788306e-01
3.106982224267850201e-01 1.369128341730480591e-01
3.903089804255424622e-01 2.576922639450878183e-01
3.523616684521978515e-01 -3.120462400843586614e-01
4.300246981473019314e-01 5.620268672962704104e-02
4.230978393148476235e-01 2.986173283322950955e-01
3.773689439939546530e-01 1.322632237307564407e-01
3.354904562309331539e-01 -3.330159911781518378e-01
3.847973199838035652e-01 1.904820864393841351e-01
3.803562104561535318e-01 -3.296750241658928937e-01
3.534954767288468469e-01 -4.528823019877783324e-02
3.910777553876499391e-01 4.951861920936752315e-03
3.974066391897693173e-01 -3.971933814701335552e-01
4.031889765837076700e-01 -7.429348233237480226e-02
3.174107654875785167e-01 -2.057251852338073950e-01
3.122357558392857557e-01 1.298845731506022630e-02
3.495654508112249204e-01 -1.433341465413081640e-02
3.736555985591137885e-01 2.060802515195296336e-01
4.210900769371077046e-01 3.361942008925532521e-01
3.877353452768323439e-01 -2.154927044213456738e-02
3.308738781860329214e-01 -2.452826765322942137e-01
4.017003102559251748e-01 2.048828826338843501e-01
4.107403638042882443e-01 -4.247470462367127636e-02
3.157939878400721212e-01 1.327687388125310397e-01
3.233041040531762222e-01 -2.853074073747774997e-01
3.094555041776399507e-01 -2.132800124611835546e-01
3.401396492921603953e-01 6.206912357132898794e-02
3.319270662290258467e-01 -3.510379568106788417e-01
-4.428057302723114597e-01 2.956101028140761255e-01
3.403089804255424733e-01 2.076922639450878294e-01
3.368312448623581035e-01 -2.688242794925372325e-01
3.800246981473019425e-01 8.062074875239777505e-02
4.411054569633034439e-01 2.915368276832857042e-01
3.273689439939546642e-01 1.822632237307564296e-01
3.472631384031871771e-01 1.404820864393841462e-01
3.303562104561535429e-01 -3.098928322655182255e-01
3.306980416606836171e-01 -3.133690632361450790e-02
3.752486379931675997e-01 3.178139729898955823e-02
3.644124040074679938e-01 -3.471933814701335663e-01
3.728295505634636742e-01 -2.429348233237479948e-02
3.476203053326191172e-01 -1.557251852338074061e-01
3.591913638837663236e-01 2.057355320785998060e-02
3.510331544610548749e-01 1.914778432476930969e-01
4.507420399348043283e-01 3.274978946947257885e-01
3.912245397274079495e-01 1.891274144433141569e-02
4.047845067829231591e-01 1.548828826338843334e-01
3.607403638042882554e-01 -7.906339611379573085e-02
3.425865478096153938e-01 -2.353074073747775108e-01
2.901396492921604064e-01 8.518657615090058366e-02
3.143478721482886318e-01 1.929286544306954843e-01
3.106242109782266225e-01 1.996115744853945995e-01
3.346555982158440634e-01 -2.188242794925372436e-01
3.300246981473019536e-01 1.124823546613111791e-01
3.911054569633034550e-01 2.415368276832857153e-01
3.248680582971822939e-01 1.201906731715542132e-01
3.094642350374732787e-01 2.065791208736096896e-01
-4.379035758328999606e-01 3.003271694242584666e-02
3.247398227122013648e-01 1.866309367638549488e-02
3.252486379931676108e-01 3.326229730471113449e-02
3.228295505634636853e-01 -2.504944461535194011e-02
3.770747424561860517e-01 -1.057251852338074033e-01
2.971714748432210396e-01 7.628017997638607273e-02
3.440841768685103386e-01 2.512758299146199414e-01
3.091913638837663347e-01 4.944504387090919995e-02
4.007420399348043394e-01 2.774978946947257996e-01
3.979632310804280815e-01 6.891274144433141846e-02
3.547845067829231702e-01 1.048828826338843306e-01
3.107403638042882665e-01 -6.518674542728880583e-02
3.637981023591526641e-01 -1.853074073747775219e-01
3.085874572238617719e-01 1.107880578308484409e-01
3.411054569633034661e-01 1.915368276832857264e-01
2.955253698607122059e-01 -1.142797008464347813e-01
3.197744861585610776e-01 1.349732334470342965e-01
2.997851366115913962e-01 4.377803230382827648e-02
2.986163852724177392e-01 1.793194312821569381e-02
3.270747424561860628e-01 -5.572518523380740052e-02
3.471714748432210285e-01 7.068465956215817803e-02
3.507420399348043505e-01 2.274978946947258107e-01
3.479632310804280926e-01 1.050247389941408593e-01
3.047845067829231813e-01 6.739786606473847919e-02
3.822433146826907380e-01 -1.361563979643370392e-01
3.158100306736707497e-01 6.491261405665682549e-02
3.299895505735226942e-01 -6.427970084643477855e-02
3.295408348215709826e-01 1.748584605020663540e-01
3.131008941551692848e-01 -2.548866407185245153e-01
2.836335413643888415e-01 -2.584417390781038742e-02
3.085256514249915538e-01 2.068465956215817525e-02
3.007420399348043616e-01 1.774978946947258218e-01
3.162366977376857013e-01 1.550247389941408760e-01
-4.289399947151068537e-01 1.150869809460570298e-01
3.322433146826907491e-01 -8.615639796433703645e-02
-4.528804514195744479e-01 -4.234162312712033693e-02
3.429937820048039598e-01 1.491261405665682271e-02
3.207445724951000221e-01 1.394235517460969964e-01
2.936907996550321975e-01 2.462181048605879830e-02
3.054742443892978776e-01 2.050247389941408649e-01
2.994974338927139934e-01 -3.615639796433703368e-02
-4.274827301864090323e-01 1.022239652695605128e-01
2.954197191687598090e-01 1.187921210641871006e-01
3.221991272161474629e-01 7.758141891891182085e-02
2.897201881016674418e-01 1.273735628605079245e-02
3.709198555475224923e-01 -1.109035908562043538e-02
3.667575030641933020e-01 8.942355174609699364e-02
-4.327068170637518030e-01 8.845082089035714856e-02
3.002108378470855765e-01 1.488818886638738348e-01
-4.627102661190243271e-01 1.347143721345256395e-01
2.954994069758339337e-01 1.415452941967053624e-01
2.899379560790370514e-01 -5.419987722614118958e-02
3.427442215569689310e-01 1.175587529915611551e-01
-4.450247549644639200e-01 -2.485851000169850278e-01
3.595211864114087330e-01 1.217024891334393538e-01
3.323272132592797190e-01 4.884304653866636953e-02
3.817394756091120889e-01 -3.076782176743351332e-02
-4.437638185770136912e-01 -2.883513736254146864e-01
4.099618869783490105e-01 8.148681345160371792e-02
3.249242418858463988e-01 2.332050126485193109e-01
3.355154435863481610e-01 1.450615028042398502e-01
3.433629975602864315e-01 2.833166300681819183e-01
3.758793420094226900e-01 1.189707126539748250e-01
3.095211864114087441e-01 9.723167885405006872e-02
3.762499018247419946e-01 9.884304653866637924e-02
3.952910138627729886e-01 -2.427392856024186002e-03
-4.370863173052474959e-01 1.787949364022761167e-01
3.599618869783490216e-01 9.734342558170566706e-02
3.715816469967486713e-01 1.832050126485192942e-01
2.877354909402775052e-01 2.015165920871046790e-02
-4.635611085138491294e-01 2.165863237040683287e-01
3.783591464381219627e-01 2.333166300681819294e-01
4.045733799438013811e-01 8.007934973565244974e-02
3.116722994065650454e-01 1.377709106566400721e-01
3.366336778146492570e-01 1.532733085696604547e-01
4.098492443163836985e-01 1.394470301481881835e-01
3.452910138627729997e-01 4.048468403577842878e-02
3.141952005866819331e-01 1.136569147637263300e-01
3.279590488025055928e-01 1.332050126485193053e-01
3.272278614189643164e-01 -1.488692627658347312e-02
2.867866943512682454e-01 9.357163695387431257e-02
-4.500000000000000111e-01 2.812553128611018360e-01
3.283591464381219738e-01 1.833166300681819405e-01
4.239581462235413323e-01 8.571188163313661623e-02
2.964406874156346738e-01 1.323768072028621012e-01
4.373090227693486876e-01 1.476781347226928665e-01
3.174765484164300267e-01 9.048468403577843155e-02
3.076971149515853043e-01 1.258901282637837904e-01
2.953443435206397072e-01 8.795019177721560832e-02
3.556409435768933536e-01 -2.954988993074156994e-02
3.667955642335319899e-01 2.839705857676949052e-01
3.739581462235413434e-01 3.846140847159566084e-02
3.873090227693486987e-01 1.759411875871300379e-01
3.065471109830130714e-01 1.404846840357784343e-01
3.332993977853153100e-01 1.254327326028599476e-01
3.056409435768933647e-01 -7.954988993074157966e-02
3.167955642335320010e-01 2.339705857676949163e-01
3.357428974344770500e-01 -1.153859152840434193e-02
3.382221892339772884e-01 1.941951918402529675e-01
3.140812947725740156e-01 1.855820459776168496e-01
2.975080668351413049e-01 1.457447084348168498e-01
-4.360763966626617361e-01 -3.909315639758460803e-02
3.249260895767124846e-01 2.107198921764934924e-02
3.091379466177007207e-01 -6.153859152840434471e-02
3.068688160247261543e-01 1.145579183509925492e-01
3.302327295384693273e-01 1.254700275425257028e-01
2.855621364250460203e-01 -3.984239595044462151e-03
3.568688160247261432e-01 1.471877260650318320e-01
3.803836122416814902e-01 3.343489025949124560e-01
3.186247904499620032e-01 1.276778990298851335e-01
3.942553558750540033e-01 1.152060231772882720e-01
2.884331571669879746e-01 1.196094053302129562e-01
4.254150407828137803e-01 3.390481026805797216e-01
3.677997431530297123e-01 1.776778990298851224e-01
3.193757189626353354e-01 2.068315069227916747e-01
-4.485316898642190964e-01 6.384610474689327020e-02
4.278088419331113057e-01 1.191056754294810283e-01
3.218488444819767036e-01 -4.632715364170262445e-03
-4.500000000000000111e-01 5.146919726105914084e-02
3.754150407828137914e-01 3.461717456156087058e-01
3.305627265468535914e-01 -8.467875402073223035e-02
-4.471935024838617490e-01 -1.789373154975750224e-01
3.264310550662735122e-01 1.567247986106819757e-01
3.778088419331113168e-01 1.380503957491780453e-01
3.652555008713200269e-01 -4.525191962048032146e-02
2.977480630329950584e-01 -2.143500329168275265e-01
3.805627265468535803e-01 -4.707019852660514897e-02
3.168187789268690491e-01 1.958512095501241945e-01
3.225727239477970132e-01 1.185067159033667133e-01
3.278088419331113279e-01 1.074069198810547188e-01
4.006798391480183574e-01 -7.946754993614325857e-02
