-4.286162292776217742e-01 -8.040916931262631628e-02
-4.176192187712501891e-01 4.940204834753137569e-02
-4.258733187042599844e-01 -3.190821761957566421e-02
-4.239347320176272693e-01 4.055575500118584198e-03
-4.344741467323777750e-01 6.050613155080575289e-02
-4.284670859982558921e-01 -1.902738665116872341e-02
-4.316841246168433011e-01 -5.157145101612280874e-02
-4.319384622800438445e-01 4.648811334305474885e-03
-4.327284824104080108e-01 -2.778169292675790325e-03
-4.346126607306615708e-01 1.319311385367135346e-02
-4.221424435853185497e-01 1.504232814901333530e-02
-4.348164277896541807e-01 6.231335402570122722e-02
-4.275611665715075560e-01 -3.221893827439631375e-02
-4.349851322113607588e-01 -6.081974842931846259e-02
-4.371860713684022626e-01 1.568411215486358035e-01
-4.371869884217368107e-01 1.577925935361588483e-01
-4.137256180925755200e-01 8.216672899968999189e-02
