2.487099320574416295e-01 -5.637694372637169771e-03
4.144137290281688646e-01 3.559914988123829005e-01
3.588212768139862341e-01 -2.564680806666967960e-01
-4.239580022930523606e-01 -6.430426337747108256e-02
3.095395108139331608e-01 -3.447696694117949878e-01
3.536564549918087552e-01 3.636789323670318597e-01
2.663421850067917429e-01 2.639002268282900632e-01
2.933510827522279873e-01 -2.621688371446557753e-01
3.460768689835009848e-01 -1.258993205829772588e-01
2.728658810424815506e-01 -1.028852566899530752e-01
-4.264050845398055234e-01 -2.627964071065351792e-01
3.206907259856626169e-01 -2.324520040286691680e-01
3.185289841460222648e-01 -2.582930850409868029e-01
3.154193582543673990e-01 8.012232404141317321e-02
3.694915128217497458e-01 4.366671290990530307e-01
3.168796139329286277e-01 -3.165063237651872807e-01
-4.391905011478922649e-01 -4.454862066210000249e-01
2.832888749182462806e-01 -3.936792052665479824e-01
3.051747099640013117e-01 -2.986149109633393639e-01
4.786013933723162195e-01 4.828720109001105598e-01
-4.416351669860557605e-01 3.949817500410771620e-01
-4.100841585778803866e-01 2.513397008452100678e-03
3.234864967186324991e-01 -3.720517921240451553e-01
4.001751588268320781e-01 3.352599840478507343e-01
3.002189513931988740e-01 -4.393353062326921243e-02
3.651844718584439375e-01 -4.213040095708375787e-01
2.202349502832725570e-01 1.293072823609607847e-01
2.324585125454507462e-01 -8.055437702299203528e-03
4.069468992356777282e-01 3.059914988123829116e-01
-4.213638190866307309e-01 -2.221733985029902825e-01
3.205692844560323329e-01 2.207613271551087109e-01
-4.177608331197024683e-01 -4.061307514230862864e-02
2.656163260942728255e-01 -3.004297534460388386e-01
3.536028939659622283e-01 3.516966102039066344e-01
3.106549226074430958e-01 -2.182200966957535404e-01
3.179544778975695873e-01 -1.358679806856704642e-01
2.228658810424815617e-01 -1.528852566899530641e-01
-4.317214705213159864e-01 -1.478277671796875414e-01
3.924002456962450980e-01 -3.474904807791831529e-01
2.654193582543674101e-01 1.286664823269942359e-01
3.020274078884102043e-01 -3.048093816385700761e-01
3.384717972722421919e-01 -2.665063237651872918e-01
2.360329933888144216e-01 1.278736561066669275e-01
2.577640004075456015e-01 -3.813293731132278430e-01
3.178727052338042314e-01 -2.486149109633393750e-01
4.286013933723162306e-01 4.436148648529575356e-01
-4.140465164262588926e-01 1.722915481015425410e-01
-4.401846290240253867e-01 8.410601437643719369e-02
3.010272159144417592e-01 -4.992557323042665085e-02
3.582831131118076606e-01 -1.508951573226293141e-01
2.833440288095667725e-01 -2.897173216700093534e-01
2.474959772458985019e-01 1.736293455741685365e-01
3.169889568396258572e-01 -3.220517921240451664e-01
3.501751588268320892e-01 2.852599840478507454e-01
-4.444577940164486374e-01 -3.761205720837210165e-01
3.054576762275947877e-01 3.390361174604255567e-01
3.291614429521958485e-01 -1.295279938895846014e-02
3.699483197910048426e-01 -3.713040095708375898e-01
2.369062156048807322e-01 2.141506128543938653e-02
3.569468992356777393e-01 2.798905239352523222e-01
3.426655502550655652e-01 -4.774071329735972424e-03
3.409269010915668696e-01 -2.565549179563565430e-01
3.067721869761583231e-01 4.567330612093972730e-02
2.705692844560323440e-01 1.707613271551087220e-01
3.659854673637358280e-01 -4.210322246048950334e-01
-4.158102480849928395e-01 9.386924857691374136e-03
2.392764351057135030e-01 -2.504297534460388497e-01
3.036028939659622394e-01 3.071924311538609675e-01
3.388679696884648318e-01 -2.062471421226083068e-01
2.679544778975695984e-01 -1.120300898788344074e-01
3.177620306488938007e-01 -3.547077400525076862e-02
3.071221592246158871e-01 -2.637045652153636177e-01
3.320180311406901730e-01 4.039458265006887205e-02
3.318873727095466020e-01 -2.742662317729487875e-01
3.534403000419055751e-01 -2.165063237651873029e-01
3.656431697870884956e-01 1.700522785795601510e-01
2.491377040919837693e-01 -3.313293731132278541e-01
-4.102243991994001804e-01 -2.952756263552816507e-02
2.678727052338042425e-01 -2.333020405291054422e-01
-4.150334541068992356e-01 8.330433444826942924e-02
3.822597012209290046e-01 3.936148648529575467e-01
-4.240264141740505144e-01 1.222915481015425382e-01
2.137419672367898704e-01 8.983204282788001538e-02
2.709420102056807611e-01 -3.046170287332895799e-02
3.819961245291888519e-01 2.905069079847268365e-01
3.082831131118076717e-01 -1.820340562727670031e-01
2.811072642952592293e-01 -2.397173216700093645e-01
2.876736098112251949e-01 -6.498404713864303073e-02
3.100614061479560757e-01 -2.720517921240451775e-01
3.066995787695855902e-01 2.352599840478507565e-01
2.346698451513535288e-01 -2.527360913565720457e-01
3.385554153193407467e-01 -1.608218231400906362e-01
3.183563061765742885e-01 -2.141776120427308500e-02
3.732830133437974318e-01 -3.363040095708375588e-01
3.241123486493415751e-01 2.753821781253183998e-01
2.926655502550655763e-01 -3.525862976065749499e-02
3.037833622645851328e-01 -2.065549179563565541e-01
2.567721869761583342e-01 5.482633479819223887e-02
3.322470599645938605e-01 -3.710322246048950445e-01
-4.171145346503707385e-01 1.083617516355014215e-02
2.536028939659622505e-01 2.571924311538609786e-01
3.191120320783276676e-01 -1.562471421226083179e-01
3.603857651304098741e-01 -1.403725929143890827e-01
2.879349788661793585e-01 8.167192938840349414e-03
3.277107408524181364e-01 1.345972619330493975e-02
-4.374235583738994571e-01 2.297851929435573357e-02
3.259291821639519471e-01 -2.474904807791831751e-01
3.374647844563031240e-01 -6.623348556383870656e-02
2.571221592246158982e-01 -2.706585655511568600e-01
2.820180311406901841e-01 1.382202574036192622e-03
4.010608537549473773e-01 -4.655696223662801891e-01
3.034403000419055862e-01 -1.924677485970406610e-01
3.156431697870885067e-01 1.398729455088674745e-01
3.088331155014202856e-01 -2.495725365821126890e-02
3.322597012209290157e-01 3.537515533717695004e-01
-4.306301308748187728e-01 7.229154810154253541e-02
2.637419672367898871e-01 9.312829629381895458e-02
2.209420102056807722e-01 -5.633163180230910116e-02
3.403608290549788307e-01 2.405069079847268476e-01
3.031995553941726484e-01 -5.878000022309988470e-02
2.600614061479560868e-01 -2.493952335737406600e-01
2.566995787695856013e-01 2.112321606471734003e-01
2.748934821967062847e-01 -2.027360913565720568e-01
3.009412277296106275e-01 5.511899108886886278e-02
3.232830133437974429e-01 -2.863040095708375699e-01
2.741123486493415862e-01 2.253821781253184109e-01
2.426655502550655874e-01 -8.525862976065749776e-02
2.837962803520359678e-01 -1.924563883973489098e-01
2.822470599645938716e-01 -3.210322246048950556e-01
-4.204795984797037867e-01 5.026520786540399077e-02
3.139943025833178969e-01 -1.527528288674312451e-01
3.212963398995438702e-01 -9.037259291438907993e-02
3.370539020321556833e-01 -7.716838394004442436e-02
2.722289908355648436e-01 5.816719293884035219e-02
2.777107408524181476e-01 -3.654027380669506303e-02
3.644962640612046667e-01 2.515552213858961439e-01
3.560126936236210349e-01 -2.950305071524234601e-01
2.759291821639519582e-01 -1.989185866074295594e-01
3.201488036828493700e-01 -1.623348556383870378e-02
2.320180311406901952e-01 -4.861779742596381015e-02
2.318873727095466242e-01 -1.830167625018186139e-01
3.510608537549473884e-01 -4.734690451810009693e-01
2.750454213198900155e-01 -1.424677485970406443e-01
2.805972999942240587e-01 8.987294550886747169e-02
2.822597012209290268e-01 3.037515533717695115e-01
2.284487203983216752e-01 4.312829629381895180e-02
2.903608290549788418e-01 2.209543921903618646e-01
2.311765031497853840e-01 -1.397173216700093867e-01
2.531995553941726596e-01 -8.780000223099881929e-03
2.311149005071377049e-01 -1.850745394292869495e-01
-4.292617952536181281e-01 1.858187744239740979e-01
2.925703939363133999e-01 -2.363040095708375810e-01
2.203481465117339833e-01 -6.806605387468644963e-02
2.638375676108655754e-01 -2.710322246048950667e-01
3.154498400111532819e-01 -1.027528288674312423e-01
2.725295475890992525e-01 2.393316621828784352e-01
2.620651995048055571e-01 7.006148143720181132e-02
2.712963398995438813e-01 -4.037259291438907716e-02
2.986613455064657807e-01 -2.716838394004442159e-02
2.346096806432190207e-01 5.420471505736961654e-02
2.222289908355648547e-01 4.780185298285632295e-02
2.277107408524181587e-01 -8.654027380669507274e-02
3.144962640612046778e-01 2.015552213858961550e-01
3.025071088178943324e-01 3.376651443616129900e-02
3.010608537549473995e-01 -4.762003572953054098e-01
2.250454213198900266e-01 -1.104383135876356031e-01
2.646069595360048265e-01 3.987294550886746891e-02
2.318649796167568389e-01 5.204479660295258797e-02
2.778126415248217684e-01 -1.034650417213684170e-01
2.609828823810110832e-01 2.860294420926166592e-01
3.001793676976599046e-01 9.547329279834097793e-02
2.120801836647261962e-01 5.172679864703126629e-02
2.756924102988698166e-01 -1.863040095708375921e-01
2.401323292444969837e-01 8.030620068100589870e-02
2.277972346157232097e-01 -9.078160760366608961e-02
2.259454339726374439e-01 -1.540623268674916613e-01
2.991563501576868789e-01 -1.686531961568948912e-01
3.448491888182163567e-01 4.190551617099788628e-02
2.120651995048055682e-01 2.006148143720180854e-02
3.136784443710392556e-01 -2.416022051541634741e-01
2.212963398995438924e-01 -4.088395428505016416e-02
2.388320429553001389e-01 -2.423879972168786479e-01
2.486613455064657918e-01 2.283161605995558119e-02
2.644962640612046889e-01 1.808978742514142368e-01
2.773605755434339071e-01 -2.349043339750764847e-01
2.882991665791503899e-01 3.417387604129510925e-01
2.146069595360048377e-01 -1.012705449113253386e-02
2.278126415248217795e-01 -1.063804480387293139e-01
2.529692244464703532e-01 2.360294420926166703e-01
2.085439684634563251e-01 7.060037669629686680e-03
2.583874010499868090e-01 7.630111885568383046e-02
2.256924102988698277e-01 -1.652856658221259212e-01
3.451470796052484302e-01 -1.186531961568948884e-01
3.073134212185696934e-01 4.138167746380339018e-02
2.438653876427491485e-01 -1.317733471319225136e-01
2.888320429553001278e-01 -2.247061597318187887e-01
2.170211810779121009e-01 7.283161605995558396e-02
2.367565569814610860e-01 1.396915598326962105e-01
2.330645744248502071e-01 1.608295383985213767e-01
2.273605755434339182e-01 -2.219751385574035285e-01
2.297644977962635393e-01 -1.266673916759927798e-01
2.601102470412217649e-01 -1.467625016225425905e-01
3.252450361582766569e-01 -1.940723160902686206e-01
2.573134212185697045e-01 -7.671798039713101369e-03
2.281470832353297840e-01 -1.472247613567158886e-01
2.421309694524304557e-01 -4.903201492578677934e-02
2.578124567511070331e-01 -2.103074136208880618e-01
2.312779710789905629e-01 -4.797538254502271837e-02
3.085439684634563307e-01 -3.497925318742797773e-02
2.582172914700746058e-01 -2.407816076036660702e-01
-4.203838464663736674e-01 1.300516259632357730e-01
2.373094352936256091e-01 1.065132010938973917e-01
2.706608537549473614e-01 -4.512565830560631985e-01
2.685260549185051193e-01 1.358934353548217622e-02
2.645903422338025113e-01 1.565132010938973806e-01
2.466082698728686018e-01 6.358934353548217899e-02
3.323922050429117814e-01 -1.847671703929632536e-01
3.000621189380585641e-01 1.343049187478796147e-01
2.395356319703411119e-01 -2.281067403910615465e-01
-4.378441530048188812e-01 -7.231494203156434153e-03
2.589608583261819308e-01 6.470181371955972816e-02
-4.380366981113273384e-01 2.765800440276544592e-02
3.219522361127266641e-01 8.430491874787961193e-02
2.895356319703411008e-01 -2.781067403910615354e-01
2.302031014326016978e-01 7.072581094705844562e-02
2.091816035897078319e-01 -5.365932506550104286e-03
2.688333306307520432e-01 2.578816622586628804e-01
2.390188780900722176e-01 -4.958217066572136178e-02
3.438334232198972940e-01 5.287965473104765807e-02
2.514185520747014291e-01 -2.457978913478476857e-01
2.473447787633253903e-01 -5.981713120649851528e-02
2.313424257739702949e-01 -1.661332612665997188e-01
-4.221771942363048979e-01 -1.072314942031564466e-01
-4.246431596954708398e-01 -7.924257614482302370e-03
2.785189392675717635e-01 -1.111039034932091996e-01
2.613385585040925996e-01 7.569235585033372293e-02
3.126451177419484195e-01 3.049452680541469007e-01
2.441063896659179111e-01 -3.476717039296325917e-02
-4.235000998730450994e-01 -9.180362781341946943e-03
2.309965117129557655e-01 -1.935400853979892810e-01
2.938334232198973051e-01 2.879654731047655292e-03
-4.095945942797101225e-01 -1.193939245291172624e-01
2.358891183262142865e-01 -2.419279852151198507e-01
2.131645214853479797e-01 -9.695006555505807089e-02
2.266206987526436234e-01 4.749365690710026511e-02
3.274628306367218245e-01 -6.943309266258937407e-02
3.071469665486890044e-01 2.569235585033372016e-02
3.446560057788035647e-01 3.424767812222964114e-01
2.648157263970884467e-01 3.959582494646070316e-03
2.514174110464930667e-01 -9.346093579453269851e-02
2.319333308708801666e-01 1.988475829715285470e-01
3.500281476116722246e-01 2.678983317520564761e-02
2.500878513569081418e-01 -3.580608462590596786e-02
3.014174110464930556e-01 -4.346093579453269573e-02
2.245263527486600630e-01 -1.852599655188864325e-01
2.461611431712065756e-01 2.262887866661857095e-01
2.580152588072040509e-01 -1.148721683452236242e-01
2.256658821734001119e-01 -1.608658429718012595e-01
3.075541943889212870e-01 2.092752420335176194e-02
2.403628515645678254e-01 -8.580608462590597063e-02
3.514174110464930445e-01 6.539064205467307045e-03
2.273079106046660414e-01 -1.197910086628367343e-01
2.257627160660538590e-01 -8.308118295825715760e-02
3.364830950361487605e-01 2.592422080813326923e-01
2.213410302519316364e-01 -9.799590528086435381e-02
2.640039053336338815e-01 -3.178340201934534703e-02
2.419818841935343912e-01 -2.870511513439878981e-01
2.797687636540033829e-01 5.781163751543878099e-02
2.214397236983413064e-01 -8.041837707507829003e-02
2.496251519289675591e-01 -1.358060846259059873e-01
2.266766082631661572e-01 -2.072357939628901025e-01
2.204966964195874957e-01 -1.042921489302358756e-01
3.820191125925995190e-01 2.441326856893461794e-01
2.222866580091912014e-01 -6.935718904418328168e-02
2.300314320052073147e-01 -1.140266074128818835e-01
2.932506001871695855e-01 -4.084063167329276406e-02
2.578290065929015884e-01 -2.863496354623206175e-01
2.297687636540033940e-01 9.876691922371877430e-02
2.389815492057736634e-01 -9.941714029402008712e-02
2.619843809585594152e-01 -1.727863840087158209e-01
2.663618367040019308e-01 -1.211573051130781509e-01
2.690216283097655592e-01 -1.185587632534100822e-01
2.558098765727506718e-01 -1.488799233149114276e-01
2.722866580091912181e-01 -5.875475722985964988e-02
2.432506001871695966e-01 -8.764524992582668761e-02
2.483774525392393739e-01 -1.463800296029690584e-01
3.078290065929015773e-01 -2.642716341527165946e-01
2.520415043283664724e-01 -1.937850315825097869e-01
2.157871706391287780e-01 -1.048819329937497949e-02
2.889815492057736801e-01 -1.054867313464568634e-01
2.343467209686823649e-01 -8.080958054155792936e-02
3.028520282381982343e-01 -2.227863840087158098e-01
2.270076154389585876e-01 -9.806064922426252495e-02
2.847027319589221506e-01 -1.380306881356786752e-01
2.358944755096665236e-01 -8.754757229859647105e-03
2.226888246125179882e-01 -7.602965249973171746e-02
2.923696239432304611e-01 -9.638002960296905564e-02
3.539952572157863964e-01 -2.142716341527166057e-01
2.527272536036672124e-01 4.768732067377387529e-02
2.911140481089428689e-01 -2.068629913052920932e-01
