-4.562566967322010392e-01 -4.003822479758605279e-01
-3.565754548978232741e-01 -9.192759565404118316e-02
4.284940098914316042e-01 -4.232165387846003046e-01
-4.199795004907923568e-01 -4.711703745995210468e-02
-3.929248326163310434e-01 -1.170633680625123851e-01
-4.254559142183832465e-01 -5.091338164001280031e-02
-4.523777231798440379e-01 6.133805454395259427e-02
-4.478279279789073031e-01 -2.242141838431715994e-01
3.762880789339796972e-01 -8.947227306445640349e-02
-4.097713719848289915e-01 -3.369815853200000544e-02
-3.429248326163310545e-01 -6.706336806251238236e-02
-4.080163169397784673e-01 -4.993790058392581777e-02
-4.141445255035977047e-01 -2.822318545524990507e-02
-2.753680741780846764e-01 -3.416673107291346989e-01
-4.023777231798440490e-01 1.133805454395259149e-02
-3.977682917591250367e-01 -1.215307822960963804e-02
-4.002447394687617122e-01 -3.812746833187709294e-02
-3.641445255035977158e-01 -4.126260338568263353e-02
-3.673777231798440179e-01 -2.366194545604741184e-02
-3.391316722461594213e-01 -9.845514569534143112e-02
-3.612538837387337942e-01 -6.434743041268972674e-02
-3.629997163555372941e-01 -3.858787665538029876e-02
-4.357815320187339303e-01 2.406255097194970327e-04
-3.477682917591250478e-01 -3.602336004319640905e-02
-3.872153785119892833e-01 -5.104175380811537543e-02
-3.345478467071715811e-01 -8.531437337178732205e-02
-3.474227436597503438e-01 -7.171716929475983882e-02
-3.339353751126187264e-01 -8.715050737415944160e-02
-3.857815320187339414e-01 -3.873066434769809746e-02
-3.866771982639025107e-01 -7.867758797580136354e-02
-3.530632637342247526e-01 2.368811609124804596e-02
-3.357815320187339525e-01 -8.873066434769810717e-02
-3.762197524960673722e-01 -2.631188390875195682e-02
-3.284204085037108478e-01 4.509328888682342940e-03
-3.543816804302633017e-01 -1.169269112666018323e-01
-3.373831513618188449e-01 -9.071360145075041403e-02
-3.518522198717928262e-01 -1.174979883147085763e-01
-3.560438239448009412e-01 -1.023945882206725860e-01
-3.935984805110814833e-01 -1.214525858699024574e-01
-4.324184337692949520e-01 -1.348924237113844904e-01
-3.947144858116172772e-01 -1.332912354558019874e-01
-3.271242292926549444e-01 -1.312583890755490978e-01
-3.723930100896263862e-01 -4.574612926331743379e-02
