-4.142649785820927688e-01 -1.708407819508628300e-01
-4.355704657744911001e-01 -2.469484607914873564e-02
-4.224466995882653064e-01 -6.454289651176045584e-02
-4.293793948771168489e-01 -3.061374111330573966e-02
-4.274894730818107336e-01 -3.517268505567068548e-02
-4.310194145272925326e-01 -1.461353703640784485e-02
-4.212660957230174308e-01 -3.902885517459305648e-02
-4.283209354264437829e-01 -2.208603879098563691e-02
-4.380108979046631879e-01 -2.782087960844326080e-02
-4.298471077881390046e-01 -7.004556433656847214e-02
-4.302890970658186931e-01 -3.074264354190808096e-02
-4.425831921267990854e-01 -7.330066203496103661e-02
-4.462174290432461277e-01 -7.692074507412248463e-02
-4.267992397899522672e-01 -5.694647631260237736e-02
-4.446697459103085559e-01 -2.235186349898614366e-02
-4.366962734937933632e-01 -2.388459255743338727e-02
-4.449543588468398703e-01 -6.985763554612035853e-02
-4.365216039180127572e-01 -2.632046531620543806e-02
-4.245425106852497854e-01 -2.340209112589086704e-02
-4.378686936508887073e-01 -6.782032142708258049e-02
-4.218476987969360659e-01 -2.616337922320609299e-02
-4.454370624861207495e-01 -5.393992026048119448e-02
-4.395336461357689517e-01 -3.320638377419571352e-02
-4.476209189322277737e-01 -1.677120452182569998e-01
-4.350527428923489093e-01 -5.881060911845641115e-02
-4.281452570253326262e-01 -8.744075691334993183e-02
-4.405844999580330601e-01 -7.459202292116497157e-02
-4.396605891262960197e-01 -5.596100814029678072e-02
-4.326086027355722230e-01 -7.305298137758328703e-02
-4.419811378958496961e-01 -6.657487228989984740e-02
-4.328476797628533213e-01 -5.586820883200849241e-02
-4.372762572452910668e-01 -5.386925025843572468e-02
-4.317812119551864281e-01 -3.802362828005255435e-02
-4.238116036922197627e-01 -7.112878249712939471e-02
-4.412465052959011480e-01 -7.880627753009827874e-02
-4.219582525272783657e-01 -2.594361095444802645e-02
-4.406838254416393652e-01 -7.996516218870415582e-02
-4.447425938185652350e-01 -5.896188370305158882e-02
-4.463745527382627087e-01 -1.095853983436763796e-01
-4.303124946601444845e-01 -4.126779657021777126e-02
