-4.035830366366884303e-01 -6.018121263214079586e-02
-4.358741565562264664e-01 -5.663284203794272803e-02
-4.135817586689589098e-01 -2.537812946754707671e-02
-4.237757759158338189e-01 -5.414390227477251794e-02
-4.507435129213873681e-01 -5.147356810838901731e-02
-4.062563557583013796e-01 -3.286581102982283342e-02
-4.591874461961130138e-01 -4.684719868285387723e-02
-4.251245664247979006e-01 -3.341556600838914426e-02
-4.521531476844712349e-01 -4.641752876120192051e-02
-4.364904779888988950e-01 -3.694266711886827481e-02
-4.484246814162094474e-01 -7.156438938045070475e-02
-4.408218552343610153e-01 -7.595338265071309436e-02
-4.444897485277306548e-01 -4.749600559973730235e-02
-4.406459213210737746e-01 -2.176462577795721179e-02
-4.094976499680202942e-01 -4.931409814301370570e-02
-4.340382912491825840e-01 -6.576188039357352966e-02
-4.332465059878497504e-01 -6.103033556847561186e-02
-4.307026050351315249e-01 -4.644774008236168122e-02
-4.564718551229354770e-01 -2.595338265071309158e-02
-4.404161221610541910e-01 -5.543046550512981119e-02
-4.319742011572184626e-01 -4.389785909040375134e-02
-4.599715299502755705e-01 -5.942920274713259232e-02
-4.390703873234643728e-01 -4.582443746975190663e-02
-4.389843910925839698e-01 -3.078056690963052594e-02
-4.497762696254601900e-01 -7.083108823432458789e-02
-4.330729789859947831e-01 -5.121695812527529007e-02
-4.312454677235232903e-01 -6.790959566395048108e-02
-4.404332502406903549e-01 -4.995457699320999395e-02
-4.592886831871108577e-01 -2.050062371306833262e-02
-4.464233002944618667e-01 -2.149519818726489812e-02
-4.583831096086758428e-01 -2.666400140821788972e-02
-4.290641523646066546e-01 -4.218905466488802325e-02
-4.225982568411121298e-01 -2.486584966312435988e-02
-4.554892847563377645e-01 -5.557581370509452612e-02
-4.148342653164193150e-01 -5.806256449867344682e-02
-4.079920552174583492e-01 -5.745263995670758794e-02
-4.551789743203569216e-01 -5.666133321739188350e-02
-4.343440698539282607e-01 -4.980237456930758366e-02
-4.212005665910606433e-01 -4.496827160452526034e-02
-4.420918436346776836e-01 -3.588144560805024696e-02
-4.359865689258406452e-01 -2.253463149228336973e-02
-4.426447777151504281e-01 -4.685151692271627422e-02
-4.432474858828585607e-01 -7.162617972889478990e-02
-4.525708029943912858e-01 -3.909670815559902757e-02
-4.206441788238213242e-01 -3.018372820626955000e-02
-4.570360358331524431e-01 -6.164484421583010798e-02
-4.300918438314797476e-01 -3.423784831272578405e-02
-4.099099599614940970e-01 -4.010201081362144843e-02
-4.071109678978101498e-01 -3.341394147085098576e-02
-4.190950984378868371e-01 -5.131801258325817405e-02
-4.541379829424827541e-01 -5.248598158987854284e-02
-4.047868371112018360e-01 -3.120209315659252386e-02
-4.234094186246577518e-01 -4.919174606295691199e-02
-4.460875045538156836e-01 -3.879737334606610938e-02
-4.510474212475603095e-01 -2.564200377184748525e-02
-4.579149958493960448e-01 -7.413136580486380522e-02
-4.476608412636361445e-01 -6.349310024253729257e-02
-4.222497688268746496e-01 -7.464700514397813735e-02
-4.424037971004889935e-01 -6.039493711881813859e-02
-4.183139669814286976e-01 -5.724557363995583237e-02
-4.416969553424704431e-01 -3.112230496965122037e-02
-4.049401833067651224e-01 -6.299492024541863966e-02
-4.172835491070561176e-01 -4.640640912651473188e-02
-4.529609310363137409e-01 -1.157832128335655776e-02
-4.241376215360995738e-01 -4.039612525488467387e-02
-4.454740072909723625e-01 -3.475819688372432104e-02
-4.531176595470672308e-01 -7.135898592323332290e-02
-4.095862714149716144e-01 -3.227319373227605787e-02
-4.082778117770497484e-01 -3.962300051955688907e-02
-4.119315125730053095e-01 -3.702510129390495369e-02
-4.381961616746646859e-01 -3.949923050465953267e-02
-4.460713823810317780e-01 -3.521839263468583975e-02
-4.168867393489958384e-01 -3.516760296473474268e-02
-4.384183559170649613e-01 -5.704743503055754311e-02
-4.487973141650009046e-01 -5.017918464088771957e-02
-4.377364160647869151e-01 -6.241712626715247014e-02
-4.067586323847629526e-01 -5.276407322632428731e-02
-4.436777488342215081e-01 -7.916137569772592475e-02
-4.565906794170876415e-01 -4.768121484348356032e-02
-4.094900769436953247e-01 -5.950214306248557961e-02
-4.591677103350577105e-01 -2.586218967377536607e-02
-4.505355565881940527e-01 -5.653328217173117509e-02
-4.451498151799942460e-01 -4.956499563435565192e-02
-4.121152819407606360e-01 -5.804328045403328584e-02
-4.221369245459057895e-01 -2.745512206233419183e-02
-4.606912709709257148e-01 -1.257573333021929085e-01
-4.108297923403303464e-01 -5.713649682009813019e-02
-4.349324100843602325e-01 -7.056008305681388260e-02
-4.193797773050125799e-01 -5.746363117907662271e-02
-4.149208324815997218e-01 -5.471142168191381328e-02
-4.325743021027795843e-01 -4.422899319579590149e-02
-4.102572099375418890e-01 -3.861052495310682287e-02
-4.144499420230158826e-01 -4.563977758642130678e-02
-4.351246990866719511e-01 -4.014246443079588778e-02
-4.491239865201883674e-01 -6.408990815345648462e-02
-4.455264399910426887e-01 -5.935975702743209736e-02
-4.242306787359599318e-01 -2.363111961904692387e-02
-4.235501393297664841e-01 -5.976834674335040898e-02
-4.262325256958225395e-01 -4.489160134432602922e-02
-4.274033720767044797e-01 -5.355564064966413657e-02
-4.563694402040289755e-01 -7.442105692418934937e-02
-4.445827721279344003e-01 -5.613189214129807314e-02
-4.068123746106811489e-01 -3.054258766714320825e-02
-4.541119636837979145e-01 -5.100973927442768729e-02
-4.517491153263131221e-01 -5.521466523933126619e-02
-4.107541531816601421e-01 -3.435608318173968834e-02
-4.470468865774952505e-01 -8.262055331877604658e-02
-4.515660549785874833e-01 -6.488148623358575007e-02
-4.197782535552220251e-01 -5.232929695099492601e-02
-4.121775891208095954e-01 -3.985775008552206594e-02
-4.203648415684506645e-01 -7.353145878915706701e-02
-4.054311880654495881e-01 -3.702902294392124843e-02
-4.480121663834403800e-01 -6.356392536912797153e-02
-4.190014038581515998e-01 -6.249159084949995613e-02
-4.121868459716239719e-01 -5.624211479192005314e-02
-4.044705233305292413e-01 -4.900345258996845199e-02
-4.501627120019475181e-01 -6.784834042942437804e-02
-4.066218035126558106e-01 -4.996259588978446686e-02
-4.580830355367700446e-01 -6.423271146448118751e-02
-4.354496057285334176e-01 -5.480952109650906456e-02
-4.174825641700045109e-01 -5.305875903042104463e-02
-4.259616455844700278e-01 -3.736442556591470371e-02
-4.075789810455325846e-01 -4.479480257331851234e-02
-3.946242092571748405e-01 -1.788950529088102759e-01
-4.138866032580667542e-01 -3.490480579399356936e-02
-4.041032734978427521e-01 -6.165322072949368237e-02
-4.472964709066867828e-01 -7.865308468635835715e-02
-4.282751697398768931e-01 -5.530117095070005706e-02
-4.288836719156392530e-01 -4.974663349244184962e-02
-4.089276801970460617e-01 -4.545641135079920431e-02
-4.490876942835941299e-01 -3.360162879041680983e-02
-4.276729040564242190e-01 -7.027731482961463438e-02
-4.543632842389075943e-01 -6.134054546332028124e-02
-4.086888555575740045e-01 -3.305107302421111254e-02
-4.228990468749730947e-01 -7.435997505553915143e-02
-4.198286439577633700e-01 -4.971126683229874776e-02
-4.153587952387855498e-01 -6.389035890603136925e-02
-4.445925070350656982e-01 -4.530780109886604901e-02
-4.093673644554012281e-01 -4.030236169125050311e-02
-4.367780327623672632e-01 -4.231479528626920505e-02
-4.388560303876314905e-01 -6.835167327318805719e-02
-4.048634619310547134e-01 -2.769669520250089834e-02
-4.565021585849093899e-01 -7.197344318993727230e-02
-4.590648099241607660e-01 -5.258161311498102397e-02
-4.311416000913315116e-01 -3.154407880051430385e-02
-4.002403793188190617e-01 -1.282388067577140134e-01
-4.156817665893410840e-01 -6.567199791368366624e-02
-4.336818729146891815e-01 -2.211916842783515427e-02
-4.306257375468299786e-01 -6.525713746574260399e-02
-4.230971521689647075e-01 -7.169985440754113315e-02
-4.105509798620137207e-01 -5.815772214522885175e-02
-4.115995443622610939e-01 -4.705777686003535798e-02
-4.082447963422626835e-01 -5.003839108536752012e-02
-4.239458873469891809e-01 -6.207203759561999434e-02
-4.314226183191992581e-01 -6.469163020133691933e-02
-4.302305205935295640e-01 -6.506356078167341295e-02
-4.557896962219776249e-01 -7.097857354991538026e-02
-4.061645650961112630e-01 -5.222598593852633558e-02
-4.552344642139496966e-01 -5.216017560628513627e-02
-4.251758553706177501e-01 -6.404941056226293172e-02
-4.220353996327817492e-01 -7.229924517954716690e-02
-4.413818940006115632e-01 -5.742024756977137656e-02
-4.179323217292728598e-01 -4.235408756640375583e-02
-4.173205303178126879e-01 -2.250520627774419552e-02
-4.237262887708423964e-01 -4.438554737968792435e-02
-4.268839855785435677e-01 -6.483648667374281027e-02
-4.172316581772184119e-01 -6.034854661031812534e-02
-4.176552949970923079e-01 -6.060615006760966539e-02
-4.054877747712612446e-01 -7.144263631604724774e-02
-4.183860770245765304e-01 -6.015498428808004755e-02
-4.201498533004292546e-01 -6.167113914144387032e-02
-4.075527292076148167e-01 -2.843282663055091142e-02
-4.161890882994640495e-01 -4.596563061390263050e-02
-4.322904624604415602e-01 -5.091646881596038898e-02
-4.576896200398711811e-01 -7.848082982207073288e-02
-4.236592263393642588e-01 -5.142955736662338517e-02
-4.103222090065959948e-01 -6.096840551291714261e-02
-4.581294657849405150e-01 -5.818820833486570282e-02
-4.045037608094856907e-01 -5.058027786094151240e-02
-4.390240102884381823e-01 -4.993593355959868862e-02
-4.133028683670142978e-01 -5.277502637877419522e-02
-4.261219403172594178e-01 -5.938049116955913809e-02
-4.149705720081790505e-01 -4.031825455560914678e-02
-4.197550997211286217e-01 -4.566372085849074169e-02
-4.112340249534003345e-01 -4.362765663164451524e-02
-4.224189810020635427e-01 -3.492322915979755721e-02
-4.285682350609512636e-01 -4.881677610328174349e-02
-4.346147821997454752e-01 -6.380447399572963807e-02
-4.203256308641969419e-01 -7.157703223276390414e-02
-4.031468723435145951e-01 -5.762290882701207040e-02
-4.146295775025949926e-01 -5.286696386391479680e-02
-4.112624511568683805e-01 -6.360514862487368082e-02
-4.157148426596898316e-01 -4.163306107058466210e-02
-4.034271066043184084e-01 -3.044158409773773527e-02
-4.033691293814204992e-01 -4.615037313218939286e-02
-4.306239155040351707e-01 -3.546875065168113295e-02
-4.345020657480735959e-01 -6.366150938667036741e-02
-4.038156633353635061e-01 -4.103440122453487493e-02
-4.214776689343032734e-01 -5.856398920293556798e-02
-4.059388698291992448e-01 -4.946753506286029334e-02
-4.405023079586051771e-01 -5.360844133767012076e-02
-4.047552821731917883e-01 -3.636300952420541688e-02
-4.373568933892069133e-01 -7.777449088511945163e-02
-4.198461886047268887e-01 -4.836383402584082392e-02
-4.599636974142941037e-01 -7.881822014107722763e-02
-4.160554612325776946e-01 -4.136132858436353255e-02
-4.044489774434163465e-01 -4.976765399115942040e-02
-4.144603451484161205e-01 -5.581682522778715072e-02
-4.193334462979778632e-01 -3.743562356123635720e-02
-4.294199502840470029e-01 -3.750831127535811382e-02
-4.120490146017373179e-01 -3.996568366886685264e-02
-4.591233828073060241e-01 -5.350865058074052993e-02
-4.212617408506089123e-01 -4.943340668686449502e-02
-4.509740004901994781e-01 -4.978985216587703683e-02
-4.101854580666322025e-01 -5.457373181396251577e-02
-4.071320818775888140e-01 -6.219900438720885050e-02
-4.105012718709207253e-01 -4.133260560480577633e-02
-4.311716769327083032e-01 -2.876839257553680251e-02
-4.322580739945485750e-01 -3.509891539830813090e-02
-4.584100975294703173e-01 -6.253377444252247730e-02
-4.129554615681788055e-01 -4.825855743900157174e-02
-4.218127718273938509e-01 -6.247328889702766924e-02
-4.064248881380012057e-01 -6.583319436227520749e-02
-4.155997162826379765e-01 -6.861887948008027482e-02
-4.097541615955924699e-01 -5.995994328181013244e-02
-4.165251998553769486e-01 -4.499908865819023801e-02
-4.573548562411700047e-01 -8.774383403192864694e-02
-4.270981938436912428e-01 -3.866543544404715815e-02
-4.359040165963067315e-01 -3.542383530878998044e-02
-4.180640509967030183e-01 -4.448919012399959322e-02
-4.463852684449177710e-01 -5.588838118848205722e-02
