2.938140198938307135e-01 -1.598533073599568421e-01
2.928357883314940402e-01 2.436681571100995924e-02
3.435868248039335437e-01 3.010078685972479295e-01
3.041268228955944508e-01 2.031519375085167889e-01
2.834249391359934256e-01 -5.048494248491475211e-02
3.041360038539714372e-01 -3.337098452321346498e-01
3.607708394692852316e-01 -4.647542736362401117e-01
2.861218664299666203e-01 -1.255142453337375341e-01
2.965028176166583651e-01 -1.311118525347129693e-01
2.724600745410615810e-01 2.729702404782666236e-04
2.985910060637546048e-01 -2.119161306603389305e-01
3.452810833610624464e-01 -3.658977977772118195e-01
3.540494427146877454e-01 3.038525711886519431e-01
-4.445192000092433315e-01 3.613372614367820757e-01
3.010615523763123802e-01 -3.530345016055677076e-01
3.521867083043265234e-01 -3.821003466150135197e-01
3.380958631840671469e-01 -3.277332979066669982e-01
3.622692189389292716e-01 -4.232184372423894447e-01
3.332768219753576289e-01 -2.837098452321346609e-01
-4.359446278334620506e-01 -2.256520460931129013e-01
3.701351827987323651e-01 -4.743859781668154363e-01
3.434466786483920120e-01 -3.794216687220053896e-01
3.127655187014173888e-01 -1.379919930667446726e-01
2.653097499140461002e-01 1.348076824678304947e-02
2.833397053766764651e-01 -2.443329728302144344e-01
3.197034173655216027e-01 2.058284851074694832e-01
2.836345432148669188e-01 -2.532509981185764314e-01
3.133441302993343891e-01 -3.158977977772118306e-01
2.905216283874093586e-01 -2.014431197090013892e-01
3.146667105348586180e-01 -3.322612964767256427e-01
3.331641052981845208e-01 -4.233181057983660955e-01
3.236820832362893863e-01 -2.931829642098091604e-01
3.122692189389292827e-01 -3.732184372423894558e-01
2.832768219753576400e-01 -2.379040653182324938e-01
3.578193032397814499e-01 -4.215234691972352121e-01
3.584506728100586570e-01 3.166467321346316810e-01
3.145210165430495919e-01 1.119904472717337951e-01
2.770672650602846177e-01 6.206713866418145376e-02
3.094082113974618853e-01 -1.017953750862880119e-01
2.760755695425687883e-01 1.577690492216239915e-01
3.199864156819684502e-01 -2.032509981185764425e-01
3.068736933781978093e-01 2.045514630768760500e-01
3.231656818919186880e-01 1.987007215969249230e-01
3.112029850743231463e-01 -1.189806540520138567e-01
2.848243413430606163e-01 7.315193750851678445e-02
2.897218989537448941e-01 2.100884719766694941e-02
2.738741502319550492e-01 -1.579541942374118602e-01
2.811870149157982279e-01 2.942330461560808269e-02
2.955830088940769040e-01 -1.561159804917210958e-01
3.078193032397814610e-01 -3.715234691972352232e-01
3.232580610457265746e-01 -2.923938669184507066e-01
2.888038135191567379e-01 4.019847103176153735e-02
2.796793870271896965e-01 8.634942544428356181e-02
2.814160752914329211e-01 -1.029075874186705097e-01
2.997195525860548160e-01 1.318693022863880876e-02
2.594082113974618964e-01 -5.179537508628800913e-02
2.737863553472897338e-01 7.119959383336166292e-02
2.855431861534581395e-01 1.646015160894441498e-01
3.077428105898404875e-01 -2.469684780186264250e-01
2.791916076163261651e-01 1.487007215969249341e-01
2.736865030629340723e-01 -1.046799281267029452e-01
2.791537844007000446e-01 -1.079541942374118574e-01
2.944184904202997166e-01 -2.095631419317640076e-01
2.786795469713312934e-01 -2.936110763461824424e-02
3.031128395227596362e-01 -3.217680783281611778e-01
2.677643300250540648e-01 -3.681306977136119402e-02
2.687766159881876393e-01 4.002285921132290453e-02
2.993858402766447213e-01 -1.032509981185764508e-01
3.267997549863664308e-01 -2.466511632059127934e-01
2.855232413267907443e-01 -1.644091115406656478e-01
2.617839160037540580e-01 7.851332073866151839e-02
2.688537816885765985e-01 9.727941693220609753e-02
3.002725702719758472e-01 -1.522212520704706307e-01
3.021432955200510917e-01 -3.110799858549085362e-01
3.085344875271074372e-01 2.076953557987654686e-01
2.703785704766049625e-01 -9.383981045937686560e-02
2.706964929475140225e-01 1.029347625728124493e-01
2.767997549863664419e-01 -1.966511632059128045e-01
2.937402195383091441e-01 1.522857417509982936e-01
2.660903805257840982e-01 -1.022212520704706279e-01
2.987596937002734987e-01 -1.436272302384813127e-01
2.768655441475116885e-01 -1.485167939206021859e-01
-4.275786372422563097e-01 1.237357358958778297e-01
-4.323841443732884815e-01 -2.401493700575531853e-01
-4.352198936221566283e-01 3.048958867226972402e-01
-4.295853299286389593e-01 7.735761462996844362e-02
2.653439533526953387e-01 1.169798379088620929e-02
-4.263504266922170105e-01 -3.113931687297819689e-03
-4.334153339656631188e-01 -9.585586074435822890e-02
-4.262301837417942219e-01 7.865324894281813806e-02
-4.288152173322397620e-01 2.035487711253534948e-01
-4.319146405938904532e-01 1.824397059085038353e-01
-4.347276152744248834e-01 2.458187683165612980e-01
-4.302551101915634835e-01 3.514297163142966751e-02
-4.257024847405250223e-01 -2.362232495857645442e-02
-4.279630900219349443e-01 1.489247184831444387e-03
-4.310098354543674959e-01 -8.447532616094047264e-02
2.761723325549304553e-01 1.103371767663630619e-02
-4.319489881487033056e-01 1.719438682191384016e-01
-4.315906759360922385e-01 2.472912534366751292e-01
-4.249145811528936001e-01 8.622775756833013505e-02
2.658877987764864392e-01 4.020571995635476015e-02
