-4.394186987183739124e-01 2.251326441534997613e-01
-4.398707745807443059e-01 1.523714913998445164e-01
-4.385454674227163840e-01 1.821905364541329120e-01
3.058712888819303255e-01 1.380054518298464705e-01
3.119929358592780089e-01 -2.074255107433681800e-01
-4.430107897240377901e-01 1.386243848978551130e-01
-4.305426065248162959e-01 9.687092586763097757e-02
-4.304891009799293178e-01 7.873755670470322654e-02
-4.617030495292843151e-01 -1.247652339348880313e-01
-4.353087265777942361e-01 1.019266701991006635e-01
-4.386021899772380994e-01 1.569451145436756567e-01
-4.479835347844569049e-01 -2.309733681736893807e-01
