3.568710879477250963e-01 -3.327216346435860617e-01
3.840202140286089194e-01 -4.601919879683917802e-01
3.250592749473694143e-01 -6.822563995132384373e-02
3.926329320417169533e-01 3.381501121525151143e-01
3.212403377349713485e-01 6.395415357202408058e-02
3.562260981505413482e-01 2.481501121525150899e-01
3.217005654750175747e-01 -3.703472774412792934e-02
3.415723551860821994e-01 -2.426811462401569364e-01
3.418931304802267368e-01 1.981501121525151010e-01
3.225741664471043491e-01 -7.183366626503825958e-02
3.624431568678916915e-01 -3.471096477025253924e-01
3.390248517118670812e-01 1.795963341689583159e-01
3.358874380636743262e-01 -1.787146885506463723e-01
3.244383281462198121e-01 -6.834584872579042847e-02
3.569171316018997508e-01 2.540470965364674538e-01
3.315978342521984645e-01 -1.811040270609444169e-01
3.200673279887545353e-01 -4.660317060967973657e-02
3.312244338284885403e-01 -1.465395015335169415e-01
3.255386325406970927e-01 9.973051629446598454e-02
3.222085368756692492e-01 -6.568601815558672286e-02
3.221295041530758407e-01 6.115288002222179359e-02
3.345694204742191147e-01 -1.700946345363958667e-01
3.232275349683506049e-01 -7.475346627873398486e-02
3.237137321728286166e-01 -6.948654219842373414e-02
3.288223789073622116e-01 1.027696734864592815e-01
3.349110405968510062e-01 -1.723941779823196241e-01
3.308271574757145062e-01 -1.340245456226725473e-01
3.206301211934530770e-01 -1.693208653112074358e-02
3.248777287451152240e-01 -5.792702896500744741e-02
3.352311300973456754e-01 1.697615329246523475e-01
3.232967500980531428e-01 1.389890649976847914e-03
3.238884416628178275e-01 7.635299596623448815e-02
3.260678796069092500e-01 8.306791346887926197e-02
3.285772288580183775e-01 -1.459036418247632028e-01
3.246587133544551751e-01 9.097357212294512885e-02
3.254412094425572222e-01 -9.671933010942854181e-02
3.240524420752740054e-01 -6.711735283110131789e-02
3.259331385074292764e-01 -8.933733503998884939e-02
3.323955328427598555e-01 -1.513771397702151356e-01
3.297714162846300812e-01 -1.299895924448167817e-01
3.332131539937872589e-01 -1.847728309578284822e-01
3.256194665481729200e-01 -8.830669171752315860e-02
3.256827130809966664e-01 9.766617951577960532e-02
3.224279874555200376e-01 -7.390765722450735875e-02
3.247325317874273920e-01 -5.341480902833321137e-02
3.218741882172035385e-01 5.809136374980816697e-02
3.255513458156273354e-01 -1.210661534573281295e-01
3.218059809962079965e-01 -2.408892482041770713e-02
3.252122529872271683e-01 -8.258797714652195421e-02
3.492908638027774626e-01 -2.970928027318162079e-01
3.261902444363039000e-01 -1.331657042801101531e-01
3.248492101239141006e-01 -6.397025947300803705e-02
3.243116839050620981e-01 -1.016789134526906169e-01
3.496369942378969586e-01 -2.734027212554737685e-01
3.453774795600585978e-01 -2.613991123765564972e-01
3.316039454333098435e-01 -1.578673124038934561e-01
3.501834916720462099e-01 -2.784816515364361700e-01
3.273518401960439639e-01 -1.024608476989174455e-01
3.362388803075818111e-01 -1.869883877941670158e-01
3.225701669709962749e-01 -5.226113036074747642e-02
3.247257772002491993e-01 -7.452460944642705365e-02
3.272773721631854760e-01 -1.122445887576202783e-01
3.279925987152249589e-01 -1.175339016743700976e-01
3.488933524974912048e-01 -2.913530152511407123e-01
3.199084902146311360e-01 3.233547739483214750e-02
3.477343987851647111e-01 -2.671973959499507889e-01
3.379735406437044953e-01 -1.985599418090826518e-01
3.389093456449813746e-01 -2.138410723927697543e-01
3.208524920749261655e-01 -3.378611914989365639e-03
3.274367029602009427e-01 -1.179973160027544682e-01
3.236706940586069337e-01 -2.452460944642705087e-02
3.331949549006117395e-01 -1.622445887576202672e-01
3.217648966866414884e-01 5.213828735600424535e-03
3.233099668883564481e-01 -1.200077597956913933e-02
3.290536190999406307e-01 1.147155289723966742e-01
3.246308282669135292e-01 -1.136706129236894625e-01
3.231492386605598899e-01 -5.974578575472445918e-02
3.309294896644579542e-01 -1.567649063511850627e-01
3.312878338872021766e-01 -1.705370952545562924e-01
3.218054290334503853e-01 -2.509276324083267035e-02
3.202345095930239638e-01 -4.210331152330837323e-02
3.216880919313199749e-01 7.175450016687781596e-02
3.250118972012879803e-01 7.452806286963474525e-02
3.367913231308905520e-01 -2.023796457636900525e-01
3.309059362021075645e-01 -1.556837060624198243e-01
3.237862293126724245e-01 -6.056175165203770555e-02
3.231466702045439066e-01 -1.574522583439569995e-02
