4.156412206669345411e-01 4.001345270154204048e-01
2.601762837600267719e-01 -1.496477389290373772e-03
2.123073921263923802e-01 -1.380423028208677128e-02
2.893982133638909326e-01 -4.242541611536421176e-02
2.272597655784437398e-01 -2.870350065531701578e-02
-4.240060156547587056e-01 -3.199406749137112538e-01
2.259362581544394066e-01 -2.977026034479605121e-01
-4.190690114077860740e-01 2.792649734962368013e-01
3.890218896672535953e-01 3.251387638778648892e-01
2.326400994567939806e-01 -1.001676565165499078e-01
4.244132090467452878e-01 3.893247336168259576e-01
-4.215283633858777357e-01 -4.783918861117461008e-01
3.773133806031921944e-01 4.605213944616413091e-01
3.172119956238622640e-01 -1.790141332500393423e-01
4.263653486239138424e-01 4.704697744569854567e-01
2.525212824399043487e-01 -4.153408561187142967e-01
4.033347004118917889e-01 3.603956696190959708e-01
2.364662047549067614e-01 9.516742599577698858e-02
3.976783666340071299e-01 4.460513263313340415e-01
2.760895611645338699e-01 1.605371307663649993e-02
3.330068934740876285e-01 -2.736888762617314397e-01
-4.067086713289045363e-01 -1.203761270406006334e-01
2.047909671829585276e-01 -9.225914256100520294e-02
-4.069867169768993653e-01 -1.203231848417285477e-02
-4.563240720277286222e-01 4.808723707284746629e-01
2.057794038305404971e-01 1.009765086697802516e-01
3.314150982860564199e-01 1.149388692548967139e-01
3.844383812528832101e-01 4.932090107534758960e-01
-4.216783535656818405e-01 -4.834929633995275200e-01
3.168027538437516721e-01 -4.031649403169248469e-01
2.245175748922842995e-01 -2.783584779003484000e-01
2.221050270621658385e-01 5.879326537177009815e-02
-4.288345853252794049e-01 -1.928172077482404045e-02
-4.442512077127674930e-01 3.678295736323644594e-01
3.705239230821153473e-01 2.906287465833354844e-01
3.284103258286119598e-01 3.801533879836654917e-01
-4.057157555621124789e-01 -1.393906398493514054e-01
3.082077210071576534e-01 -1.991438560147614778e-01
3.404080853650398586e-01 -4.954829729144992756e-01
3.656412206669345522e-01 4.352986221347598939e-01
2.101762837600267830e-01 4.850352261070962900e-02
2.968376685852786023e-01 -5.244562905100556144e-02
-4.405136486599484646e-01 -2.767442503336453030e-01
3.778879021666130544e-01 -4.411770326245230689e-01
1.953765742119565052e-01 1.472539289156652581e-02
2.551618762637289928e-01 -8.299313454970035087e-02
3.744132090467452989e-01 3.654848993276677560e-01
3.669915524494092307e-01 4.105213944616413202e-01
-4.166746453823220731e-01 -1.406991580267341058e-01
3.763653486239138535e-01 4.204697744569854678e-01
3.255613221119799672e-01 6.316838012429643046e-02
2.769601632808362801e-01 -4.006386233944047581e-01
3.672732129864189621e-01 3.341318205902440441e-01
2.297197682120821760e-01 -1.152086925791117322e-01
3.533347004118918000e-01 3.267716794666868374e-01
2.056108524351877853e-01 1.402749471543429105e-01
3.476783666340071410e-01 3.960513263313340526e-01
2.469296821131665987e-01 -1.499862121618292243e-02
3.327983606827331076e-01 -2.236888762617314508e-01
2.277416106109138028e-01 -7.654718889734939136e-02
-4.515365063915429689e-01 4.823681662451222429e-01
2.362594297016308575e-01 9.507502763818853619e-02
3.210268015858892543e-01 7.761935434528766109e-02
3.147256445494116539e-01 3.901945552621494118e-01
-4.207180116312769225e-01 1.439012824749362485e-02
3.670004483399542106e-01 4.432090107534759071e-01
2.668027538437516832e-01 -3.531649403169248580e-01
2.745175748922842884e-01 -2.283584779003484111e-01
2.080377215450356920e-01 -1.823453372529746930e-01
1.964344067535282179e-01 4.871443087336380096e-02
3.593834008767093358e-01 -3.763720814433318407e-01
-4.405153020343140491e-01 3.398603690912461173e-01
2.789100651060816283e-01 -1.991866316950997862e-01
3.421762786731812334e-01 -4.454829729144992867e-01
2.873268921722553770e-01 -8.102379413777603678e-02
2.486838665404915716e-01 -4.038661502272733461e-01
2.468376685852786134e-01 -8.188964023421849148e-02
3.398009413136943158e-01 -3.911770326245230800e-01
3.210962605263555369e-01 -4.658933173981284759e-03
2.785524422308162662e-01 -5.117776879244595456e-02
3.286521635264459396e-01 3.154848993276677671e-01
3.169915524494092418e-01 3.605213944616413313e-01
3.362849459727204615e-01 3.704697744569854789e-01
3.233377698721152660e-01 -1.278180547929343436e-01
2.755613221119799783e-01 2.461251311268621705e-02
3.172732129864189732e-01 2.841318205902440552e-01
2.743805396884069214e-01 -1.044934479869422672e-01
3.033347004118918111e-01 2.767716794666868485e-01
3.182440000117955914e-01 3.574857606601102300e-01
2.359612029689676649e-01 -9.277751870486621033e-03
2.827983606827331187e-01 -1.736888762617314619e-01
2.439059046752407034e-01 -4.622525620971176807e-02
2.636977828127152201e-01 4.552984601740381332e-02
3.232500189295579585e-01 8.704878442877020395e-02
3.398934491288436721e-01 3.401945552621494229e-01
3.170004483399542217e-01 3.932090107534759182e-01
3.167287342380611381e-01 -2.232508626669128526e-01
2.318027538437516799e-01 -3.181649403169248269e-01
2.449940162399281696e-01 -1.783584779003484222e-01
2.553132268456774212e-01 -1.323453372529747041e-01
-4.028479069281848957e-01 3.974698296488400617e-02
3.171238066465904559e-01 6.832919207543999840e-02
3.093834008767093469e-01 -3.545053427267168544e-01
2.542612092589878192e-01 -2.146186831015529373e-01
3.464255977605877335e-01 -3.954829729144992978e-01
2.528118308223479271e-01 -7.746971201544836094e-02
3.019638917925791533e-01 4.058086597947596630e-02
3.116841856603856376e-01 -2.564859536598353973e-01
2.224873717679399232e-01 -6.121631819545737818e-02
2.988034152606345861e-01 -3.411770326245230911e-01
2.710962605263555480e-01 3.874703905381778057e-02
-4.464949908344250651e-01 3.197136667499551055e-01
3.219825106046703689e-01 -2.390015032694144392e-01
2.084146266807340997e-01 -2.043787421957374839e-01
2.839678488265452438e-01 -3.329399492220999623e-02
2.879036476321348292e-01 2.654848993276677782e-01
2.669915524494092529e-01 3.105213944616413424e-01
2.862849459727204726e-01 3.204697744569854900e-01
2.733377698721152771e-01 -7.781805479293434080e-02
2.361854652851571312e-01 -2.538748688731378572e-02
2.776555177404126384e-01 2.341318205902440663e-01
2.402705013351501551e-01 -1.174659750058835994e-01
2.701108564233381526e-01 2.267716794666868596e-01
3.039570532036736106e-01 3.112351755497322348e-01
2.476600344430654466e-01 -1.236888762617314591e-01
1.939059046752407145e-01 3.774743790288234702e-03
3.483076148457448507e-01 1.864355619969363387e-01
2.168780854548353343e-01 -4.470153982596189457e-03
3.118530232340801511e-01 7.810014321027744510e-02
3.502018428059369137e-01 2.901945552621494340e-01
2.774100295585943399e-01 3.432090107534759293e-01
2.732361361986301862e-01 -1.982339025114893405e-01
2.160252000165934771e-01 -1.283584779003484333e-01
2.235509435356282104e-01 -1.067852285610417507e-01
2.883334941812183971e-01 -1.359004107750265422e-02
2.790172139716031730e-01 7.769579483151323185e-02
2.715865706176440186e-01 -3.045053427267168655e-01
3.478990711743191744e-01 -3.454829729144993089e-01
3.198500000756027695e-01 4.549568165813794307e-02
2.190680309827302275e-01 -7.466678195844314581e-02
2.664100623893800313e-01 3.697448209007844766e-02
2.616841856603856487e-01 -2.087095292477092467e-01
2.235268968601980266e-01 -1.121631819545737541e-02
2.552744852146663912e-01 -2.911770326245231022e-01
2.231360667962630218e-01 6.180980608827348760e-02
2.464393706756176361e-01 -1.890016065369172216e-01
2.888250680807072923e-01 -2.398338080284793394e-01
2.339678488265452549e-01 1.670600507779000654e-02
2.988274840182569836e-01 1.397381250324305768e-01
2.379036476321348403e-01 2.268629067445246672e-01
2.506258672456574965e-01 2.855088219773868063e-01
3.477967797680291961e-01 2.684727022853651834e-01
3.156584934187129932e-01 -6.921490012077458065e-02
2.382343917585024728e-01 2.704697744569855011e-01
2.431136189375392997e-01 -3.550214263103903395e-02
2.091532513004084604e-01 -6.178045833982315910e-02
2.387568950130850576e-01 1.847461332466539541e-01
2.142075487630201724e-01 -1.576314847323197488e-01
2.541572304525527848e-01 2.061414889657167127e-01
2.812812227593516901e-01 2.612351755497322459e-01
2.178348600521871625e-01 -7.484744934640165381e-02
2.983076148457448618e-01 1.685066215888107177e-01
2.618530232340801622e-01 3.635165500294024882e-02
3.465610290257404302e-01 2.401945552621494451e-01
2.432280701998579542e-01 -1.588628374533997412e-01
2.078956485866615966e-01 -7.612451206878934062e-02
-4.088825977852547089e-01 1.272345975428839510e-02
2.438907352306206033e-01 -2.266538251775028490e-02
1.944648008078033175e-01 -8.727129355504972819e-02
2.890184353639176362e-01 -8.373532528643345962e-02
2.290172139716031841e-01 4.542543006184937560e-02
2.215865706176440297e-01 -2.710488759454162677e-01
2.920170779120746518e-01 9.643731501233830661e-02
2.978990711743191855e-01 -3.129287431144204823e-01
2.698500000756027806e-01 2.254550407015860208e-02
2.480228853968082514e-01 4.224645208398201263e-02
2.116841856603856598e-01 -1.587095292477092578e-01
2.417181065656965333e-01 -2.411770326245231133e-01
2.077245591863400020e-01 -1.748571680193337641e-01
2.388250680807073034e-01 -2.476525859054047318e-01
2.620862454450368917e-01 1.495778380629922966e-01
2.977967797680292072e-01 2.184727022853651945e-01
2.656584934187130043e-01 -3.854460959919180085e-02
2.347549774422177382e-01 -7.796683172006543122e-03
2.242051192394645120e-01 -2.480005149205671833e-01
2.032087874106948133e-01 1.347461332466539652e-01
2.143777527336886979e-01 -1.350682706785540921e-01
2.312812227593517012e-01 2.230381553443827047e-01
3.106906692289615468e-01 -9.114313737104222379e-02
2.483076148457448729e-01 1.670321984938653859e-01
2.118530232340801733e-01 5.247464895220693010e-02
3.379183627040118765e-01 1.907092064185363645e-01
2.185886981683933250e-01 -2.612451206878933785e-02
1.938907352306206144e-01 -5.533354245153788986e-02
2.390184353639176473e-01 -5.721291018842012549e-02
2.032251186270783994e-01 1.782773839950160810e-02
2.420170779120746629e-01 7.472008086072814970e-02
2.478990711743191966e-01 -3.008419754342944175e-01
2.198500000756027917e-01 -2.344859568180732851e-02
-4.369784577084905863e-01 -7.224401764152316163e-03
1.980228853968082348e-01 4.367839569545602790e-02
1.963137241174730541e-01 -1.248571680193337613e-01
3.062675833768940259e-01 1.105247627756895529e-01
2.120862454450369028e-01 1.895950904509337287e-01
2.706536366536176352e-01 2.036724095025272130e-01
2.156584934187130154e-01 -5.619493607846227229e-02
2.451311211291036241e-01 -3.717127848136515811e-02
3.107899119449324954e-01 1.559380393742017257e-02
2.606906692289615579e-01 -4.114313737104222102e-02
3.169977288549926109e-01 -1.116049667735182077e-01
1.983076148457448840e-01 1.190957090274585572e-01
2.879183627040118876e-01 1.407092064185363478e-01
2.251710830211869352e-01 8.799341867893183122e-03
2.049054653511421242e-01 4.101378867537178174e-02
-4.363253055875344066e-01 1.811800800571105319e-01
2.779570642047445306e-01 6.052476277568955010e-02
2.206536366536176463e-01 2.008714609539115903e-01
1.951311211291036352e-01 -3.809200716224877409e-02
2.607899119449325065e-01 3.379844517296511780e-02
2.144523637906398661e-01 8.856862628957781758e-03
2.669977288549926220e-01 -1.616049667735182105e-01
2.379183627040118987e-01 9.070920641853634503e-02
2.275512550130504297e-01 2.337277402851650754e-02
-4.238448848824116211e-01 1.980391634481495633e-01
2.279570642047445417e-01 4.239878384774427300e-02
2.126461665784431243e-01 1.319453216357420744e-01
2.193422931621865635e-01 3.067613271861669225e-02
2.169977288549926331e-01 -1.525179727465427182e-01
1.939572879181851728e-01 5.354785667942855987e-02
-4.353022258529810062e-01 1.798569816773461505e-01
-4.277480828123939594e-01 1.264042850858910494e-01
2.297409756467636011e-01 -1.808239890808850392e-01
2.574513511976639357e-01 1.219791569493578753e-01
-4.116378377555587886e-01 -1.714465897442035008e-02
2.036257901589356434e-01 1.056210395448457934e-01
2.700683823861446675e-01 -2.133553460384931266e-01
2.064823849540311507e-01 -1.808493168528836972e-02
-4.161939217683020553e-01 1.016833995571353733e-01
1.953100928894196398e-01 7.853690634828600081e-02
3.050028487594179660e-01 1.506848659715117611e-01
2.053332008931536001e-01 -9.941025484899392028e-02
-4.198418332297543243e-01 -4.722979458959113142e-02
2.312721046730402130e-01 -2.457193220340948003e-01
2.386395765775371491e-01 -2.371861964700842235e-02
3.321751343446266991e-01 1.460952297901503272e-01
-4.202640572883056813e-01 1.077824438237350163e-01
-4.064841952739612907e-01 -6.437805363081418319e-02
2.197444068976440179e-01 -1.999915931814681413e-01
1.980353132674440020e-01 -9.910074791824661014e-03
1.970008623634191269e-01 -2.131564095902321529e-02
-4.027862502360129993e-01 6.292481650463147003e-02
1.960182083884081106e-01 -1.399278414475568777e-03
2.056102731189274890e-01 4.035638926955409378e-02
-4.018953518032250538e-01 -2.950001604287944695e-02
-4.264811417168436480e-01 -5.075731516003650912e-02
-4.127872104192722436e-01 8.530647102625092681e-02
2.874703292486177619e-01 -3.904770209849681151e-03
1.947120574847206464e-01 -6.190355954686064394e-02
2.232427210423880148e-01 9.333675910763665484e-02
2.012783570547377887e-01 -7.072175798363491625e-03
2.309094064019919512e-01 1.037106934623543003e-01
2.374703292486177730e-01 -5.390477020984968393e-02
2.341752390589581512e-01 -1.916043485664423868e-02
2.499209243852070217e-01 9.024463003849618470e-02
2.429676647351638463e-01 -2.913230846998570572e-02
2.684906522052196154e-01 5.489900450986087699e-02
2.035540578083304686e-01 -6.660472228611886980e-02
1.943305773890337540e-01 -1.499862912119285727e-02
-4.066114046588586439e-01 -1.110862296558926404e-01
-4.231740219759945743e-01 -3.589164039900441527e-02
-4.246564860790940088e-01 7.536298191312629235e-02
1.999209243852070328e-01 4.787132691789462713e-02
2.023599973063873181e-01 -4.352136652223879965e-02
2.096217428405124372e-01 -7.586125125165602001e-02
2.321976069214354288e-01 7.113416880726620983e-02
3.003350782245517991e-01 4.240673034257859408e-02
2.176376094599589694e-01 -1.016235388419795688e-01
1.967525554763758788e-01 3.911577254398457271e-02
2.523599973063873070e-01 6.478633477761203130e-03
-4.172133632341235021e-01 4.277198976556115251e-02
2.051035055538080187e-01 2.604868748306086307e-02
2.475648488788290413e-01 -1.113712425177341009e-01
-4.199319507564470699e-01 7.278166996036486425e-02
2.247233960102727190e-01 1.383670263861395966e-02
-4.208065461616458669e-01 -2.736095773887168778e-02
2.852292034780205543e-01 1.264684428369217128e-01
2.096131580781273596e-01 2.456265029470256628e-02
1.997060667181603244e-01 -1.347319358723534088e-01
2.588551526523905633e-01 2.429895726383851373e-01
-4.198989106771390811e-01 -5.897318693314875654e-02
2.352292034780205654e-01 1.261471735198650135e-01
1.996296522036205001e-01 3.268958392895379012e-02
2.112641524266881399e-01 1.929895726383851207e-01
-4.133430731704129113e-01 -2.279751850032535679e-02
-4.380375518612664720e-01 1.225754649058007489e-01
