4.101522268843214580e-01 3.172027984305201276e-01
-4.132613485336838477e-01 -6.028380516057858796e-02
-4.315125573410060755e-01 3.207654843729772220e-02
3.448091151433067547e-01 4.188828116525886158e-02
3.508742349028761143e-01 -1.333450547944711184e-01
-4.434008772996020920e-01 -2.705749636701855754e-01
3.584931306344884550e-01 1.813507666304345900e-01
-4.192941524921608432e-01 -1.513096335871643716e-01
3.459578731378317173e-01 -8.108086619464850708e-02
-4.260068075634120821e-01 -1.594718274093292476e-01
-4.168189677442636909e-01 -1.582073262986600781e-01
-4.341738470249333348e-01 -1.490459378771661347e-01
-4.248364511523089471e-01 -1.511337502540579525e-01
-4.132093339582692537e-01 -1.052975801714368664e-01
3.431951456812767365e-01 4.466079023882565946e-02
