-3.952993056425846419e-01 3.921401370410775300e-01
2.918954648289295850e-01 2.798427602016178017e-01
4.331696586141348115e-01 4.639902675337408411e-01
2.667582930654718298e-01 -4.007162246295639108e-01
-4.274677953416885501e-01 -3.952433562142836365e-01
2.539835798026081060e-01 -4.322124975776041600e-01
-4.207706620191951075e-01 4.785125200431098458e-01
-3.962980184879058010e-01 -4.096100821945302117e-01
3.711458062121403279e-01 4.937311831660461392e-01
-4.179892438768434415e-01 4.292796709004178535e-01
-3.538148957258754335e-01 -6.597339530793677742e-02
-4.104753987202324206e-01 -2.478691338605487626e-02
-3.622043649942722210e-01 2.134614862648441802e-01
3.281714452592675579e-01 4.643673139683632822e-01
1.982509718077111183e-01 -3.485384936994171401e-01
5.639563193582253220e-02 1.051261123685554022e-01
-4.251064180675109272e-01 5.417786945725022729e-02
2.750631649724739614e-01 4.837404273534767762e-01
2.501615653569872477e-01 -3.507162246295639219e-01
-4.154512849556453724e-01 -3.942748684674424742e-01
1.877393748472586665e-01 4.168509772834574356e-01
-3.801231078622681614e-01 -3.452433562142836476e-01
-4.170129643756302906e-01 -4.496670495134607592e-01
1.527781100160506000e-01 -2.238608264993218744e-01
-3.973312999587126360e-01 -3.596100821945302228e-01
3.229035709047969882e-01 -3.954212467302127831e-01
2.064574153092017528e-01 7.119106845733409739e-02
-4.313077735728088613e-01 2.276266479705198464e-01
-3.746352687191339959e-01 1.406308374066798650e-01
1.623391349839433673e-01 3.642630654121872813e-01
1.247169474623355673e-01 -4.421549438466767512e-01
-4.170713331660080847e-01 -2.131656160335751171e-01
-4.204098107354092284e-01 2.741719177351458758e-01
2.834266715539435766e-01 1.856408679147301954e-01
-3.680368619495867355e-01 -2.263461375890228888e-01
2.019570825715525930e-01 -3.521506058219540658e-01
2.223900056562573835e-01 -2.395694217872783305e-02
2.263884639118539099e-01 -1.518380390224096932e-01
-4.032342486544189808e-01 4.177869457250224516e-03
1.942671879123648582e-01 4.172685989867041534e-01
2.022874421149302437e-01 4.185422853435305512e-01
1.770243132652694618e-01 -3.449522560392967452e-01
1.580917221607490153e-01 3.063714636321330786e-01
2.001448941563983008e-01 1.276318407467224442e-02
3.415051215918544214e-01 3.579242897981017579e-01
-3.898993266773911892e-01 8.084171216718319397e-02
2.762057556233274425e-01 -1.171345266558055792e-01
1.477965810053531448e-01 -1.932682325496004327e-01
2.711458062121403501e-01 3.937311831660461614e-01
-3.813077735728088724e-01 1.904969980372718807e-01
-4.013325889281896819e-01 1.397339508943805930e-01
3.143872396434694849e-01 -3.784711985616430741e-01
2.989645278163451381e-01 -3.209492758006354807e-01
-3.704098107354092395e-01 2.241719177351458869e-01
2.334266715539435877e-01 1.830439235628577854e-01
1.033069825642968648e-01 -2.678509318766026936e-01
-3.726271621859887917e-01 -2.533241553457533657e-01
-4.074674767124332186e-01 -1.101095313953227156e-02
2.705056228703945909e-01 -2.392909018923466136e-01
3.044156713275540382e-01 2.491689207490295765e-01
2.831696586141348448e-01 3.371392737369421910e-01
6.133266491976577250e-02 -2.091222097646488476e-01
1.994568525093091960e-01 3.766800728467740722e-01
1.270243132652694729e-01 -2.949522560392967563e-01
2.262057556233274536e-01 -1.063820822096780416e-01
-3.534167408584392711e-01 -3.816495476546909876e-02
1.440966764662294786e-01 5.260945667111062429e-02
2.127846695395855803e-01 -3.316477783805324431e-01
1.009916829929736193e-01 -3.421549438466767734e-01
2.424912864321274730e-01 3.196141957905394571e-01
1.775183808850565037e-01 2.075321006639920252e-01
9.953652592357969953e-02 -1.633839515113982149e-02
2.489645278163451492e-01 -2.709492758006354918e-01
8.988409285909219892e-02 2.668921330430142069e-02
1.995048128925262509e-01 3.793258633588488249e-01
3.228542268789151293e-01 3.152037305766894892e-01
2.866158106256499472e-01 2.078732652485940358e-01
2.160776948176378331e-01 3.668427995758826721e-01
8.682230752302387555e-02 2.464281788708500009e-01
-3.588607443479626680e-01 -1.502157083958225448e-01
7.415300817928228982e-02 -1.895221288058245857e-01
9.378669155488383868e-02 -2.348671632580283108e-01
1.900548442086180956e-01 -3.369297868888618819e-01
1.683541301991081096e-01 3.381801658377541209e-01
3.078952108655153563e-01 2.463999058091235761e-01
2.143872396434695071e-01 -2.784711985616430963e-01
1.207046363799106070e-01 2.211993581792374153e-01
2.081696586141348337e-01 2.598243731166220427e-01
7.631247433120502688e-02 1.964281788708500120e-01
2.553006157007085553e-01 -4.487384459716727003e-03
2.343435433223421405e-01 -8.243746125284517889e-02
1.557199505811915630e-01 -1.954212467302128275e-01
1.400548442086180789e-01 -3.434177289441543990e-01
2.293669040628530942e-01 -2.013719541323977236e-01
1.697890527581841780e-01 1.106791753351897695e-01
2.193083722814038738e-01 4.885250972469929592e-02
1.485665133582604047e-01 1.995862273053822800e-01
2.047783538996011954e-01 -1.693601167385054840e-01
1.105816044782891583e-01 2.396906605992155104e-01
2.249653966590266230e-01 -4.292810079892158542e-02
1.902548721504351281e-01 2.385109839700075285e-01
2.134528102377027947e-01 2.951750654404372565e-01
1.225319172221365355e-01 -2.556892152906410920e-01
2.512125770747754561e-01 5.080280953772486896e-02
9.503424891414695430e-02 -3.364567227222862722e-01
1.642462348196254418e-01 2.607611760073527685e-01
8.386157884360437298e-02 -1.284031867471481791e-01
6.175269507177195971e-02 1.137047415104341513e-01
5.589521881189427055e-02 3.230254825310864553e-02
1.712711954244984236e-01 1.630527948338479360e-01
2.489574103035187835e-01 5.378815228768683149e-02
1.081696586141348421e-01 1.880559495090675659e-01
2.031562418285798588e-01 -1.674494176396190137e-01
7.297845605058225771e-02 -1.577054290871539033e-01
8.259438167303123635e-02 2.034997861424630572e-01
1.192419068373958002e-01 1.034385849524803447e-01
2.276837955642682654e-01 -1.129735306514916687e-02
1.173908088413007506e-01 9.251420305988342085e-03
8.874370345644012892e-02 1.511273595096659927e-02
2.461962406482224308e-01 1.707574888849297534e-01
1.692261548515214264e-01 -6.550409989691241552e-02
1.457020179951877825e-01 -9.211349409154453993e-02
6.196037183965041190e-02 9.306816098464967824e-02
9.345927605910818448e-02 -2.047338708674533991e-01
8.338701586740082661e-02 2.235890048928509954e-01
1.605127443779962859e-01 -1.022075695146408975e-01
1.690083455775395482e-01 -1.257260467152393479e-01
8.391107538688549750e-02 -1.077054290871539005e-01
6.739080884130074778e-02 -4.074857969401166069e-02
8.260461832793371262e-02 -5.636925141183193877e-02
1.377041066511930922e-01 -1.386568615586116771e-01
1.777908636797248254e-01 -2.689613317890587885e-02
9.560217669166669319e-02 1.647611247747681751e-01
2.003505540681260466e-01 1.553668377247825194e-01
6.549347457536544570e-02 1.826536914417907220e-01
5.445362817445759118e-02 1.688677211167086134e-02
1.512125770747754783e-01 8.476152036449935423e-02
1.128541679269843140e-01 -1.451984956461244425e-01
8.059544883027434936e-02 1.858596094394569520e-01
-3.772873241554005053e-01 1.061539462679989415e-01
1.698151879333801018e-01 -3.808772110864679789e-02
1.276837955642682876e-01 -2.193174759995336967e-02
-3.756681929072679393e-01 -1.281465573624153143e-01
7.027788773500318054e-02 -4.075389711023099520e-02
6.309056642797727932e-02 -1.947923621562912821e-01
1.577269429466606754e-01 1.053668377247825166e-01
1.060388803651346884e-01 7.886505908455465619e-03
-4.053613022658891785e-01 -2.052937499726863735e-01
5.563406714516584001e-02 1.793666528232236435e-02
1.560175883971742783e-01 2.351173184187265175e-01
-4.104350472513370041e-01 1.066353678498823537e-01
8.766354074158247411e-02 -1.680473577317427580e-01
-3.573624992946214385e-01 -1.139775738984024067e-01
7.301929742056334494e-02 2.633989435485632746e-02
7.779086367972480598e-02 -6.379225272837557581e-02
1.124836330112317651e-01 3.612298002439891936e-02
7.468943997302104898e-02 -1.629778606801317309e-02
1.483521720696892310e-01 2.360529971197611043e-01
7.290967547417795402e-02 -3.605214636067066714e-02
1.577740104131912235e-01 5.733533764000835892e-02
-3.871590731874769431e-01 1.544898489831844635e-02
1.129889746668873707e-01 -2.058435026133190182e-03
1.574633474963804680e-01 2.360673488531966902e-01
-3.580009046683034768e-01 -1.253400383519565758e-02
4.936420649426719737e-02 3.677369622070536526e-02
7.338295043023528030e-02 8.446983722531004046e-02
-4.202340315246395064e-01 1.123536272701904093e-02
5.318578199202679546e-02 -1.059268430478671474e-02
5.602580944251614459e-02 -1.012409706331509063e-01
-3.575072486421037032e-01 1.638961801061913220e-02
1.202975688448442992e-01 1.394785363932933564e-02
7.517545416284268645e-02 -7.897362511836648891e-02
1.325065338332939435e-01 2.643612868087094059e-01
2.775732186214562303e-01 9.345217469144390110e-02
9.091702585563665728e-02 1.273179242471796369e-01
4.439684366633916274e-02 8.139897957125719063e-02
-4.067819729059967693e-01 7.830790434885406825e-02
1.261949123734548983e-01 1.383597143768452303e-02
-3.541739482593629362e-01 5.520185918643123746e-02
-3.939332609561261300e-01 -1.072811991690177241e-01
2.145859939172103381e-01 2.962710797024510900e-01
1.091371455833520243e-01 6.394785363932933842e-02
5.777401041319121799e-02 -4.266466235999164663e-02
-3.754945090102617122e-01 -2.265159831114889055e-01
4.904920995046322535e-02 6.910150136841812507e-02
2.236091862469155034e-01 -2.055350383747328938e-02
1.744609111257342804e-01 -1.231786533762011665e-02
4.248571733362945663e-02 4.975186845182419382e-02
-4.203894475939036757e-01 2.859696073518361303e-01
-3.733792002656866060e-01 -9.970775261507831833e-02
1.027329945250158860e-01 5.553251178558166884e-02
-3.512051106201084516e-01 -4.823338231855296698e-02
-4.202813068341471059e-01 -1.572811991690177269e-01
6.245687694285532998e-02 -1.096772358531557523e-01
-3.679236052164375215e-01 -2.214729025737211809e-01
-3.656826044927960484e-01 -5.965077477854317106e-02
2.830485472942771974e-01 1.295826216008711396e-01
7.137711007766499305e-02 3.714463789942151761e-02
6.534998978157245675e-02 -9.656726453455874437e-02
-3.795390494218426336e-01 2.595255267604882343e-01
-3.886505210759247375e-01 1.783079043488540738e-01
5.273299452501588325e-02 7.479803997578204910e-02
-3.868599181069156678e-01 -2.072811991690177158e-01
1.426593280205831760e-01 2.761186509971272907e-01
1.003982527102835198e-01 1.015920600559433867e-01
-3.678597427225315242e-01 -2.115235758568134172e-01
1.292228686672088900e-01 -1.083698609496703547e-01
1.192700874213668827e-01 -6.353365480553954669e-02
2.354256367214610235e-01 7.958262160087113679e-02
8.541578104161029472e-02 1.023037293978677903e-01
1.565322502111892722e-01 1.680440210319360528e-01
1.137428239613131886e-01 -3.708408715760426466e-03
-3.697938636155665426e-01 -2.585657393062003040e-01
5.918518895462463597e-02 -1.364184022469793478e-01
9.129938229308079412e-02 1.592367875414226197e-01
-3.863185542700125485e-01 -1.742329789919397354e-02
9.265932802058317319e-02 2.261186509971273018e-01
-3.906088611957524992e-01 -6.200307474931270740e-02
-3.730508091385683067e-01 -1.981398768145076483e-01
7.922286866720888721e-02 -1.184697911140353416e-01
-3.575245286247896170e-01 1.473575935177259127e-02
1.168931710167258609e-01 -4.126761855135231694e-02
6.706682677833411543e-02 -1.623491856448314730e-01
-3.954367094571688002e-01 5.485142243509127241e-02
5.646759841115799039e-02 -3.698300162922690815e-03
1.375108680318717913e-01 1.180440210319360500e-01
-3.965483332933676941e-01 -2.085657393062003151e-01
8.243631406790145888e-02 1.473521005678273266e-01
-4.208149548111277394e-01 -6.742329789919397631e-02
-3.499400127188947995e-01 4.377851486107602053e-02
9.900136562480205127e-02 7.200862988390752117e-02
-4.240920657797632720e-01 -1.120030747493127032e-01
4.229525476955475760e-02 2.687976978458729571e-02
5.177605190917082545e-02 1.035565561356508457e-01
6.689317101672585808e-02 8.732381448647685840e-03
-3.596183562372090026e-01 -1.312945269020600603e-01
1.170668267783341182e-01 -1.397152403269742438e-01
-3.842161053557158201e-01 -2.126098694495328068e-01
-4.052766797550980682e-01 4.851422435091269636e-03
7.513214261752529377e-02 1.355863394779387165e-01
4.260249678549312552e-02 4.630169983707731196e-02
1.147665099295347990e-01 -5.974060710900078175e-02
1.008056794294125286e-01 1.707343410263642280e-01
-3.968271548714923935e-01 -1.174232978991939791e-01
1.490013656248020402e-01 7.957678574992335663e-02
-3.504527394163740595e-01 -6.022061301591950105e-02
5.632152360230603672e-02 -1.978519618859474888e-02
7.132368629689538053e-02 5.873238144864768862e-02
6.671822606710461900e-02 -5.960161927526268222e-02
9.735398670704245583e-02 -1.261947148762573856e-01
1.057303422517101299e-01 -1.485975682594440628e-01
-3.628414727463816214e-01 -2.626098694495327956e-01
7.682363392841859429e-02 -7.532909657541270176e-02
-4.077877115980659828e-01 1.347538879402158246e-02
6.039079814114260009e-02 8.558633947793871377e-02
1.732721155912501643e-01 1.830674419135355224e-01
1.156060174506110955e-01 -9.740607109000778974e-03
6.244184337863224743e-02 1.554888240251613984e-01
-3.952927190779998989e-01 -2.133764734807101493e-01
1.044633087268013044e-01 2.213855189631520892e-02
-3.983815552199906351e-01 -2.027482762677348394e-01
8.188939056081931400e-02 -5.959253650130649782e-02
1.167182260671046218e-01 -5.326035567948010641e-02
1.473539867070424725e-01 -1.092021250720270342e-01
9.559154529665461753e-02 -1.744893460517041306e-01
-3.680831330211273289e-01 -1.802323523910288605e-01
9.825618486882867209e-02 -1.200230577534511511e-01
-4.085476964768921526e-01 5.824103670587142678e-02
1.232721155912501615e-01 1.456431540801185753e-01
6.560601745061109269e-02 4.025939289099922380e-02
6.701237832006215478e-02 4.393258946809081023e-02
-3.916755235508530553e-01 -1.751993415773616669e-01
1.989763028661172273e-01 -1.729867810352557489e-02
9.290060410492681497e-02 1.250268695515863171e-02
7.365335647477959380e-02 -1.041857424950169003e-02
4.105599143709799670e-02 -4.157599322415772569e-05
-3.483486173780365180e-01 -7.986959241634616902e-03
6.648031312068508614e-02 -1.531189308427996498e-02
7.417052094047892064e-02 -9.592536501306495045e-03
-4.130977377972012698e-01 4.413995599786386947e-02
1.588203409451200421e-01 -3.260355679480103630e-03
1.973539867070424614e-01 -5.920212507202703145e-02
5.458148124629269571e-02 -2.672083529879076824e-02
1.096290651479693429e-01 -2.173727320120854845e-01
-4.088682956580977912e-01 -1.629951034478182292e-01
6.980188216237576126e-02 -5.144194883884432856e-02
1.374975089735729905e-01 -1.017522394595460761e-01
-4.099320495609820592e-01 6.243632497022166827e-02
8.839850387161657386e-02 -8.043723178697523291e-02
-3.608818130181767336e-01 3.296364836644387342e-02
7.327211559125015872e-02 9.564315408011857256e-02
-3.699395329699590174e-01 -2.813973699449072718e-01
1.127828352342895024e-01 2.546942185151938182e-02
9.111891164088349593e-02 -1.063775352689073500e-01
-4.242722851947925422e-01 -1.534653937155177617e-01
-3.584666999709803514e-01 -1.139486427244287142e-01
2.037327326660323679e-01 -6.729867810352557767e-02
1.360838685264314507e-01 1.653630489119927577e-02
2.473539867070424503e-01 -9.202125072027028674e-03
4.939020312579216893e-02 -2.000975998836470454e-02
