-2.492042624400825357e-02 2.484816789374993951e-01
-1.914457558669147019e-02 -3.081241686299476257e-01
-3.756708265400525715e-01 2.451003332959391656e-01
-3.817816391366757323e-01 3.018190710946329069e-01
1.362471327401368892e-01 3.406165238131847461e-01
-4.152319784753983889e-01 4.268532894668308764e-01
2.279596752663797243e-01 4.799971945937485662e-01
1.485846105944986784e-01 4.203234837974761939e-01
-2.899545683411066666e-01 -1.647250061036789059e-01
1.296069771406216375e-01 4.502364788515905714e-01
1.072630493602388935e-01 9.922335261490999869e-02
1.065926737035712835e-01 -2.133343442992349237e-01
3.882698073928070315e-02 -3.107205209674633872e-01
1.244326445423524219e-01 -3.216084640286899776e-01
-3.317816391366757434e-01 2.518190710946329181e-01
-3.004737786981006784e-02 -2.854295065964181366e-01
9.486340316865690681e-02 -3.041504500146631762e-01
-3.598995962483221844e-01 -3.251866475312357729e-01
1.143339156007479873e-01 -4.294520485745171312e-01
-3.930392041320189267e-01 3.339637356254065437e-01
1.540886971538125982e-01 -4.057382004439323842e-01
1.223856146936084383e-01 -3.851337908042603564e-01
1.592859548405374248e-01 3.267932654210737864e-01
-3.192018765573699235e-01 -3.441513714561005854e-01
-3.742893014162884668e-01 -4.385688486300729494e-01
-2.951906393613733942e-02 -3.068146565278090931e-01
1.019939317976882032e-01 2.243603018105244651e-01
2.465249546064250674e-02 -2.043753337099064038e-01
3.403961173430029852e-02 -2.246443521141870403e-01
-3.375214751485598463e-01 -2.351546176201802507e-01
-2.883167694341920440e-01 1.357355599637888599e-01
-3.526279145419509709e-01 2.239705187532246011e-01
-3.478055223584155531e-01 -2.941513714561005965e-01
-3.242893014162884779e-01 -3.968906220280474795e-01
1.521636528739260530e-01 3.514037910319357527e-01
-3.454896074133843586e-01 1.200987478392830793e-01
-1.256972862948558395e-02 -2.568146565278091042e-01
-3.281425857297090576e-01 -9.649256326000470174e-02
6.612155991831639157e-02 -2.903026719061187477e-01
1.189232328881458384e-01 1.895127859450281838e-01
2.844401313913702892e-02 -2.858427937463320911e-01
8.492812091171134115e-02 3.160467365515476357e-01
9.870298274156145968e-02 -1.600904074293879042e-01
-3.647395637068296947e-01 -2.441513714561006076e-01
-2.923365260013972566e-01 1.229065989242224544e-01
-3.174886261313764613e-01 -5.223388856518103307e-02
5.587898552897528626e-02 -2.293877030337574396e-01
-2.894299084349792328e-01 -1.506986779541005794e-01
1.116640763425095356e-01 2.347659445815468426e-01
1.019095583115397219e-01 2.625767508623726501e-02
1.177097980750824169e-01 -3.001508904470746031e-01
1.917659755542656108e-01 3.984064158020349522e-01
-5.295957973001966246e-02 -2.393850184510766255e-01
1.077963393257433261e-01 -1.811678342176908929e-01
1.037751671389547242e-01 7.213479849681125877e-02
1.192109675121082735e-01 -2.233158690628217757e-01
6.837035878756428375e-02 1.237826326394413090e-01
8.274467125676840396e-02 -1.996289567709706447e-01
-5.837306328577575310e-03 -1.482705274651828775e-01
-3.463604090463069385e-01 -3.653568569582102410e-02
6.638193373692671817e-02 -1.152065761015489409e-01
-2.852951953401491325e-01 -9.415137145610062708e-02
6.950393569657585535e-02 -2.001508904470746253e-01
1.007742156766585490e-01 -5.711665850757766116e-02
1.021735340214678656e-01 1.307619165433067665e-01
3.274467125676840118e-02 -1.496289567709706558e-01
1.027164809547270463e-01 -1.198119529106433240e-01
5.939070706688964751e-02 2.274648758461403630e-01
1.760145512738281459e-02 -1.083968964147651731e-01
5.077421567665854618e-02 -7.116658507577658388e-03
-2.867172006889512903e-01 -2.286165981544231035e-03
7.999301924382452855e-03 4.785514958099550131e-02
1.089171284367572018e-01 -1.001508904470746336e-01
-4.382119614607390967e-02 -1.058097259128634032e-01
-6.468782924825640379e-02 -1.103906821529750393e-01
3.868517524924051931e-02 3.382414191212329557e-01
-2.762672271407989877e-01 7.286955501147780734e-03
9.031330309163657089e-03 2.238596488451163324e-01
6.413736050268428746e-02 2.634905719647331335e-01
-3.579593874031115064e-01 -1.310906345742446355e-02
-2.813462940897838993e-01 -3.855310950728380037e-02
6.831125869841382647e-02 3.153764265211373430e-01
4.811873062322694072e-02 6.358269694204279898e-02
-1.227065625926455211e-02 2.047322753425578901e-01
-3.014929297879287429e-01 -4.137469639030502688e-02
-3.635594456586613843e-01 2.152830836323590402e-01
-3.346980785211975951e-01 -3.070029585907089326e-02
-5.431477978816827423e-02 -1.520898907027806168e-01
-2.969421365370867316e-01 7.833787219995547169e-02
1.212056308684409112e-01 1.999926044908150735e-01
-3.463461484448075445e-01 -1.583591365193097178e-01
-3.284236108682488386e-01 2.041084822990327785e-01
-1.969513687351675049e-02 2.608465397605759795e-01
-5.711336699168514941e-02 1.383672369739045727e-01
-3.502277807021715317e-01 1.652830836323590513e-01
4.675388490266794983e-02 1.688522839898986549e-01
-6.674326120364826309e-02 -2.670476673592315359e-02
-2.046147737115591725e-02 2.187407338156115155e-02
-3.283184044763409748e-01 -1.787501863852869188e-01
-4.248943726741982035e-02 -1.060809423856585165e-01
-2.818572536753299884e-01 -5.347165106306860094e-02
8.718920104355504241e-02 -4.743785118007065593e-02
1.738007944102822055e-02 -8.848351136444164433e-02
-9.072182231323161483e-02 -3.100593519980988574e-02
-3.019901390884833781e-01 1.152830836323590485e-01
-1.741471404125873035e-02 -7.909095577806279920e-03
-3.086660019122300924e-01 9.052501425661291234e-02
-2.823248360136112467e-01 -2.721357886611547316e-02
-3.090177888910575210e-02 2.160014626581697739e-01
-3.155782993206515119e-01 -1.304956997914930861e-01
-2.783526204891874078e-01 4.499840650725485391e-03
4.591606679285070713e-02 -4.046953373373941842e-03
-3.076309554782635791e-01 6.358270775555360799e-02
1.273040074507515718e-01 2.466841054452160731e-01
-2.838758209652872400e-01 3.077399663718591305e-02
-8.143559878151934717e-02 -6.848228536435424507e-02
-8.001604571584421122e-02 1.825427606579186485e-02
-3.257190556782816326e-01 2.332974636640837429e-01
2.046958862992810657e-02 2.122008129074832300e-02
-4.286744294307980041e-02 -1.514288065753151558e-01
-1.128970337084533870e-05 2.447898864169635313e-01
-6.746101173090388037e-02 -5.024152665809855645e-06
-3.112573154056636482e-01 -1.226994254003160034e-01
-2.959261449262298727e-01 9.980309811176650558e-02
-5.183713373050817530e-02 -1.934128560471264080e-02
2.524001975072956427e-02 9.715123094643214607e-02
-3.226616922193299986e-01 1.330319881313429264e-01
-3.368425675467842106e-01 -5.976663050024808715e-02
-3.121910266959166888e-02 -5.410812666626941408e-02
-1.160305424578622624e-02 1.771966126256701579e-01
-2.838373842757327403e-01 3.201633845407374918e-02
-8.156844550615920120e-02 -1.438246094660458607e-02
4.287324884302931571e-03 8.865452093521609955e-02
1.735348080045825969e-02 -6.112533544485525966e-02
-8.489106231039371397e-02 -8.337423955308169432e-02
-3.337689055412801920e-01 5.665089415748877921e-02
1.369616824119050391e-01 3.623454174923912974e-01
3.346664141942640863e-02 3.204650266659595514e-01
6.424928043475897077e-02 2.473462981203807809e-01
1.374384067289008068e-02 -6.307326478034436246e-02
-4.008864693772071219e-02 1.338576666134353443e-01
-8.169344765656169627e-02 -7.512866014005724347e-02
7.166000207712518166e-02 1.459530466266260595e-01
-5.267546831295359666e-02 1.040422770271170333e-01
-3.628137007816157888e-01 1.445020094827194346e-01
-8.060553292938575642e-02 5.325731002979224027e-02
2.252449775720830050e-02 2.084282299576059594e-01
-3.188583498053358944e-01 5.758453434137405375e-02
-3.685455747783387692e-01 4.143754044301738160e-02
-1.224021905378258612e-02 2.685029908676194732e-01
-4.119484369067921703e-02 1.014416738367269165e-02
4.832369484419712230e-02 2.463894635234598063e-01
9.473082328837459376e-02 1.408771287134223393e-01
4.544638551789902114e-03 -2.347245446761487414e-02
1.252400197507295698e-01 1.971512309464321655e-01
3.429491569802470274e-02 3.039356281817554573e-01
-3.127815452469556723e-01 4.239322423332587270e-02
-8.757032331662718827e-02 4.193311800454512656e-02
5.396476127290993074e-02 9.756051395384421343e-02
-3.522682116556598020e-01 1.000909780242606045e-01
1.595715255084117004e-02 -1.393599118060616093e-01
2.074271957130561367e-02 2.266446978392143430e-01
-3.802427449798889691e-02 1.701629491805539129e-01
8.696168241190503634e-02 3.550890127598394508e-01
-3.995577504812572456e-02 -2.512866014005724069e-02
-2.921933197218468670e-01 1.075845343413740496e-01
1.843155449384080435e-02 6.019266257014508313e-03
-2.557293194837268954e-02 7.821815702927156777e-02
-5.027265715225028020e-03 -2.749380144735893289e-02
-1.676305155802880476e-03 2.175162124215106185e-01
-7.380180043780856791e-02 1.115512521221048575e-01
1.433985740595703634e-02 6.803190591149568811e-02
4.422215956780789492e-02 7.385549360386163553e-03
8.933685861030968289e-02 1.015603292477713360e-01
1.562637375865602932e-02 -3.042583790336089028e-02
-6.812936183713313998e-02 5.661260246889335268e-02
-3.262075457441204751e-01 5.009097802426060175e-02
-2.838659950339950111e-01 1.004907656209792360e-01
-6.749698573915129118e-02 -2.221055849186327757e-02
-1.788864482981802548e-02 -1.893599118060615982e-01
-4.215632010208783531e-02 -1.584720458472105575e-01
-2.024036725433792788e-02 1.201629491805539102e-01
-7.624593572344071091e-02 -3.506487162425950266e-02
5.018661092192535506e-02 3.050890127598394619e-01
7.155814998289015960e-02 1.473462981203808031e-01
1.977681216861958483e-02 4.607210485389499899e-02
-3.861166288458005996e-02 -4.137083759991960763e-02
-6.296129179741136173e-02 5.386232952901785775e-02
-7.903169727142492218e-02 8.154340858069290821e-02
1.272011651344446548e-01 2.128356115505236901e-01
-4.779170873499938299e-02 1.380143113098771801e-01
-9.616098294020221371e-03 1.078593561893343850e-01
-2.497390977807602275e-02 8.907469416380572880e-02
-2.932142151480447434e-01 1.570116670198689474e-02
-1.050064301080675527e-02 1.379861121848844352e-01
6.302179060453153014e-02 -3.340701081407675133e-02
-3.061729630967810478e-02 -1.354283481172965375e-01
-7.740330001165020291e-02 -8.362368674125639223e-02
-3.688448344295155445e-01 -1.295127643684030883e-01
-2.992119982958179047e-01 -5.760677576667413285e-02
6.717765277165867188e-02 1.372894775048189853e-01
-7.069221836940314807e-02 3.579042617458468023e-02
-2.762075457441204862e-01 9.097802426059897751e-05
1.394058807856143195e-03 1.702294631030626670e-01
-1.789945531224419739e-02 1.589452977868098249e-01
-2.896228478908212667e-01 -2.116163948871596645e-02
-6.788864482981803172e-02 -1.720275470629147874e-01
1.058992532835542448e-02 2.196675003433980547e-02
-3.185928770248770692e-02 -1.126052812204707404e-01
8.147167800725432785e-02 1.261162787892295412e-01
-2.880773945659020202e-02 8.113231751927251628e-03
-2.593557421962604595e-02 1.266446978392143374e-01
7.843679897912167465e-03 -1.084720458472105548e-01
-3.535318238826506282e-02 1.095760201900184555e-01
-6.566940523278136377e-02 -8.506487162425950543e-02
-5.197440693688373803e-02 4.112348352238869020e-02
7.277476647624153694e-03 3.208171508720234627e-02
6.272418245172391160e-02 2.029242721856295006e-01
-3.332194445432565821e-01 8.883247808667157908e-03
7.262559987332189992e-03 1.442439714188858690e-01
-2.325619382556630768e-02 1.629308881942195530e-01
-4.933243548268018142e-03 8.605683012265973042e-02
-7.743182828924097261e-03 1.486102374006324223e-01
-3.023412407928115497e-01 1.308176347156341790e-01
4.217419872928151320e-02 -8.496796622748251093e-02
-1.296129179741135895e-02 6.548344635416641912e-02
-5.064798584955287203e-02 -6.699092228742833943e-02
-2.939546890473521482e-02 -3.642128377950907409e-02
-6.169630993953879872e-02 4.475492783957951692e-02
9.860904204830696351e-02 2.628356115505237067e-01
-2.723173365062809409e-02 5.785935618933438218e-02
-4.043244629375598864e-02 -2.101201836228750591e-02
-2.904647623052363237e-01 6.165093629731344810e-02
9.301019838922773564e-02 -6.396506302062814064e-02
1.071352058128811555e-02 3.981925064072762421e-02
-8.619189504074566133e-02 4.336306949125873222e-02
1.280680395820055911e-02 1.242195668157427407e-02
1.938270369032189799e-02 -1.278238609242484114e-01
-5.759478168201238868e-02 -7.744855106803391620e-02
4.765916539816467817e-02 9.822941836675237737e-03
-1.757303924665937905e-02 1.155125212210485197e-02
-8.734395742110009908e-02 2.284216498143219753e-02
-3.262988746275706509e-02 3.351724627400669981e-02
3.034536939699230065e-02 2.891106775909224602e-02
-1.779584782316677438e-02 -5.363489963166420682e-03
-3.598925345798316411e-02 1.322139333222926982e-01
2.945575087471043185e-03 1.380279341520906922e-01
-5.912718432585839512e-03 2.737233483624193497e-01
-3.584601229198611932e-02 1.463753840715039112e-01
4.832705983337855227e-02 1.539356281817554906e-01
-4.780295785330860442e-02 6.070945837306315762e-03
-3.188448344295155557e-01 -7.951276436840308548e-02
-2.567376826316569022e-02 3.247050122680615603e-02
-3.098185200369012460e-01 -4.916076924332363901e-02
1.717765277165866911e-02 1.621529461624012791e-01
-5.983368226526611378e-02 -1.363154283165696201e-02
-6.788827687721883664e-02 1.082976374848112905e-01
-5.522132174354550671e-02 1.212948068786168371e-01
-2.772224821190611421e-01 4.583833439837695090e-02
1.299539003455230796e-02 1.522973299573912032e-01
-1.788852741157576781e-02 1.269613580369912953e-01
3.214486368766120844e-02 2.626732561482433836e-02
-1.330337274144072907e-02 -9.632110521326461838e-02
-7.119068772015453572e-02 7.664469783921433466e-02
9.630381766492106255e-03 -1.014817261254967878e-01
2.791029783102258466e-02 4.325656406824089639e-02
-2.400728422767332837e-03 2.016294918055390462e-02
-6.988655461994279505e-02 1.473482633921769647e-01
-4.608088665639725051e-02 9.078777097639396942e-02
4.959629216236255411e-02 -3.827373988581397879e-02
4.782678323134927079e-02 6.314173964701005892e-03
-1.599854252727338222e-02 1.106455968241241289e-02
3.463527142419259297e-02 -1.376931115915646514e-02
-7.057203842406749306e-02 7.567928970587915749e-02
1.272418245172390883e-02 1.853901046651519890e-01
-2.832457107840544719e-01 -3.271674282295732733e-02
-1.865350346204213555e-02 2.422654404305386033e-01
8.927470240991898509e-02 -9.526187751982718999e-02
-2.844185001710984595e-02 1.052969972550258093e-01
-9.241276678616454354e-03 1.183303098546191062e-01
1.006234761791600929e-02 1.083614900646018842e-01
-4.932443417820533971e-02 3.224685564782529823e-02
1.001185443250720286e-01 8.087304876766265860e-02
6.731685243569646149e-02 -1.116255302973928193e-01
4.269489237186506470e-02 6.381664157220226508e-02
-3.018452361965415776e-01 -1.419777998111843714e-02
2.365706928229120362e-02 1.735120115860604856e-02
3.703870820258864383e-02 1.102643435586162513e-01
-2.964958719363838813e-02 1.307851327327642921e-02
-4.665005659030678486e-02 1.254680486812221329e-01
-9.547117211975399836e-03 -7.015822375633967711e-02
7.980984875558058689e-02 -2.059641416147946213e-02
-1.744113650425405809e-02 -5.063500527665437678e-05
7.883513708862827096e-02 3.128356115505236956e-01
-6.770840025006553964e-02 -1.190142923589167373e-01
3.182946253025622368e-02 9.221259963826430872e-02
-4.389702654385355118e-02 7.859356189334379406e-03
1.245539416473875893e-02 -3.834701361947005782e-02
1.781235662022773170e-02 8.364650789670013964e-02
-8.020979984773062010e-02 4.696080090877452484e-02
