-4.400580836439639265e-01 4.163773099872170036e-01
-4.386995111150777116e-01 2.504123009716848203e-01
-4.367403292721666608e-01 -3.772545521832608717e-01
2.535197357253319850e-01 -3.155433813094474793e-01
-4.264087989264946921e-01 2.856707825699551506e-01
2.221891317458214998e-01 7.852266832708955369e-02
-4.162805980447645271e-01 1.958656637410665091e-01
-4.239870747908959792e-01 3.012339516066075973e-01
-4.883274351865961038e-01 -2.174242851555052009e-03
-4.162447751887823899e-01 2.091365196780219093e-01
