-3.829035429502369303e-01 2.757281266747445003e-01
-3.976447801491360123e-01 3.361059473333096181e-01
-3.954686425223306601e-01 3.430929368974244276e-01
-3.956987300167928434e-01 3.378524290782380923e-01
-4.069908003225483628e-01 3.185162980490439111e-01
-3.929905103661482935e-01 3.367996867894348934e-01
-3.950957693227100109e-01 3.460983801011053851e-01
-3.984190852227774693e-01 3.346890475711307711e-01
-4.120465802714352033e-01 3.085621558817274734e-01
-3.832625441067682437e-01 2.772842370908387699e-01
-3.950079619570107670e-01 3.452030389394095677e-01
-3.904886652786099810e-01 3.229621842305534507e-01
