2.485542802673853524e-01 2.913446707461393448e-01
1.555263104598589852e-01 -4.693006160101804713e-01
-3.946011570393450629e-01 1.488721032912042608e-01
3.998682254610680387e-01 4.512366390948270300e-01
-4.104333020656295572e-01 3.473272549791464048e-01
2.896963649835014865e-01 2.601383457403456667e-01
3.682432353732641994e-01 3.729213916135353246e-01
2.112205309795596175e-01 3.311678604677911197e-01
-4.259834340452675061e-01 -4.091484799632236768e-01
2.742439049671232532e-01 3.875468653649597472e-01
3.162157659283908462e-01 3.463982251435220316e-01
3.639910067585492293e-01 -4.450760524953697450e-01
-3.929447406428407952e-01 -4.826424874217888350e-01
3.070907845319053031e-01 -1.575363407534272620e-01
1.477070042030775854e-01 -3.589133776609804150e-01
1.028217248034419828e-01 -3.895380331013258424e-01
-3.622009784306695623e-01 1.897957588990006883e-01
3.049187357746219185e-01 2.020712885281755744e-01
-4.368549187231600683e-01 -3.829579640582265743e-01
1.821867610282525973e-01 -2.647214969362653436e-01
-4.127373482495708124e-01 -1.455942132820240986e-01
-4.087745111168193390e-01 -2.223084121637212696e-01
2.532965702094897575e-01 4.607115165254756506e-01
1.790502490239227196e-01 -4.193006160101804825e-01
-4.289793799837456345e-01 3.673476074941121605e-01
-3.636553231425121990e-01 -6.034348676525867761e-02
-3.446011570393450740e-01 1.199679102298411154e-01
1.594006375740558146e-01 3.394136539802211083e-01
3.498682254610680498e-01 4.261599443034103651e-01
2.439836217909455152e-01 4.088535775786234505e-01
-3.987945451883242454e-01 -1.193391831315028656e-01
-3.855742469144138318e-01 -2.998301383538109488e-01
1.846727630393796560e-01 3.451483061651438589e-01
-4.177583405071558231e-01 -4.828868883869967543e-02
-3.993652614985069849e-01 -3.251809843990590143e-01
-4.316584166835241154e-01 -3.591484799632236879e-01
2.807726871293255710e-01 3.565230424589939662e-01
-4.313837941854891667e-01 -1.582015804082479715e-01
9.770700420307758260e-02 -3.089133776609804261e-01
3.042732995042818911e-01 2.271778119634124127e-03
-3.861763485654394201e-01 3.250824471715840769e-02
1.188018481860886738e-01 -3.073179826290144412e-01
3.022574790091221986e-01 -2.568737982567251832e-01
2.549187357746219296e-01 1.520712885281755855e-01
6.491803152548633604e-02 -3.431199982045536334e-01
-3.679646635811827937e-01 -2.267032381356798854e-01
-3.789793799837456456e-01 3.173476074941121716e-01
2.164210335447191713e-01 -1.667145986749082320e-01
2.998682254610680609e-01 3.761599443034103762e-01
2.029284777686804486e-01 -3.029165924405062826e-01
3.068766631691244307e-01 1.389137539329026727e-01
-3.372084680603177342e-01 6.697475899515252518e-02
-3.493052364616002770e-01 -2.498301383538109599e-01
3.338709082770840442e-01 3.212426531381925021e-01
-4.303209753644048341e-01 -3.091484799632236991e-01
3.385075174021451305e-01 -3.162962387256718078e-01
-3.813837941854891778e-01 -1.365197851899852544e-01
8.717581273528596242e-02 3.061525673943806813e-01
4.770700420307757983e-02 -2.839368878912047478e-01
1.186488193444095035e-01 3.198055379116889752e-01
2.856410278915856860e-01 -2.269526895496550845e-01
7.290771734181790420e-02 -3.079823781315274567e-01
1.518007881932391667e-01 2.739510634517869359e-01
2.417619554115494340e-01 3.829805812172643598e-01
8.673453000469312502e-02 -3.282854024054848163e-01
6.941515778347903676e-02 -3.714632215256961079e-01
-3.803209753644048452e-01 -2.591484799632237102e-01
6.984483031230512284e-02 -2.878329364077674701e-01
6.940349031343825970e-02 2.357400291211437793e-01
2.328979938420331908e-01 -3.015270061040127292e-01
2.088879564795464161e-01 -1.290751908566122874e-01
3.242605490046441830e-01 -2.696605597744554106e-01
3.041926850343778521e-01 -2.266810017735958888e-02
2.666446433383278802e-01 -7.767580259714321200e-02
4.062087081659482984e-02 -2.390497401874109307e-01
7.981993723646400862e-02 2.092990125689114522e-01
1.043975766182207165e-01 3.176159944303410532e-01
2.432698736308523402e-01 -6.506477820470472906e-03
2.030994028356045977e-01 5.562577466104980106e-02
2.198861442378584885e-01 -5.420987974213729854e-02
7.679212214169413298e-02 -2.450595742143780731e-01
1.176712850669226068e-01 -1.015831145169783095e-01
2.150571383836813733e-01 1.455348213421575887e-01
1.088201288544897588e-01 -2.193655162086390609e-01
1.518901179130253964e-01 -2.105681361696895570e-01
1.897637767505986894e-01 4.792028451743729489e-04
1.037552173466188832e-01 2.100440237011892974e-01
1.675917728694638620e-01 -1.635502818924307045e-01
2.041014348164406633e-01 5.053415522891278183e-02
1.303997705530427487e-01 1.428427379162766631e-01
2.262434200729488143e-01 2.297849303875984517e-01
2.115839222122298802e-01 3.754912827654503099e-03
2.088199026328012298e-01 -6.513221771339533506e-02
8.564458887785483809e-02 3.452757707432851236e-02
2.176488212845770764e-01 2.483768261680031897e-01
1.208852560192660852e-01 1.687677962153820710e-01
3.533402501377316818e-02 1.380236642260493918e-01
5.993486162254921257e-02 -2.099881434432691318e-01
1.407965565501619609e-01 2.026085389404108095e-01
2.277598680365697237e-01 1.470091649276963619e-01
2.017801938472953693e-01 -1.020611872112581336e-01
1.279952196527351371e-01 8.900461763532888093e-02
2.443248692169883163e-02 1.027631075901185298e-01
7.008058793431937161e-02 2.048756493756181962e-01
7.305627257877447822e-02 1.176549984072738086e-01
6.127301747765263873e-02 1.279193452823259580e-01
1.148409276719699473e-01 6.043001871551620385e-02
-3.578078393927240364e-01 2.006883923680851667e-01
2.176878710512243076e-01 1.277906553538254997e-01
2.069111854957055019e-01 6.115935341141281317e-03
3.097116076160799647e-01 8.332443052766046188e-02
2.086449536105211000e-01 1.235236898900429203e-01
-3.396986670734584157e-01 -3.875350690602351322e-02
1.414438265010649343e-02 1.995935862384693588e-02
-3.655886937878460863e-01 -2.310410760904843194e-02
2.644232330104466233e-01 5.294922768982336658e-02
2.020872809985653495e-02 -1.893758533622988752e-02
1.469057760075831998e-01 -2.174043268271759477e-01
5.958446524333205208e-02 1.845155440379452061e-02
1.603105958824813104e-01 7.352368989004291755e-02
1.127347762028712286e-01 -3.234500159272619968e-02
1.092142615997739874e-01 2.073144250811792544e-01
6.178931622430474530e-02 1.191987079987293363e-01
2.695978044511367910e-01 2.613748649334894300e-02
7.020872809985653773e-02 -2.078492854708402851e-02
6.538574428396608240e-02 3.807188366242017508e-02
1.188511279702739593e-01 1.276197327017007388e-01
1.586249713680943918e-01 -1.077022706453878154e-01
-3.426773938160811439e-01 -8.511843819051422011e-02
8.556651359000849721e-02 -2.085552041761242759e-01
1.748820728353824849e-01 1.302806699785402644e-01
1.170262355931258880e-01 4.718532602284650213e-04
1.615398080593347108e-02 2.988301275643133470e-02
1.538574428396607963e-02 3.147454732943200800e-02
1.465614766097504684e-01 -5.511530134442428619e-02
4.662393818356790065e-02 5.135605892677642947e-02
2.347629702365043036e-01 7.277322379373513117e-02
3.034807748573782604e-02 -1.358337949339578077e-01
1.548458996291178780e-01 -2.438805838445905483e-01
7.175367507569806180e-02 2.246352835300310241e-02
1.576172613398149625e-01 1.542804056711095106e-01
1.355665135900084861e-01 -2.156540031887467790e-01
1.562446172920587406e-01 1.000719398724395359e-01
1.138494609183574036e-01 -1.491429715569264902e-01
5.352869937737565059e-02 -2.106614634335791381e-01
1.976713238429934627e-01 1.164752033258814740e-01
3.414406288752822732e-02 1.742372047997388096e-01
2.401276424369598941e-02 8.215453131495251138e-02
1.098533481494880504e-01 -6.417943851557077195e-03
7.322838055012220737e-02 -1.129841160700192360e-01
1.578600674302347295e-01 1.149974633282707520e-01
3.642799908351702226e-02 1.128020124639274868e-01
7.580259212903636690e-02 -1.238188126129433214e-01
2.463394507914641318e-01 -5.408195890918482407e-02
4.759557545833621034e-02 9.069259987538889900e-02
-3.600798076959725869e-01 -1.254314658221804824e-01
-3.608864476148712641e-01 -5.551624540393854113e-02
1.542742939173524508e-01 5.007193987243953315e-02
7.657444440028818300e-02 -2.157716204470849219e-01
9.619491167197724568e-02 -4.508153300818110165e-02
1.398909087726662448e-01 8.931251207364268585e-02
1.509899691067828342e-01 5.509983699333346335e-02
3.733453946858504569e-02 -1.881252398730382802e-01
5.562291022230400617e-02 3.809536251449868044e-02
1.172646508835047952e-01 -1.124372699670566911e-01
2.536943755193276501e-02 -9.773352098683130151e-02
4.356045498331573285e-02 -8.628225073405883239e-02
1.352010571606960809e-01 -4.950079345056433017e-02
8.528897630186260681e-02 -1.468929145611316267e-01
2.886769447739617189e-01 -3.106786419933510457e-01
1.633540412328312041e-01 1.105256122797096119e-01
7.892863256091250945e-02 2.393864495948298116e-02
8.670194851227937261e-02 -1.738188126129433242e-01
7.856916672100766608e-02 -1.252365371497682900e-01
2.214600607236000274e-01 -1.040819589091848268e-01
1.007849549378559417e-01 -2.065092250661421103e-01
5.220426074199809030e-02 1.411563747489217868e-01
2.792000687322520602e-01 -3.595402126667363030e-02
2.213019889538900276e-01 -1.697147940624870593e-02
1.142583499481856363e-01 -1.168280591653656636e-01
1.053597673503383209e-01 8.934157544691907760e-02
3.429153141174029473e-02 -7.811693663479027383e-02
3.601190169406778829e-02 1.033326347399294159e-01
1.687789680382715818e-01 -2.640932283101565248e-01
-3.410977374094303904e-01 -1.055162454039385439e-01
6.974832820163182068e-02 -1.731361235366397355e-01
4.575099759234753372e-02 3.333595092370772450e-03
3.975338506128332783e-02 4.520918136725273623e-02
1.150389216323676189e-01 2.277263910791110513e-01
1.213212129356696506e-01 1.053764173061817605e-01
9.684375644301851382e-02 5.178856988903998010e-02
6.769303754904816561e-02 -5.484774181023686912e-02
7.083070388005399676e-02 4.898329830256161616e-02
1.898909087726662337e-01 9.735765749139041469e-02
1.788800292965976590e-01 -1.697659698751146501e-02
1.293632009606843492e-01 -7.553222173152232544e-02
1.714239656497737740e-01 -1.718072487574978102e-01
5.141290517367614471e-02 -1.403894964004545054e-01
3.453290155726804894e-02 3.872608338012110962e-02
1.050267887499765213e-01 8.533448097947141098e-02
6.004165266358546527e-02 -5.421632511918575426e-02
4.806429959868450258e-02 -6.938812962895020420e-02
4.124711121127884461e-02 -3.325185645993991579e-02
1.136032206224059787e-01 5.168874643323174284e-02
2.165072053572497102e-01 3.007401102711907553e-02
9.099134982614344447e-02 4.943774415197056682e-02
1.463904434893215090e-01 -1.829684264211458855e-01
2.386769447739617300e-01 -3.333896543117907951e-01
1.732283805501222129e-01 -7.169015808936390899e-02
8.355228274074158468e-02 -2.407799470829694866e-01
9.856785113601151949e-02 -1.009699614215840424e-01
1.103687526272361663e-01 8.179905663384869074e-02
4.565763348830875756e-02 5.417792806136951383e-02
1.171705072710836210e-01 -1.987037413693849564e-01
7.453627746641199037e-02 -9.307400124611106551e-03
1.268038675546549476e-01 -3.484167693620826567e-02
1.396579978449513093e-01 -1.226179844889996665e-02
3.953806674014639227e-02 -1.888831259390369721e-01
4.408589666942371726e-02 1.897121830710837842e-01
1.898248919943474888e-01 1.380061305653585563e-02
2.488964927679651051e-01 6.442614873406860010e-03
1.544276695640159069e-01 8.435765234322069317e-02
2.806794701949291704e-02 4.256156131902394391e-02
1.713019889538900387e-01 -1.381873801431513643e-03
5.668483791418456319e-02 -1.235696154933672020e-01
1.044199421502347569e-01 -1.261492975055320542e-01
1.797236578108642457e-01 -3.321419574610008640e-02
1.470955595526435566e-01 1.061401805775323559e-01
2.213972304056488830e-02 -2.316908111087387714e-02
1.417477769671757204e-01 3.934157544691907482e-02
4.283397081811594898e-02 -1.696454607527703162e-01
1.338113835470648438e-01 -1.584793665262705931e-01
1.565206461977239338e-01 3.277083627097020224e-02
4.480624729493989239e-02 -1.606486982423800391e-01
8.916300900933812890e-02 9.310635806582309715e-02
7.961200051835801150e-02 -1.351529238221944595e-01
1.008852655348734528e-01 2.192249881940254996e-01
1.046083601455404660e-01 9.970294387672368197e-02
7.134151531908305977e-02 -1.678070758242801719e-01
1.468437564430185027e-01 9.109759020210730918e-03
7.895770740414476130e-02 -4.847741810236866344e-03
4.183315504290013864e-02 1.173559241149087357e-01
2.366108963485901440e-01 7.749985945933204889e-02
9.728008778667383838e-02 1.358119739295476913e-01
7.866455937187585845e-02 -2.410160796769984515e-01
2.585788942558442383e-02 -1.424541753224147778e-01
1.502267545643100610e-01 -3.396405641497281247e-02
7.936320096068434637e-02 -1.255322217315223421e-01
2.079654388749580529e-01 -1.218072487574978074e-01
2.401944876847963983e-02 -5.965806517278102877e-02
1.484363749111421438e-01 -1.243285203653368559e-01
8.186859816712838134e-02 1.353344809794714276e-01
1.238585444342460151e-01 -1.673021675770607619e-01
6.729167757827826668e-02 2.142255783984778339e-01
1.084713402510410485e-01 1.688746433231740063e-03
1.619333955910334799e-01 -6.642336166691595323e-02
-4.321525614472879195e-01 -1.645289331491249230e-01
9.639044348932150619e-02 -2.109314310591755837e-01
2.122641245009665167e-01 -3.341368042725703646e-01
1.335522827407416013e-01 -2.685018757947071344e-01
2.030122697754086214e-01 5.454170744182542524e-02
3.069411695934071149e-02 -2.201512052263890698e-02
1.485678511360115084e-01 -1.509699614215840313e-01
5.398245565183776296e-02 -1.015139889076146912e-01
8.467080921328137832e-02 3.179905663384868797e-02
4.829320096379621785e-02 4.978780120527556696e-02
1.574905261283287561e-01 -2.120064514372983211e-01
1.214600607236000357e-01 -1.885637436744885820e-01
1.494311959240349763e-01 -3.024879264320951000e-01
4.763506973263562094e-02 -1.164189936273878068e-02
1.750836346036421798e-01 6.375680739676606312e-03
8.965799784495130653e-02 -6.226179844889996595e-02
2.286343930751899012e-01 6.380061305653586534e-02
1.702684640577735165e-01 1.047571307855659772e-01
1.496636636359632289e-01 2.987616635490122560e-02
5.441994215023475412e-02 -1.258202273109819136e-01
2.007550238510860674e-02 2.709911793900568466e-02
2.285145350385303364e-01 -2.012855030594268291e-02
1.826831620353136232e-01 1.104469817549204036e-01
1.904829962482646952e-02 -2.762876018555205856e-02
1.260810128055578350e-01 -1.065842455308092795e-02
7.153326041297908278e-02 3.332634739929410395e-03
3.005979505120922601e-01 -2.956051322715255725e-02
2.740518677413901483e-02 8.722908792857206328e-02
1.432467982037651244e-01 -2.091107186247532779e-01
7.521906928059658715e-02 2.527296220458774556e-03
5.991625408515763307e-02 -1.902017336067148012e-01
1.391630090093381455e-01 1.360575942430629626e-01
4.301893721291512318e-02 7.968650032244298242e-02
8.819139537691936259e-02 2.211166238059925904e-01
1.595582557311558403e-01 -1.652036737151099111e-01
1.127781841988449718e-01 1.308136585525644935e-01
7.654141538199639438e-02 -7.218129072325928097e-02
2.147561106277530441e-01 -7.189084580067096886e-02
7.138938837444751273e-02 -1.178070758242801691e-01
1.994428966232592859e-01 8.727482205568040663e-02
2.422785741541569338e-01 -1.071630705807141565e-01
1.623096575253523133e-01 1.819439243454414046e-02
1.164727732236624791e-01 -8.870572878750149215e-03
2.619789495499679974e-02 4.664289153448895886e-02
