-4.258053818726410533e-01 4.158428729125307477e-03
4.118833581086556173e-01 4.429631944325784776e-01
3.214913808819330754e-01 -3.281647384474759566e-01
2.887599859526449597e-01 9.475697987389231081e-02
-4.554345460076053564e-01 4.442611111465586404e-01
-4.360449475256207297e-01 -3.835209444715966809e-01
3.129864916627459470e-01 -3.405933713196487300e-01
2.641251794161200150e-01 -1.315096917335708548e-01
-4.203427742114688170e-01 -6.464524781118141661e-02
2.692135532162198697e-01 1.058710927884212172e-01
3.269035684763744731e-01 -3.997801575854420530e-01
-4.212841743791613247e-01 -1.482136943119382114e-02
3.098224103542848717e-01 1.857028436626859125e-01
-4.261033524654108118e-01 -6.923258756005733205e-02
-4.439101198534999848e-01 3.315006252652893948e-01
2.986852852091669286e-01 -1.452478157982062812e-01
3.003783909939030661e-01 -3.640582024970483999e-01
-4.371114413977374435e-01 -3.992339769871607325e-01
3.066215658922302190e-01 -2.905933713196487411e-01
3.327008009791171950e-01 -3.926612962317244659e-01
2.792773165902955324e-01 -5.730491377486324894e-02
2.787704481368421527e-01 1.753662137293802159e-01
3.088303856388684987e-01 -3.443617945357115295e-01
3.001781209784324944e-01 -2.696462017649748355e-01
2.963545821438409167e-01 -3.330130995404662619e-01
3.016870804664368855e-01 -3.279351249136741586e-01
2.961630935571620271e-01 2.398066741497888454e-01
2.853546986104010252e-01 -3.054024101944536329e-01
3.813856099108975939e-01 4.151499223315708864e-01
2.707237883856492555e-01 1.230313234289234364e-01
2.849235134010641435e-01 -2.636557983748588629e-01
3.102957940592269703e-01 -2.701533064902578718e-01
2.690451503949870538e-01 1.360955638872589080e-01
2.776858341403607988e-01 1.030155703745175011e-01
2.905986344251565989e-01 -9.375636165440025260e-02
2.696331783239739877e-01 1.362331707170251482e-01
2.954913235213980083e-01 1.944167324657986307e-01
2.591695422214322364e-01 -8.690006810044563490e-02
3.100846164826717155e-01 -2.779351249136741697e-01
2.922319892344293346e-01 5.229734460310565825e-02
2.791575468622101708e-01 6.999016645900027478e-02
2.870475919307207691e-01 -2.235267705486651546e-01
3.881644220434330994e-01 4.015939626824390762e-01
2.551386769441136848e-01 5.033582540428789553e-02
3.004665189898452771e-01 2.143904640058982292e-01
2.902195924813786854e-01 -2.201533064902578829e-01
2.851070245493191324e-01 8.611294063423752254e-02
2.654701364172924460e-01 -4.375636165440024983e-02
2.873014389515889389e-01 -2.728634970340146904e-01
2.851077929100997999e-01 2.257452223371471667e-01
2.967149777999296689e-01 1.611841879701054470e-01
2.568502443581162642e-01 7.597748827867696619e-02
2.636566264871366694e-01 4.518532558607241817e-02
2.683309009343681772e-01 -1.735267705486651657e-01
2.664187870345208764e-01 7.482735291867798066e-02
3.201917288225615832e-01 3.127648918982842141e-01
2.838692731039437755e-01 4.265976113362208999e-02
2.805631377059191189e-01 -2.527064414382682728e-02
2.789383683882557530e-01 -2.370643944901287270e-01
2.707823263266794234e-01 -1.585417999107276710e-01
2.883326279396125624e-01 -1.701533064902578940e-01
2.601496163744015933e-01 6.243638345599752948e-03
3.111722502501108600e-01 2.107742025415720311e-01
2.874867401458142124e-01 -3.887802828379496867e-02
2.904077039589352260e-01 -1.830130995404662952e-01
2.641629996426532734e-01 -1.424812653865390466e-01
2.593037033073798403e-01 5.731801405831388890e-02
2.762065125914894281e-01 1.500562017290479194e-02
2.816336195246497698e-01 -1.236557983748588357e-01
2.900089663944945828e-01 -1.201533064902578912e-01
2.614339197987342045e-01 5.624363834559975572e-02
2.897703284207648333e-01 8.727232968833895099e-02
2.555857678331742155e-01 6.309993189955437343e-02
2.699541262478568626e-01 -1.728634970340147126e-01
2.911387263796249569e-01 1.019920173176998152e-01
2.760828022762252254e-01 6.429635397526820006e-02
2.928630310944894122e-01 2.192132862325946729e-01
2.753464872863622959e-01 -7.850654050410020568e-02
2.919845987333348214e-01 -1.014392857952787219e-01
2.582351743432413915e-01 7.361956826504194307e-03
2.683371434405830702e-01 1.062436383455997585e-01
2.766077048030846641e-01 2.336538435045758949e-02
2.795051498529288470e-01 1.134476524935529723e-01
2.773179266812474397e-01 1.491895588773083925e-01
2.807303634506477796e-01 9.195489069964989104e-02
3.098981019909269330e-01 2.312873826716394243e-01
2.877530016410826952e-01 1.871976237812130461e-01
2.822443440373955115e-01 2.014048031515467407e-01
3.008537162497643691e-01 1.647033586395235116e-01
3.116183978362755957e-01 1.951264552054375601e-01
3.002668430304509806e-01 2.577628198254807712e-01
2.631075386368261215e-01 8.931253145589405917e-02
2.731559279609974134e-01 -4.836656177466306522e-02
2.847233075717387485e-01 8.183921293578898248e-02
2.975318346328849617e-01 2.174764786619322599e-01
2.637351654717922100e-01 5.471975395353725902e-02
2.638875346814876788e-01 1.300043002362120947e-02
2.793425184963724273e-01 1.300367505114995992e-01
2.781077692279889102e-01 4.521586324013945890e-02
2.928353631290558923e-01 1.977362772993752627e-01
3.148142014776255659e-01 2.563281654086531636e-01
2.793150266090247968e-01 1.767933390199190324e-01
-4.284511876548317555e-01 8.495900534140392313e-03
2.606057490202798865e-01 4.562988234268538362e-02
2.957155427447872853e-01 1.398918122726318658e-01
2.777487560968903146e-01 2.099541441857757929e-01
