2.389872840870997939e-01 8.379749016987900201e-02
-4.133480054045359786e-01 -6.426623002621710545e-02
-4.018319062560943844e-01 -2.140077408295443240e-03
-4.141365832355427545e-01 1.879929297590238885e-02
-4.061774895148932418e-01 -5.214007740829544602e-02
-4.050043268059327906e-01 -5.889380890151829639e-02
-4.011918103676932468e-01 -5.522925603517672699e-02
-4.140841987154499915e-01 1.014486028757830005e-02
-4.102876133319819374e-01 -8.130020812220922766e-02
-4.054811701586278905e-01 -8.166410910809387969e-02
-4.084845889499305605e-01 -7.293597212040392463e-02
2.399617410728581146e-01 1.144644764220560523e-01
