-4.407725259163007836e-01 -4.454403774693321827e-01
2.621517991583122154e-01 -4.775129690534588578e-01
3.433193005064243408e-01 6.058660483164979293e-02
-4.307651492778357127e-01 2.210344876182710472e-01
2.376220815991639812e-01 -5.417254785109448800e-02
2.035997561396443167e-01 -1.316418054291670359e-01
2.812721854934204790e-01 -4.142173031810554296e-01
2.181302066048270705e-01 -1.307913551368831140e-01
1.699569390510156097e-01 3.723551788116608030e-02
2.941961131252375239e-01 -8.283841503576627741e-02
-4.230652144569173601e-01 -2.764929800473584498e-01
2.234027351133772710e-01 1.769414747027585610e-01
4.730570118670140989e-01 4.702928931931303902e-01
3.522357301880870706e-01 4.423278883314306631e-01
2.662309715689749057e-01 -3.267845373442158641e-01
3.467585776361820082e-01 2.151767700277806838e-01
-4.415432998904710304e-01 5.808282814380427705e-02
2.293525488766152698e-01 1.802802795849081097e-01
-4.285794512543594781e-01 3.271112671705733721e-02
4.480477511791939316e-01 4.225071293442155262e-01
2.365236930390731684e-01 -4.441365660537011095e-01
-4.181566542425115829e-01 -3.801156571867576606e-01
3.003290132382115951e-01 1.970868830844749731e-01
1.614561035180830384e-01 -4.969038010922643966e-02
2.991677363059961348e-01 -2.603169508243735608e-01
3.602417663778548773e-01 -4.763485229526031040e-01
2.779784849110518152e-01 9.988473016777632552e-04
1.859816528372407740e-01 -2.400824725090275891e-01
2.900648633254045983e-01 -3.974136063128256291e-01
3.242564223284275515e-01 1.096674176029401870e-01
2.386340861028437565e-01 3.397054702407480420e-01
3.199344609685085272e-01 2.806959233066996795e-01
-4.064637452548474639e-01 -2.652390721627072567e-01
2.996023071377256208e-01 -5.000000000000000000e-01
2.628232380486069109e-01 -4.800389445471757166e-01
1.952984566568482794e-01 -2.809529361511426959e-01
-4.361506993816112177e-01 1.805845938062953793e-01
2.282971965329194108e-01 -1.294900592841831122e-01
2.312721854934204901e-01 -3.838090452410495845e-01
2.204409095245565831e-01 -1.225420593731194746e-01
4.230570118670141100e-01 4.473359612532176177e-01
2.404070971612505547e-01 1.909131203231303753e-01
2.716093576815760691e-01 -2.865018565115892146e-01
-4.139922657521156180e-01 -7.933463975356556952e-02
2.612039969514395876e-01 2.217078347657356896e-01
3.387469622712674377e-01 3.339926621839864884e-01
-4.391662004433413702e-01 -1.103556882376895837e-02
4.087274043807571644e-01 4.095971026480449417e-01
2.544048609384312876e-01 -3.941365660537011206e-01
2.996699316857195927e-01 -1.983499433217902896e-02
2.506029115479951885e-01 1.539958273001194866e-01
2.510898327098435856e-01 -2.418257570759309028e-01
3.581053508240693017e-01 -2.983524327792559938e-01
3.235812216716759671e-01 -4.504651809925574457e-01
2.913893492736550073e-01 1.134636522584142604e-02
1.740535151658586244e-01 -1.924584735576775341e-01
2.990379164660577072e-01 -3.869252776734581900e-01
2.767161215479542191e-01 5.966741760294018426e-02
-4.375422969425655229e-01 -5.000000000000000000e-01
-4.404698803596926449e-01 3.824584560751069506e-03
-4.382025257686280040e-01 -4.223748185598814597e-01
2.589473726835787026e-01 2.897054702407480531e-01
2.699344609685085383e-01 2.437139477836394452e-01
3.666645946075254292e-01 -2.607688150713360908e-01
-4.207043854580591602e-01 -3.710113911438102097e-01
3.185502345392936530e-01 -4.831020240099003216e-01
2.633193005064243253e-01 1.545742293691425642e-02
2.505058386871569232e-01 -3.597367366428135815e-01
2.916163596301600269e-01 2.318132716763898205e-01
1.971818533292996334e-01 -1.346493835986104226e-01
2.769467910426271495e-01 1.006361788944315494e-01
2.514966643702490900e-01 -3.251505476393957150e-01
3.378770856815639378e-01 3.423278883314306853e-01
2.216093576815760802e-01 -2.365018565115892257e-01
3.736719323556267347e-01 -3.448143672974703922e-01
2.868008230341141385e-01 1.874807766331802461e-01
2.800946013818399472e-01 2.045838018187099150e-01
3.447393003247185006e-01 3.597684451911679071e-01
-3.932035403939132534e-01 -2.130952687996089806e-02
3.587274043807571755e-01 3.595971026480449528e-01
3.678661738256093217e-01 2.308716137111422873e-01
2.776012392147170771e-01 -3.441365660537011317e-01
2.519906890052358017e-01 2.720695866327101364e-01
2.511014521280368617e-01 -2.413928164571422022e-02
2.164349128808760181e-01 1.039958273001194838e-01
2.036641369137454638e-01 -2.078192643805063244e-01
-4.375010931409894499e-01 3.552953650768223559e-01
3.081053508240693128e-01 -2.646411299315880594e-01
2.850905638758679528e-01 -4.153956171363840100e-01
2.413893492736550184e-01 1.738618616021131782e-02
3.123367439697599113e-01 -3.874769392898787523e-01
2.284176202853659965e-01 9.667417602940181487e-03
-3.994994072515069550e-01 5.131203697620480980e-02
3.886093704621103595e-01 -4.125361045003330673e-01
3.616187821770233124e-01 2.991968027093678262e-01
3.578528429665426835e-01 -2.138075711741823093e-01
3.210915994620437974e-01 -4.331020240099003327e-01
2.448507790660662542e-01 3.885639128835052802e-02
2.685121320166957704e-01 -3.097367366428135926e-01
3.021756757851296049e-01 1.818132716763898316e-01
1.957442002553484994e-01 3.910170252405928415e-02
3.333593523558137095e-01 3.563402683377926983e-01
2.915689040861570436e-01 -2.912120172914366978e-01
3.331756734224807226e-01 -2.948143672974704033e-01
3.251954036706358742e-01 9.143163361890632723e-02
3.336980533850875119e-01 3.583726436950978034e-01
1.667834432452185434e-01 -7.235055544049417975e-02
2.040536865299752423e-01 1.758010980081781416e-01
3.087274043807571866e-01 3.191669288909226854e-01
3.178661738256093328e-01 2.033139888477102919e-01
2.707268519144573893e-01 2.220695866327101475e-01
3.321828165547764389e-01 -6.177248285509243098e-02
2.361266088304270483e-01 3.125188764957194665e-01
2.041322171741885572e-01 -2.144523154385434213e-02
1.866950691145181640e-01 7.013423948812722020e-02
3.260949617318307792e-01 5.946786433183179343e-03
1.798358701712847452e-01 -2.367080841241731570e-01
3.082617358390001283e-01 -6.508386794500947703e-02
2.581053508240693239e-01 -2.146411299315880705e-01
2.583970229271357333e-01 -3.653956171363840211e-01
2.098584560217905126e-01 1.143906062440675636e-02
3.342836187723937091e-01 -1.910374940351611817e-01
2.051291325451466696e-01 -1.192895077090433964e-01
3.245728934290865730e-01 -3.426964050840816678e-02
3.096502952808005693e-01 -3.374769392898787634e-01
1.950644236674917709e-01 -1.404311617676581303e-01
1.784176202853660076e-01 -2.116812045973335762e-02
1.903583366019222511e-01 2.213689500504525121e-01
3.291043165639804813e-01 1.046904839023482525e-01
3.386093704621103706e-01 -3.625361045003330784e-01
1.962046922508500213e-01 1.437139477836394397e-01
3.116187821770233235e-01 2.864913565590143651e-01
3.471330069181765010e-01 -1.983016372577443009e-01
3.097972286219567439e-01 -3.831020240099003438e-01
2.298465934825685564e-01 2.618887196060049397e-02
2.799438971715529356e-01 -8.101474265886866866e-02
2.185121320166957815e-01 -2.597367366428136037e-01
2.093586954865937488e-01 -1.462575752664137529e-01
2.833593523558137206e-01 3.063402683377927094e-01
2.545198647251170065e-01 -2.412120172914367089e-01
2.831756734224807337e-01 -2.448143672974704144e-01
2.044103422552200344e-01 -2.250105488006399757e-01
3.458671365024252320e-01 2.484193373439227970e-02
2.751954036706358853e-01 8.039006339533780188e-02
3.202781510143833388e-01 -1.104452207437437161e-01
2.865525065785952119e-01 2.088554010666699989e-01
2.836980533850875230e-01 3.083726436950978145e-01
2.701153901032405935e-01 1.858291475635820977e-01
2.781811080743884501e-01 -2.441365660537011539e-01
2.821828165547764500e-01 -6.640002049821805419e-02
1.842688928663152315e-01 -3.651862272168311663e-02
3.336784887465651939e-01 -7.158779234952919457e-02
2.760949617318307903e-01 3.924855090748796682e-02
2.611050691665519063e-01 -7.362015348560137229e-02
2.081053508240693350e-01 -1.646411299315880816e-01
2.842836187723937202e-01 -1.410374940351611928e-01
2.745728934290865841e-01 1.440672936116942082e-02
2.886093704621103817e-01 -3.125361045003330895e-01
2.338256297129286954e-01 3.375832195276264325e-01
3.230818838430910001e-01 -1.495287314807997869e-01
3.010156834846673957e-01 -3.435395155378981880e-01
1.798465934825685397e-01 1.856717299996089865e-02
1.939666200017275965e-01 -2.097367366428136148e-01
2.271816812254253415e-01 1.278647333418939103e-01
3.300031036947762564e-01 9.430303829815522842e-02
1.905461561729653308e-01 7.059019903037612453e-02
2.340592507804245548e-01 2.578431365090586569e-01
2.128309427507612539e-01 2.755067406070513814e-01
2.331756734224807448e-01 -1.948143672974704255e-01
1.698971495565318457e-01 6.027826810934638901e-02
2.702781510143833499e-01 -8.971976345084743676e-02
2.365525065785952230e-01 1.621041736403424915e-01
2.336980533850875341e-01 2.583726436950978256e-01
2.132678856601003259e-01 2.191669288909227076e-01
2.321828165547764611e-01 -6.559300125089283229e-02
1.643802289498678681e-01 -4.677345540339203356e-05
2.251286539354639127e-01 -8.332822875923680261e-02
1.663306494018546022e-01 -1.146411299315880788e-01
1.940506075719637957e-01 4.208251863705603224e-02
2.245728934290865952e-01 4.977619963271846110e-02
2.612494074933707222e-01 -2.374769392898787856e-01
3.120830253935842347e-01 -2.289821457763574486e-02
2.369380821345543620e-01 1.209048282411732955e-02
2.386093704621103928e-01 -2.625361045003331006e-01
2.116187821770233457e-01 2.021229156692049833e-01
2.800031036947762675e-01 1.050849973489240696e-01
1.684644804239655014e-01 -1.412120172914367311e-01
1.938939397404248755e-01 -1.448143672974704366e-01
2.458671365024252542e-01 2.701986662362827751e-02
1.751954036706359075e-01 1.098971282292958568e-01
2.202781510143833610e-01 -6.629837395944175593e-02
1.865525065785952341e-01 1.305962230970733329e-01
1.836980533850875452e-01 2.083726436950978367e-01
1.791552676498227026e-01 1.843871310068756764e-01
1.781811080743884723e-01 -1.468538621363271179e-01
2.047498191959530867e-01 -7.976884284536160663e-02
2.336784887465652161e-01 2.395749723013536336e-02
2.157911667453491222e-01 8.723622996831750798e-02
2.238279641330609970e-01 -1.874769392898787967e-01
1.828951881835389204e-01 -1.249034890199935827e-01
1.922801075812911598e-01 -1.061671315833886964e-03
2.575569736364989870e-01 -1.666751874297074942e-01
2.010156834846674179e-01 -2.435395155378982102e-01
1.792734180977912373e-01 1.842787997195867167e-01
1.958671365024252653e-01 6.688810665762937036e-02
1.766201412514537550e-01 -2.009416060086324785e-02
1.738279641330610081e-01 -1.374769392898788078e-01
-4.139179924672903299e-01 -2.200011394415372565e-02
2.291094646571581739e-01 -1.813985028311148329e-01
-4.224592670669058969e-01 2.287177123847466409e-01
1.800031036947762897e-01 1.320605273397317814e-01
1.787851545106238782e-01 1.248606552703626638e-01
1.791094646571581572e-01 -1.667191240364772342e-01
-4.221988084520902906e-01 -4.475677829951033027e-02
-4.331896360995112771e-01 -1.073336086055032140e-01
-4.137301603370693859e-01 -5.437960227999577567e-02
-4.032526736301371706e-01 1.711924499786323384e-01
-3.937025516025554062e-01 5.510465516999681762e-03
-4.114062480083655604e-01 -1.179004499848423232e-01
-4.438542936178587750e-01 2.775895681235290846e-01
-4.107586354743905099e-01 -1.096903562994172715e-01
-4.006260293629366753e-01 -4.403170414435701729e-02
-4.410730798965333821e-01 1.537292989245514496e-01
-4.262804836657889673e-01 2.347543170919772215e-01
-3.982805572479063971e-01 1.114943174407985460e-01
-4.207696809142577044e-01 1.963224899961591580e-02
-4.291727028885070072e-01 1.501434598895875216e-01
-3.967896041731337475e-01 9.469351713510527901e-02
-4.296143369729554795e-01 7.997968163668256469e-02
-4.145085197817343081e-01 1.660580758418085667e-01
-4.300781235362911570e-01 1.571370269346947790e-01
-4.281450963077682581e-01 2.945047192748527776e-01
-4.298853498718788191e-01 -1.759486417917399681e-03
-3.949694447120232210e-01 -5.461613064005867157e-03
-4.422026108372146824e-01 1.586247578694242322e-01
-4.079980218265494285e-01 6.781909201182004243e-02
-4.025580666190733958e-01 2.324344129840215101e-01
-4.187373632088559061e-01 -2.992848091198466870e-02
-4.401744719969844510e-01 4.011588262982716813e-02
-4.051619026389022826e-01 6.017270430610476006e-02
-4.326334032065995983e-01 9.078273741184966772e-02
-4.033755463820086207e-01 1.182486648987971234e-01
-4.043478692073880776e-01 -1.085258995732758108e-01
-4.433528378354079647e-01 -2.368607238414101590e-01
-4.307895406244696135e-01 1.553039537013167215e-01
-4.288287152902653943e-01 5.369712553394524746e-02
-3.957704432484390744e-01 -4.777461355120908582e-02
-4.276943093290298537e-01 3.607885504945250454e-03
-4.371731190200954242e-01 2.158134211295092975e-01
-4.349170184093655300e-01 5.869133599514929356e-02
-4.060053041461113565e-01 1.381102843792317569e-01
-4.324566138302975427e-01 1.270723858032747622e-01
-4.014913084524406872e-01 8.437436584154876795e-02
-4.060731210935490942e-01 -2.563899799171694416e-01
-3.944948174365910942e-01 9.532334557155601462e-02
-4.253962933615151876e-01 9.950477287937242732e-02
-4.182247317372113637e-01 2.052155388041104478e-01
-4.087434385204050669e-01 -5.301205944758639876e-02
-4.035840140198067583e-01 3.798699374275109342e-02
-4.074153572729679040e-01 2.930740819273364856e-02
-4.293555093851258442e-01 1.329556895797197325e-01
-4.140501701250724476e-01 9.596312262455629349e-02
-4.304711360644277174e-01 7.106769358499555322e-02
-4.347007107944243498e-01 8.681235581000661117e-02
-4.422002888722387226e-01 2.170598537856933685e-01
-4.071076378623701419e-01 1.330793660174723336e-01
-4.103954724910076624e-01 8.852718659761843467e-02
-4.368819471299893453e-01 2.654770713846260066e-01
-4.316701345675097445e-01 2.640615987922810826e-01
-4.236778668913141477e-01 5.451705758313728223e-02
-4.291196760380496800e-01 -2.050099824391075909e-02
-4.054524748824388514e-01 1.781105255731026682e-01
-4.053092421874297524e-01 6.201448637042416417e-02
-4.063575548115695435e-01 5.021514990914957566e-02
-4.199194763049569068e-01 1.440127229510770324e-01
-4.210557707836893870e-01 1.249113496639647214e-01
-4.210008363083290739e-01 3.284328954878961704e-01
-4.028579596361666071e-01 8.322265621887305065e-02
-4.357289213610047729e-01 6.571649250377828433e-02
-3.938700521546655842e-01 4.004379280727408258e-02
-4.408387606151621951e-01 4.196031045601671811e-02
1.725776911344799047e-01 8.813765659413688724e-02
-4.266175436872821636e-01 1.260498223410655982e-01
-4.132713528848833695e-01 -9.956207192725920196e-03
-4.073282296333312624e-01 1.580151770357190455e-01
-4.129307858528100117e-01 -5.135023320168761313e-02
2.029157360719376912e-01 6.591820190424091397e-02
1.819929154268637994e-01 1.765584698483730897e-01
2.029342794716296194e-01 1.519469391823219939e-01
-4.260855585258753186e-01 1.462708893122620368e-01
-4.086708113331315451e-01 1.016158266114106645e-01
1.640327381961737274e-01 5.492219517496950421e-02
-3.972987403429871778e-01 1.544307141873124678e-01
2.272177679620249469e-01 2.102805089757548984e-01
1.701577187438197414e-01 -6.743842871855777743e-02
2.482371702443004757e-01 1.881403682426349977e-01
2.071046622531267922e-01 1.944327949946098033e-01
2.529342794716296083e-01 1.774206985315085194e-01
-3.995306015948499323e-01 8.243343344828477082e-02
2.680084113943645985e-01 1.645476830663566425e-01
