3.892915497518983914e-01 -4.658897332881117848e-01
3.656886368747668259e-01 -1.455068298220022482e-01
3.754873840499052262e-01 1.734541329398869847e-01
3.356092809902867513e-01 -7.713349295431704000e-02
-4.422173787026730807e-01 -3.971408578173021287e-01
-4.346034430422813788e-01 -4.588434048411438315e-02
3.955899649726635214e-01 -4.498259534339698051e-01
-4.480320595654384008e-01 -4.357332364143983727e-01
3.156886368747668370e-01 -1.714732190790528299e-01
3.621198787727518686e-01 -9.004948803238714550e-02
3.550004763914345607e-01 1.383610923037202067e-01
3.389988954763512585e-01 -6.818576623786988533e-02
3.554860402073814485e-01 9.228130984514884561e-02
3.527225951409936333e-01 -1.314596503982228826e-01
3.781277215779631495e-01 1.844636170025851785e-01
4.038611937467114221e-01 -4.011405326791757098e-01
3.923812157372909559e-01 -4.618267817945665987e-01
-4.370329380436769884e-01 1.954881851747622967e-01
-4.372739583755389514e-01 9.146026118920201620e-02
3.588557044061045920e-01 -1.739588828519963715e-01
3.150490327730292583e-01 1.170481285986872122e-01
3.527752612635421947e-01 -3.365019950110902380e-01
3.470063363878505003e-01 8.482114792328551700e-02
3.615305443758876081e-01 -2.256068000298780407e-01
3.281277215779631606e-01 1.344636170025851896e-01
3.638611937467114421e-01 -3.681358425830316139e-01
-4.500000000000000111e-01 -3.453535482053032291e-01
3.586265884483289534e-01 -6.888973703097807377e-02
3.356284303768299337e-01 -1.990843926010744669e-01
3.395953632531197308e-01 6.047057846499308276e-02
3.409730502726241452e-01 -2.594169464178048834e-01
3.135513899645223646e-01 -2.050503372748836012e-02
3.134159300857006225e-01 5.545270868894394689e-02
3.444033785424439609e-01 -1.887935190158484544e-01
3.254234643199904187e-01 -1.791485177140930973e-01
3.375024884961199123e-01 -1.814913885595220711e-01
3.467560294500649509e-01 3.482114792328551423e-02
3.257636093129699928e-01 -2.694257303920374325e-01
-4.425687594987241513e-01 -2.527265392180233494e-01
3.166638191511311762e-01 -7.524309082265367987e-02
3.179220987440330992e-01 -8.263861080415404320e-03
3.575158695496960526e-01 1.677331263118630456e-01
3.523406591767805351e-01 1.747599862933804649e-01
3.576869568030223712e-01 -6.916393427590405985e-02
3.192869914916334761e-01 1.177331263118630428e-01
3.158777974480321271e-01 -9.029493677444716537e-02
3.413308586409096179e-01 -1.826429430920725738e-01
3.059305450421074823e-01 6.773312631186304000e-02
-4.452897704419815361e-01 -1.474140676441214048e-01
-4.319932376119884898e-01 -6.249522604329935116e-02
-4.451249958204280821e-01 -2.637677508639433843e-01
-4.400578973926891901e-01 -5.740314123734949203e-02
-4.452389600092215849e-01 -1.448428188104469716e-01
-4.383834855733769187e-01 -9.932427628261911168e-02
-4.387149721836464122e-01 7.292412075023865792e-02
-4.426122098568882057e-01 -1.245054060656936579e-01
-4.404952541123275389e-01 5.788397752634744098e-02
-4.325756362058025273e-01 -4.648095586770981807e-02
-4.416244707083231691e-01 -3.824998367977718861e-01
-4.360484254531438175e-01 -1.068187977498373381e-01
-4.337587885344123539e-01 -6.341148199946722297e-02
-4.356610117103891233e-01 -1.950845511053042325e-01
-4.331379091528190228e-01 -1.058506401441116768e-01
-4.435969648854547476e-01 -1.082284504496055025e-02
-4.447147725957135700e-01 -1.450997941196363883e-01
-4.358631918183444309e-01 -1.490756976735230777e-01
-4.399845489435095236e-01 -2.901785853627877332e-01
