2.066352295342715195e-01 -4.943439387969427723e-01
-3.622567573330955359e-01 1.184078214253843353e-02
-3.847456303574806058e-01 -2.959725151540519572e-02
-3.777907091576245824e-01 -8.112116841096018993e-02
-3.693818206031888041e-01 -2.009408007346220881e-02
-3.841299657883960328e-01 1.118219817476486661e-02
-3.667576011714352435e-01 -6.018408952097104025e-02
-3.741125936042391520e-01 -8.692556192971861995e-02
-3.806898149783153329e-01 -7.834526340243525011e-02
-3.830613244097584857e-01 -3.046362799779894423e-02
-3.695157821969248801e-01 4.386087799392618392e-03
-3.778843869940186062e-01 -1.366706464145070465e-02
-3.757460109999180564e-01 -9.138002119339176665e-02
-3.650115297197620845e-01 -5.605916459809937025e-02
-3.713080414849896371e-01 -9.785125408987310758e-02
