-3.740254100832738349e-01 -2.832390691783104320e-02
-3.685216366945557320e-01 -2.925367594610829569e-02
-4.004807901741828102e-01 -5.907095229671392722e-02
-3.940786331098041773e-01 -3.228496794096274991e-02
-3.680534036255090902e-01 -6.625328480862428815e-02
-3.835664227481257460e-01 -3.288113086889270925e-02
-3.939334094168213674e-01 -5.074224943581465141e-02
-3.746773963247276296e-01 -6.437451551280617967e-02
-3.776169960663469105e-01 -4.052320347071103335e-02
-4.013019239587668485e-01 -6.258137675993659388e-02
-3.966729996464434249e-01 -5.725500277802988980e-02
-3.847866144814603429e-01 -2.965725425222748984e-02
-3.671045866754434339e-01 -5.055061058521276990e-02
-3.943619584699857294e-01 -6.093541055944025342e-02
-4.031648285887889371e-01 -4.345602878668251845e-02
-3.824093897659877062e-01 -4.660937407672760546e-02
-3.839200958309544887e-01 -3.305386630137967935e-02
-4.055771641252333137e-01 -4.999999999999993339e-02
-3.663890551095883019e-01 -4.764191387455952997e-02
-4.030733176194207235e-01 -6.318474390613443292e-02
-4.035752837804961191e-01 -5.402076087600350685e-02
-3.900945446549143880e-01 -6.409358641720461214e-02
-3.699845264519499022e-01 -5.394323207875305337e-02
-3.763481853309095237e-01 -4.594298830954077900e-02
-3.780311758257220434e-01 -5.888833199653349670e-02
-3.833286296228300971e-01 -4.757371813220463708e-02
-3.965579082747554551e-01 -6.983832036389980846e-02
-3.925827762348343963e-01 -4.127462802368828121e-02
-3.945460783336321997e-01 -6.548901816676819254e-02
-3.945253017160351705e-01 -2.361047499861790300e-02
-3.932320714789596106e-01 -7.279372797758823510e-02
-3.705785497476766777e-01 -6.593772543692354160e-02
-3.880604249074838807e-01 -7.563825060677875634e-02
-3.715432669305840374e-01 -3.751797068820626052e-02
-3.652488356772320421e-01 -1.076350970748529701e-01
-3.991792945297576445e-01 -5.289227206083117749e-02
-3.866478212680083959e-01 -3.309432430355933874e-02
-4.026936307563065420e-01 -5.370395918392296963e-02
-3.752624247716634942e-01 -4.220317387101113482e-02
-3.959690673043502196e-01 -6.638504208772734450e-02
-3.773937096963224658e-01 -4.985769626002405086e-02
-3.830824429499229966e-01 -5.817961473512077430e-02
-3.730256515316925925e-01 -6.550910548248280174e-02
-3.790160419259104296e-01 -7.360619599211748465e-02
-3.990819355637462706e-01 -5.101646009425980094e-02
-3.981122813993802079e-01 -3.438425930917070328e-02
-3.811489880869581293e-01 -3.635149315464256126e-02
-3.823289390921557618e-01 -3.414281764361642990e-02
-3.884295038482764584e-01 -7.171118276906333910e-02
-3.935778599981775150e-01 -5.571799893673089893e-02
-3.797599587354699713e-01 -3.400415860458554790e-02
-3.820449012053226956e-01 -3.848449011463418029e-02
-3.783361603104729021e-01 -5.341601419183367172e-02
-3.684378734224523222e-01 -7.490484313965625751e-02
-4.013239368780567307e-01 -4.994262265203123358e-02
-4.061706783910763452e-01 -8.967901381181771214e-02
-3.885478482811371426e-01 -3.070894103684330620e-02
-3.946550694756705835e-01 -1.847322821112119470e-02
-3.954221695558624572e-01 -7.199288863390482240e-02
-4.022564829392014651e-01 -7.025175178370353379e-02
-3.723526373881789753e-01 -3.438778526727255536e-02
-4.002143278993786080e-01 -5.346650603643363781e-02
-3.734873426568692811e-01 -4.200413646233063653e-02
-4.052708702521754525e-01 -5.454455412461110819e-02
-3.840566778675497672e-01 -5.673128239266878731e-02
-3.692259617732915888e-01 -2.307910923218152791e-02
-3.861136135157892668e-01 -6.881175204319142646e-02
-3.747199928524374002e-01 -5.696481342408137721e-02
-3.976148611801763044e-01 -5.047806487930514563e-02
-3.921370351760898321e-01 -3.388751494640486472e-02
-4.041199175423745293e-01 -5.761225085450915467e-02
-3.721696646262641628e-01 -4.554837923857164850e-02
-3.946660815168388514e-01 -4.853845689306257594e-02
-4.022645109905771954e-01 -6.993790573011679501e-02
-3.675248883200730177e-01 -6.706949217203202196e-02
-3.797273115773342478e-01 -7.908616535826888672e-02
-4.053873023777845863e-01 -6.174251412121570942e-02
-4.024579347300761833e-01 -5.021804359737649243e-02
-3.726622116833358533e-01 -5.033789906478686876e-02
-3.970735557435336460e-01 -7.625525783281744685e-02
-3.987265137764649525e-01 -3.069479751062155828e-02
-3.911056384272613151e-01 -5.378214816305790236e-02
-3.988626504753021718e-01 -7.028823387688043489e-02
-3.759061067803938783e-01 -5.135702605371603169e-02
-3.919606460526709468e-01 -4.348727489594277074e-02
-3.858319421857563380e-01 -7.342378438436343580e-02
-4.052567149682536063e-01 -6.101914519558312988e-02
-4.019417444812322660e-01 -7.320108658644892963e-02
-3.876632515350848518e-01 -6.371406950327580809e-02
-3.712607693038987300e-01 -6.273462894775846954e-02
-4.043196151674951500e-01 -4.304530944963284173e-02
-3.676544620878891001e-01 -5.612454897999435977e-02
-3.904849472424767876e-01 -5.215823568073081618e-02
-3.797066062322300706e-01 -7.957213733619175611e-02
-3.810506349707799556e-01 -7.231043189785665848e-02
-3.750239688277509087e-01 -5.226409171711315915e-02
-3.888070739392385788e-01 -5.630403168755417076e-02
-3.956021211109109759e-01 -6.596785553493242360e-02
